0.09314790866695402

0.1452801525592804 0.1788191944360733
0.18685190379619598 0.22333042323589325
0.198332279920578 0.2664862871170044
0.13781695067882538 0.2564382255077362
0.18069446086883545 0.30844244360923767
0.13632862269878387 0.32946568727493286
0.2025766521692276 0.33862149715423584
0.17574630677700043 0.3652518391609192
0.12938015162944794 0.3977910578250885
0.20289812982082367 0.38798606395721436
0.16868886351585388 0.4177398681640625
0.19497449696063995 0.4460408687591553
0.14172185957431793 0.4699406921863556
0.1749579906463623 0.4828386604785919
0.20202335715293884 0.491994708776474
0.17077547311782837 0.5162340998649597
0.11951304227113724 0.5232551097869873
0.1965562403202057 0.5378161668777466
0.16016711294651031 0.5617170929908752
0.1919582486152649 0.572615385055542
0.17459797859191895 0.6005608439445496
0.13109473884105682 0.6011728644371033
0.19138392806053162 0.6179509162902832
0.17268140614032745 0.6350857615470886
0.19194233417510986 0.6554620862007141
0.1358826756477356 0.662006139755249
0.20513762533664703 0.6795439124107361
0.1822088360786438 0.6820921301841736
0.1907069832086563 0.7279027104377747
0.15242916345596313 0.7094104886054993
0.17215731739997864 0.7641737461090088
0.16768869757652283 0.8314472436904907
0.20832480490207672 0.11297212541103363
0.22510935366153717 0.22867536544799805
0.2275848239660263 0.2544509172439575
0.23110124468803406 0.29347658157348633
0.2137814462184906 0.2995867133140564
0.23732084035873413 0.32095950841903687
0.23261551558971405 0.3467387855052948
0.21105317771434784 0.37099689245224
0.23084299266338348 0.37660348415374756
0.22860778868198395 0.4037061333656311
0.19834764301776886 0.4246980547904968
0.21887947618961334 0.4389391839504242
0.23681031167507172 0.45451584458351135
0.21740305423736572 0.46575304865837097
0.22957228124141693 0.48565974831581116
0.23230044543743134 0.5092344284057617
0.20997503399848938 0.5118876099586487
0.21415770053863525 0.5406202077865601
0.21141433715820312 0.5623735189437866
0.23484817147254944 0.5764861106872559
0.20859725773334503 0.5860145688056946
0.2255617380142212 0.6005968451499939
0.21062667667865753 0.6159452795982361
0.2220558077096939 0.6279237866401672
0.203158900141716 0.6406856179237366
0.22584465146064758 0.6461228728294373
0.21869808435440063 0.6673642992973328
0.21578024327754974 0.6984621286392212
0.21354201436042786 0.7186211943626404
0.22850579023361206 0.7311258316040039
0.20747877657413483 0.7567280530929565
0.22040796279907227 0.8003816604614258
0.21900618076324463 0.17940449714660645
0.2482680082321167 0.20037920773029327
0.2524082660675049 0.2473413348197937
0.242045059800148 0.2802187502384186
0.25477030873298645 0.2955585718154907
0.2512963116168976 0.31802597641944885
0.25904470682144165 0.3374171853065491
0.2430666983127594 0.3557779788970947
0.2494066208600998 0.38143014907836914
0.24579037725925446 0.4010394513607025
0.25840094685554504 0.41075217723846436
0.24297557771205902 0.42735832929611206
0.25798603892326355 0.44546541571617126
0.24054770171642303 0.4730047583580017
0.2520785927772522 0.4850403070449829
0.24906650185585022 0.5035399198532104
0.24486298859119415 0.5254074335098267
0.2513958513736725 0.5418251156806946
0.23454107344150543 0.5481666922569275
0.24839399755001068 0.5665650367736816
0.2559632658958435 0.5843018889427185
0.24185685813426971 0.5942327976226807
0.2516874074935913 0.6088841557502747
0.23520590364933014 0.6241011023521423
0.24951471388339996 0.6334373950958252
0.24911640584468842 0.6495420336723328
0.240495502948761 0.6709327697753906
0.23237746953964233 0.6895608305931091
0.25049474835395813 0.7033621072769165
0.24372069537639618 0.7148954272270203
0.2361844778060913 0.752083420753479
0.2530147433280945 0.8497780561447144
0.2721339464187622 0.17171093821525574
0.2580118775367737 0.21987608075141907
0.2702222466468811 0.2546527087688446
0.2620154619216919 0.27969369292259216
0.2680656313896179 0.3071351647377014
0.2758026421070099 0.3280832767486572
0.2719050645828247 0.3515438437461853
0.25598910450935364 0.359051913022995
0.26645606756210327 0.3741249740123749
0.2678201198577881 0.39670202136039734
0.26617616415023804 0.4186840057373047
0.2713092565536499 0.42470231652259827
0.2731635570526123 0.4469727575778961
0.26237601041793823 0.4641258120536804
0.2666440010070801 0.47567957639694214
0.2697252631187439 0.4932165741920471
0.26178088784217834 0.5130683779716492
0.260917067527771 0.5321751832962036
0.2736667990684509 0.5550100207328796
0.26411834359169006 0.56254643201828
0.26472389698028564 0.5779825448989868
0.265733540058136 0.5995058417320251
0.25690409541130066 0.6186040043830872
0.2714990973472595 0.6231173276901245
0.2653593122959137 0.6414843201637268
0.26963967084884644 0.6563397645950317
0.252520889043808 0.6706742644309998
0.26242026686668396 0.6898451447486877
0.2654339671134949 0.7074015140533447
0.2494235336780548 0.7286207675933838
0.2557607591152191 0.7654968500137329
0.264778196811676 0.7974904775619507
0.28092679381370544 0.11944927275180817
0.2763206660747528 0.20511175692081451
0.2764384150505066 0.23193471133708954
0.2784471809864044 0.27524060010910034
0.27610403299331665 0.2860207259654999
0.279942125082016 0.31449541449546814
0.28354412317276 0.3488214313983917
0.28235509991645813 0.36487051844596863
0.2758396863937378 0.3857409358024597
0.27972352504730225 0.3984665274620056
0.27881190180778503 0.4164447486400604
0.2818948030471802 0.4391961991786957
0.2871045470237732 0.45214733481407166
0.2805703282356262 0.4736212491989136
0.2870778739452362 0.4898291826248169
0.2740659713745117 0.4998173117637634
0.27076256275177 0.5150948762893677
0.27148351073265076 0.5363560914993286
0.2826539874076843 0.5440956354141235
0.279441237449646 0.5702492594718933
0.2871618866920471 0.5793358087539673
0.278404176235199 0.5927042365074158
0.273095965385437 0.6094962954521179
0.2866189479827881 0.6279191374778748
0.2794511318206787 0.6369318962097168
0.2780100703239441 0.6532164812088013
0.28415992856025696 0.6694657206535339
0.27252182364463806 0.6772075295448303
0.2808417081832886 0.7012751698493958
0.27461135387420654 0.7202106714248657
0.2652067542076111 0.7428065538406372
0.28185129165649414 0.7785881161689758
0.3024793863296509 0.17586565017700195
0.2978035509586334 0.21650506556034088
0.2906467914581299 0.24763689935207367
0.2944769859313965 0.27216407656669617
0.2799256443977356 0.30238714814186096
0.29075658321380615 0.32321831583976746
0.29468411207199097 0.3353981375694275
0.29406824707984924 0.36146116256713867
0.2901321351528168 0.38175591826438904
0.2914623022079468 0.38945621252059937
0.29619860649108887 0.40810054540634155
0.2918298542499542 0.4279463291168213
0.2979370653629303 0.45950186252593994
0.2907989025115967 0.46983128786087036
0.2987562119960785 0.49725237488746643
0.28952911496162415 0.5039275884628296
0.28274378180503845 0.5210098624229431
0.2910296320915222 0.5323081016540527
0.28634703159332275 0.5527613759040833
0.2927949130535126 0.5664235353469849
0.2978639602661133 0.5805767774581909
0.2927500307559967 0.5996639132499695
0.28255024552345276 0.6015796065330505
0.2989221513271332 0.6213907599449158
0.2954444885253906 0.6445987224578857
0.2908273935317993 0.6594837307929993
0.300416499376297 0.6804157495498657
0.28840652108192444 0.6842498183250427
0.2936173677444458 0.7041884064674377
0.289316326379776 0.7258623242378235
0.2865715026855469 0.7472673654556274
0.3011554479598999 0.8447980880737305
0.3140411078929901 0.13642270863056183
0.30831360816955566 0.2298073172569275
0.3063589930534363 0.257597953081131
0.30021923780441284 0.27936455607414246
0.298615038394928 0.2946060299873352
0.3012380301952362 0.30997371673583984
0.30103641748428345 0.34087589383125305
0.30893081426620483 0.3694498836994171
0.3035134971141815 0.3730381429195404
0.3002772331237793 0.39505577087402344
0.30117982625961304 0.42029935121536255
0.3032388985157013 0.43569251894950867
0.2984354794025421 0.44589757919311523
0.29390591382980347 0.4793298542499542
0.304586261510849 0.4810887575149536
0.29450973868370056 0.508094072341919
0.29612573981285095 0.5201407074928284
0.31076759099960327 0.540777325630188
0.3001929521560669 0.548730194568634
0.3122786581516266 0.5587247014045715
0.3026621341705322 0.5888441801071167
0.31366682052612305 0.5933669805526733
0.30875635147094727 0.6116136908531189
0.306836873292923 0.629725992679596
0.3170863389968872 0.6446250677108765
0.3054463863372803 0.647480845451355
0.3104739487171173 0.6629903316497803
0.31033414602279663 0.693331241607666
0.30807286500930786 0.7021248936653137
0.3012751340866089 0.7164497375488281
0.30127784609794617 0.7388520240783691
0.3058251738548279 0.7752028107643127
0.32507026195526123 0.1938164085149765
0.32896867394447327 0.21080166101455688
0.3184337913990021 0.2462746500968933
0.3175510764122009 0.27562183141708374
0.31284764409065247 0.30641570687294006
0.3113255500793457 0.32608261704444885
0.3196166753768921 0.3345589339733124
0.3043508231639862 0.35438272356987
0.30822113156318665 0.38423895835876465
0.313775897026062 0.4007887542247772
0.3068367838859558 0.4124602973461151
0.31583553552627563 0.4414132833480835
0.30931374430656433 0.45273301005363464
0.30506986379623413 0.46347013115882874
0.32062751054763794 0.4804064631462097
0.3155311942100525 0.5027225017547607
0.31197845935821533 0.5166099071502686
0.317142128944397 0.5377556681632996
0.323219895362854 0.5549182891845703
0.31614038348197937 0.5705981850624084
0.33864453434944153 0.5832042098045349
0.32499372959136963 0.6085429787635803
0.320444256067276 0.6242353916168213
0.33132728934288025 0.6177061200141907
0.3254511058330536 0.6392460465431213
0.32905837893486023 0.6520172953605652
0.31787601113319397 0.6731270551681519
0.32400697469711304 0.6894238591194153
0.3305436968803406 0.7039428949356079
0.3180801570415497 0.7189944982528687
0.3202230930328369 0.7531168460845947
0.32865235209465027 0.8012482523918152
0.34188586473464966 0.17212644219398499
0.3541560471057892 0.2323685884475708
0.32782331109046936 0.23590877652168274
0.32117968797683716 0.26377299427986145
0.32330644130706787 0.30093076825141907
0.3254399299621582 0.3196321427822113
0.32313627004623413 0.34331539273262024
0.3216857612133026 0.35772019624710083
0.3186197876930237 0.37440741062164307
0.3234189450740814 0.39516735076904297
0.3134584426879883 0.42484861612319946
0.3191216289997101 0.4308469891548157
0.3270571827888489 0.4568670988082886
0.3170225918292999 0.46757400035858154
0.3048352003097534 0.4940350651741028
0.3235582411289215 0.5101720094680786
0.32571226358413696 0.528614342212677
0.3297732174396515 0.5425447225570679
0.3375709354877472 0.5488158464431763
0.331104040145874 0.5697591304779053
0.3236660063266754 0.591126024723053
0.35177820920944214 0.5961707830429077
0.3315795063972473 0.5997260212898254
0.3349415957927704 0.6322654485702515
0.34332630038261414 0.6447055339813232
0.344835102558136 0.6593371629714966
0.3356994688510895 0.6667927503585815
0.3354509174823761 0.6811041831970215
0.34321534633636475 0.6938520669937134
0.33039620518684387 0.7312287092208862
0.3401511609554291 0.747925877571106
0.33482128381729126 0.7764224410057068
0.34887945652008057 0.14823424816131592
0.353837788105011 0.21060152351856232
0.3461689352989197 0.26129549741744995
0.3356424868106842 0.2738950550556183
0.33848118782043457 0.2863530218601227
0.33792322874069214 0.30858084559440613
0.3307358920574188 0.3293314278125763
0.32902899384498596 0.36451467871665955
0.3298411965370178 0.37939566373825073
0.3319380283355713 0.4064304232597351
0.3228890597820282 0.41602396965026855
0.33459749817848206 0.43416154384613037
0.33684802055358887 0.45653942227363586
0.3389543890953064 0.48114049434661865
0.3294133245944977 0.49949389696121216
0.3347455561161041 0.5036619901657104
0.34089863300323486 0.5217760801315308
0.3464337885379791 0.5398416519165039
0.34579992294311523 0.5601919889450073
0.35314610600471497 0.5690873265266418
0.3517164885997772 0.5783169269561768
0.360481858253479 0.6127454042434692
0.3468877077102661 0.6222038269042969
0.3594284951686859 0.6243740916252136
0.3552802503108978 0.6414268612861633
0.36665645241737366 0.6647074818611145
0.35107043385505676 0.6750496625900269
0.3565869927406311 0.6847188472747803
0.33975669741630554 0.7121679782867432
0.3526074290275574 0.7283715605735779
0.35908177495002747 0.7663639187812805
0.3555000424385071 0.839095950126648
0.3829111158847809 0.14807100594043732
0.3611459732055664 0.1855870634317398
0.3619733154773712 0.24841095507144928
0.36429333686828613 0.27176806330680847
0.3536621928215027 0.29096776247024536
0.34479984641075134 0.3138810396194458
0.353498637676239 0.3283121585845947
0.3430013954639435 0.34941303730010986
0.35175561904907227 0.3658592104911804
0.3408496379852295 0.393039345741272
0.3449849486351013 0.42098569869995117
0.3628144860267639 0.440273642539978
0.3481549620628357 0.4499870538711548
0.34945061802864075 0.47377893328666687
0.36221155524253845 0.4893840551376343
0.3627883195877075 0.516814649105072
0.359760582447052 0.5275433659553528
0.3642829954624176 0.5452309846878052
0.3745711147785187 0.5551090240478516
0.3702704906463623 0.5766061544418335
0.3649507462978363 0.5914005041122437
0.3711206018924713 0.6007142663002014
0.3849691152572632 0.6144241094589233
0.37376290559768677 0.6322142481803894
0.3608572781085968 0.6346133947372437
0.36439064145088196 0.6538587212562561
0.3752017319202423 0.6757184863090515
0.3716999590396881 0.6857843399047852
0.3661925494670868 0.6964320540428162
0.35883817076683044 0.7145506739616394
0.37006551027297974 0.744537889957428
0.36694997549057007 0.8059704899787903
0.36482924222946167 0.10354503244161606
0.3766304552555084 0.21271340548992157
0.37515851855278015 0.22802847623825073
0.3799419105052948 0.2521705627441406
0.3678586184978485 0.29660099744796753
0.36669376492500305 0.32234272360801697
0.3609587252140045 0.3381175398826599
0.3569033145904541 0.3523973226547241
0.363632470369339 0.3869539201259613
0.35021963715553284 0.4012281596660614
0.35924601554870605 0.4053971469402313
0.36752092838287354 0.4238869547843933
0.365772545337677 0.4657675623893738
0.3809864819049835 0.482816606760025
0.3725709915161133 0.4971693456172943
0.38598427176475525 0.5131677985191345
0.3801436126232147 0.5281084775924683
0.38335028290748596 0.5408242344856262
0.3918863832950592 0.5602026581764221
0.3848259747028351 0.5851873159408569
0.3912823796272278 0.5935390591621399
0.38753363490104675 0.605721116065979
0.38792797923088074 0.6303707361221313
0.39505261182785034 0.640745997428894
0.3760475814342499 0.6382114887237549
0.3810955882072449 0.6525740623474121
0.3850664496421814 0.663711428642273
0.38852065801620483 0.683087170124054
0.383441686630249 0.7017578482627869
0.3750174343585968 0.7165930271148682
0.3872998356819153 0.7687572240829468
0.3980786204338074 0.8083436489105225
0.3951474130153656 0.17652688920497894
0.38450026512145996 0.19434340298175812
0.39476048946380615 0.2405511885881424
0.38329017162323 0.27430570125579834
0.37961888313293457 0.2926906943321228
0.3889632225036621 0.3137389123439789
0.38112497329711914 0.34174811840057373
0.37510910630226135 0.361637145280838
0.3793693780899048 0.37859076261520386
0.37653663754463196 0.3924925923347473
0.37575435638427734 0.4117032587528229
0.3858059346675873 0.4492683708667755
0.37882333993911743 0.4646824598312378
0.39467042684555054 0.4766809642314911
0.3993239402770996 0.5046558976173401
0.40022608637809753 0.5225034952163696
0.41196200251579285 0.5363183617591858
0.4078785479068756 0.5514730215072632
0.41013357043266296 0.568328857421875
0.4025133550167084 0.5847748517990112
0.40692824125289917 0.600158154964447
0.4022572934627533 0.6081538200378418
0.40009304881095886 0.6239988803863525
0.41489261388778687 0.6304774284362793
0.40278562903404236 0.6484634280204773
0.4032301604747772 0.6575005650520325
0.41112619638442993 0.6644367575645447
0.399886816740036 0.6697391867637634
0.39489883184432983 0.689894437789917
0.39763784408569336 0.727573037147522
0.389704167842865 0.744596540927887
0.4088766872882843 0.7804675102233887
0.415140837430954 0.16459806263446808
0.40618494153022766 0.20340991020202637
0.430203378200531 0.24859721958637238
0.3980499804019928 0.2570765018463135
0.40522924065589905 0.28322821855545044
0.40522634983062744 0.30762553215026855
0.39630836248397827 0.3258466124534607
0.3901417851448059 0.34959349036216736
0.3934379518032074 0.3772909939289093
0.3943138122558594 0.3993159830570221
0.40036898851394653 0.4233815670013428
0.3828391432762146 0.4266548752784729
0.4023997485637665 0.45704394578933716
0.40989020466804504 0.46860530972480774
0.414716511964798 0.4938090741634369
0.42718446254730225 0.5177688598632812
0.4370903968811035 0.5475195050239563
0.4236134886741638 0.5531017780303955
0.4346142113208771 0.5652787685394287
0.42462900280952454 0.5832976698875427
0.42785993218421936 0.5981607437133789
0.42088231444358826 0.6108815670013428
0.4137129485607147 0.62193763256073
0.4304150342941284 0.6259722709655762
0.42313775420188904 0.640527069568634
0.42596200108528137 0.6533489227294922
0.4244101047515869 0.6715413928031921
0.4131515920162201 0.6881024241447449
0.40736663341522217 0.7062714099884033
0.42481178045272827 0.7144465446472168
0.4166026711463928 0.737116277217865
0.4159570038318634 0.873091459274292
0.41073501110076904 0.12990736961364746
0.4293297231197357 0.18967735767364502
0.408725380897522 0.22653785347938538
0.4209611117839813 0.2674259841442108
0.41573894023895264 0.2932535409927368
0.42530351877212524 0.3125115931034088
0.40756067633628845 0.33949753642082214
0.41458988189697266 0.3537713587284088
0.4099224805831909 0.36619216203689575
0.4221910536289215 0.3952338695526123
0.41645708680152893 0.41897663474082947
0.42389988899230957 0.44354119896888733
0.4338829219341278 0.46262964606285095
0.4427647292613983 0.4777756631374359
0.4330578148365021 0.5022932887077332
0.4515898525714874 0.5300036072731018
0.4596335291862488 0.5531240701675415
0.4437112808227539 0.5604203343391418
0.45389604568481445 0.5714853405952454
0.44582849740982056 0.5855947732925415
0.45241883397102356 0.6007760167121887
0.4433996081352234 0.6059148907661438
0.43032386898994446 0.6166574954986572
0.450013667345047 0.6246956586837769
0.4499478340148926 0.6379172205924988
0.438884973526001 0.6412456631660461
0.43521803617477417 0.6579791307449341
0.4420594573020935 0.680587887763977
0.4300915002822876 0.6935185194015503
0.43988877534866333 0.7470518350601196
0.4272191524505615 0.7637928128242493
0.4371551275253296 0.8153621554374695
0.44648340344429016 0.10070677846670151
0.4470731317996979 0.17197024822235107
0.4291004240512848 0.2182052731513977
0.4507065713405609 0.2541889250278473
0.4448769688606262 0.2762053906917572
0.4524339437484741 0.29741474986076355
0.4370477795600891 0.32907480001449585
0.4459489583969116 0.35911786556243896
0.44635626673698425 0.3873066306114197
0.44537514448165894 0.41347813606262207
0.44880184531211853 0.43204617500305176
0.46792301535606384 0.4510360360145569
0.46220386028289795 0.4737348258495331
0.45996201038360596 0.4924013018608093
0.4652378559112549 0.5127238035202026
0.48063182830810547 0.5343685150146484
0.47538021206855774 0.5516231060028076
0.4877251982688904 0.5567765235900879
0.46872302889823914 0.570906937122345
0.476348340511322 0.5822986364364624
0.46647095680236816 0.5921097993850708
0.4702271521091461 0.6083409786224365
0.45785650610923767 0.6140515804290771
0.4668685495853424 0.6239349246025085
0.4634607434272766 0.6359933614730835
0.45388513803482056 0.6456319093704224
0.45392078161239624 0.6611860394477844
0.45755574107170105 0.6748598217964172
0.4441477358341217 0.7028414607048035
0.44548094272613525 0.7176110744476318
0.4614417850971222 0.7712162733078003
0.45162150263786316 0.7859563827514648
0.4560835361480713 0.15242038667201996
0.46472349762916565 0.2002343386411667
0.45223990082740784 0.2323329746723175
0.4764305055141449 0.24248020350933075
0.4724836051464081 0.2760426104068756
0.46356892585754395 0.3142133951187134
0.48023203015327454 0.34458813071250916
0.48806649446487427 0.3696621358394623
0.46590185165405273 0.37625405192375183
0.46953293681144714 0.4001885950565338
0.48247021436691284 0.4255928099155426
0.4920298159122467 0.44825831055641174
0.48892396688461304 0.46776896715164185
0.5020947456359863 0.49434447288513184
0.48330777883529663 0.4997977018356323
0.4966312646865845 0.5207311511039734
0.5049880743026733 0.541411280632019
0.5028653144836426 0.5635144114494324
0.4840613901615143 0.566658616065979
0.48789510130882263 0.576589822769165
0.496311217546463 0.5867576599121094
0.5019657611846924 0.6001788973808289
0.4853828251361847 0.6084294319152832
0.47996705770492554 0.619422197341919
0.48857957124710083 0.6272820234298706
0.4805731773376465 0.6392059922218323
0.47189879417419434 0.6517999768257141
0.47278180718421936 0.6701672077178955
0.46730390191078186 0.6900224685668945
0.4748488962650299 0.7034540176391602
0.4609314203262329 0.7414477467536926
0.4675886332988739 0.8362107872962952
0.5125218629837036 0.09934286773204803
0.48273447155952454 0.21508723497390747
0.5178637504577637 0.24539779126644135
0.4911498427391052 0.26411736011505127
0.484862357378006 0.29842180013656616
0.49870917201042175 0.3225710690021515
0.5070110559463501 0.34646740555763245
0.5159363746643066 0.3688505291938782
0.4910293221473694 0.39531710743904114
0.5076900124549866 0.4066086709499359
0.5069040656089783 0.43384748697280884
0.5171436667442322 0.4594285786151886
0.519527018070221 0.47419822216033936
0.5282186269760132 0.5007550120353699
0.513863742351532 0.5212874412536621
0.5419110059738159 0.5246239304542542
0.5242133140563965 0.5362957715988159
0.5195063352584839 0.5486720204353333
0.5325408577919006 0.560671329498291
0.5186203122138977 0.5694674253463745
0.5184885263442993 0.5806785821914673
0.5101839303970337 0.5922966003417969
0.5131524205207825 0.6007473468780518
0.5054258108139038 0.6089491248130798
0.5061595439910889 0.619429349899292
0.5006937384605408 0.6347070932388306
0.49014413356781006 0.649603009223938
0.4948468506336212 0.6673686504364014
0.48527851700782776 0.6823520660400391
0.48911094665527344 0.7260900139808655
0.47586584091186523 0.7548474669456482
0.4992449879646301 0.784982442855835
0.5008198618888855 0.16125380992889404
0.4909655451774597 0.1857338696718216
0.5048631429672241 0.2259598672389984
0.525677502155304 0.2708972692489624
0.5118764638900757 0.29169222712516785
0.5253125429153442 0.3108121156692505
0.5312760472297668 0.33183377981185913
0.5425434708595276 0.3553045392036438
0.5286260843276978 0.38904255628585815
0.5340170860290527 0.41873297095298767
0.55022132396698 0.42622601985931396
0.5383375883102417 0.4527251422405243
0.5438401699066162 0.4824388325214386
0.570130467414856 0.4886196553707123
0.5593835115432739 0.5110902190208435
0.5736711025238037 0.5282620191574097
0.548988938331604 0.5350528359413147
0.5376328229904175 0.5451633334159851
0.5532323718070984 0.5703262686729431
0.5465444922447205 0.5780283808708191
0.5365810990333557 0.5842523574829102
0.5254119634628296 0.5961994528770447
0.5343533754348755 0.6077104210853577
0.5276643633842468 0.6104498505592346
0.5229090452194214 0.6269248127937317
0.5112542510032654 0.6388337016105652
0.509101390838623 0.6515554785728455
0.5162099003791809 0.6741906404495239
0.5043941140174866 0.6912460327148438
0.498716801404953 0.7123512625694275
0.5052120685577393 0.7493762373924255
0.5063297748565674 0.8128321170806885
0.5393502116203308 0.1539100706577301
0.5283145904541016 0.20035183429718018
0.5405603647232056 0.2264576107263565
0.5559841990470886 0.26093006134033203
0.5492148399353027 0.29039543867111206
0.5575234889984131 0.3211345970630646
0.5599899888038635 0.34495916962623596
0.5598143339157104 0.3760410249233246
0.5540944933891296 0.402802973985672
0.5752612352371216 0.42645448446273804
0.5921818017959595 0.441331148147583
0.5590764284133911 0.4546700119972229
0.574167013168335 0.47089970111846924
0.5905548930168152 0.5013288259506226
0.5809754729270935 0.5118415355682373
0.5870330333709717 0.5296509861946106
0.5795637965202332 0.545377790927887
0.5620676875114441 0.547059953212738
0.5681276321411133 0.5572521090507507
0.5667105317115784 0.5716810822486877
0.5612472891807556 0.5851624608039856
0.5525009036064148 0.5895236730575562
0.5452408790588379 0.6009369492530823
0.5547478795051575 0.6091411709785461
0.5469571352005005 0.6185058951377869
0.5404672026634216 0.6336749792098999
0.5361740589141846 0.6483601331710815
0.5225493907928467 0.6587225794792175
0.5309150218963623 0.6840011477470398
0.5185036063194275 0.7233092784881592
0.5253525376319885 0.7623888254165649
0.5150087475776672 0.8689733743667603
0.5685365796089172 0.11996451020240784
0.55744469165802 0.19161051511764526
0.5708008408546448 0.23916251957416534
0.5735988616943359 0.2808760404586792
0.5733330845832825 0.3032141327857971
0.5818623900413513 0.33941739797592163
0.5946306586265564 0.35933879017829895
0.5850866436958313 0.37827539443969727
0.5873333811759949 0.4004914164543152
0.6110051274299622 0.4102787375450134
0.618230938911438 0.4361376166343689
0.5989919304847717 0.4590117633342743
0.615706741809845 0.4815661907196045
0.6113566756248474 0.5003584623336792
0.6063550114631653 0.5132977366447449
0.615062415599823 0.5240157246589661
0.5993121862411499 0.5382367968559265
0.5950680375099182 0.5540739297866821
0.5834065675735474 0.56081223487854
0.5912014245986938 0.5657239556312561
0.5793283581733704 0.5807730555534363
0.5821041464805603 0.5909109115600586
0.5751878023147583 0.5937145948410034
0.5659302473068237 0.6009517312049866
0.5621486902236938 0.6192039251327515
0.5572980642318726 0.6312792301177979
0.5552466511726379 0.643271803855896
0.5432345271110535 0.6665383577346802
0.5478560924530029 0.6838920712471008
0.5329688191413879 0.705670177936554
0.547757625579834 0.7270298600196838
0.5394470691680908 0.7869252562522888
0.5792533755302429 0.1602896898984909
0.5871139168739319 0.20857742428779602
0.6009194254875183 0.24621492624282837
0.5965890884399414 0.2733750641345978
0.6017399430274963 0.3029229938983917
0.6114677786827087 0.33175843954086304
0.6181745529174805 0.36429563164711
0.6310332417488098 0.39171260595321655
0.6399663090705872 0.41958507895469666
0.6538389921188354 0.4373227059841156
0.6243851780891418 0.45477917790412903
0.6461008191108704 0.4609450399875641
0.634557843208313 0.48111778497695923
0.6469396352767944 0.49968403577804565
0.6418194770812988 0.5109041333198547
0.6321980357170105 0.5215645432472229
0.6279174089431763 0.5317432880401611
0.6330184936523438 0.5415297746658325
0.616457462310791 0.5452515482902527
0.610919177532196 0.5573305487632751
0.6096722483634949 0.5636367797851562
0.6048983931541443 0.570936918258667
0.6007368564605713 0.5851126313209534
0.5893061757087708 0.6022536158561707
0.5862805843353271 0.6126298308372498
0.5798547267913818 0.6266450881958008
0.5742067694664001 0.6349788904190063
0.5680902004241943 0.6586508750915527
0.569337785243988 0.6713246703147888
0.5560379028320312 0.7046082019805908
0.5477815270423889 0.7463105916976929
0.5711846351623535 0.772513747215271
0.6175426840782166 0.122344970703125
0.6191172003746033 0.20287054777145386
0.62586510181427 0.2387876659631729
0.6312883496284485 0.27932286262512207
0.6422178745269775 0.31032416224479675
0.6503233313560486 0.33260706067085266
0.6407002210617065 0.35643595457077026
0.6709387302398682 0.3825749158859253
0.6691210269927979 0.40796226263046265
0.6788090467453003 0.42890465259552
0.6843208074569702 0.44404706358909607
0.6675702333450317 0.4645950496196747
0.6741949915885925 0.4809747040271759
0.6756312251091003 0.4926193058490753
0.6650457382202148 0.5079213380813599
0.657752513885498 0.5189575552940369
0.6498497724533081 0.5304937362670898
0.6497295498847961 0.5373149514198303
0.6442558765411377 0.5424202680587769
0.6361885666847229 0.5524542331695557
0.623776912689209 0.5665107369422913
0.6278676390647888 0.5765985250473022
0.617338240146637 0.5844956040382385
0.6137793064117432 0.5958927869796753
0.6110968589782715 0.6081358790397644
0.6021705865859985 0.615109920501709
0.5950336456298828 0.6282181739807129
0.5875280499458313 0.6462727785110474
0.5798222422599792 0.6919328570365906
0.5901039242744446 0.7097406983375549
0.5830436944961548 0.7375198602676392
0.563197135925293 0.8343156576156616
0.6498542428016663 0.16861902177333832
0.6636624932289124 0.207415372133255
0.661481499671936 0.26969289779663086
0.6696403622627258 0.2962518036365509
0.6860311627388 0.3220125436782837
0.6716684699058533 0.3494598865509033
0.7002488374710083 0.35711169242858887
0.6942977905273438 0.40429821610450745
0.7135995626449585 0.41401711106300354
0.7180474400520325 0.4320841431617737
0.705793559551239 0.45774391293525696
0.6995556354522705 0.4777020514011383
0.7073370814323425 0.4790012836456299
0.6976734399795532 0.4922041594982147
0.6883330941200256 0.4958828091621399
0.6800405979156494 0.5091021060943604
0.6788181066513062 0.5202581882476807
0.6668708324432373 0.5307890176773071
0.6727345585823059 0.5348859429359436
0.6583309769630432 0.5463690757751465
0.6597034335136414 0.5587019324302673
0.6467811465263367 0.5670938491821289
0.6444206237792969 0.5779981017112732
0.6362625956535339 0.5889648199081421
0.6297687292098999 0.6056649684906006
0.6256533265113831 0.619669497013092
0.6143682599067688 0.6378625631332397
0.6070271730422974 0.6526178121566772
0.5994130969047546 0.6656056046485901
0.5926490426063538 0.6838876605033875
0.6085487604141235 0.7290564775466919
0.610724151134491 0.8785884380340576
0.6858123540878296 0.12314889580011368
0.6822506785392761 0.239363431930542
0.7092968821525574 0.27152019739151
0.7187893986701965 0.3130425214767456
0.7337319254875183 0.3406093418598175
0.73624587059021 0.3687289357185364
0.7351735830307007 0.38867220282554626
0.7070321440696716 0.3783751130104065
0.7421413660049438 0.42186543345451355
0.7523233890533447 0.43426573276519775
0.72647625207901 0.4522005319595337
0.7420597672462463 0.45942598581314087
0.7329025268554688 0.47060471773147583
0.7250288724899292 0.4921104311943054
0.7186211347579956 0.5022903084754944
0.7113215327262878 0.5054196715354919
0.7055777311325073 0.5149744153022766
0.6966813206672668 0.5240915417671204
0.6921538710594177 0.5301635265350342
0.6853452920913696 0.5381251573562622
0.6775816679000854 0.5534798502922058
0.6650401949882507 0.5706071257591248
0.6546642780303955 0.5810936093330383
0.6740431785583496 0.586267352104187
0.6512672305107117 0.5985320210456848
0.6472813487052917 0.6158884763717651
0.637121856212616 0.6291331648826599
0.6314671635627747 0.6483786106109619
0.6234820485115051 0.6738988757133484
0.6165452003479004 0.6961513757705688
0.622761070728302 0.7619963884353638
0.5891695022583008 0.7948668599128723
0.7147462368011475 0.1850077509880066
0.7180253267288208 0.23079590499401093
0.753278911113739 0.2888070046901703
0.7554037570953369 0.3204575181007385
0.7704141139984131 0.34776726365089417
0.77225661277771 0.3649498522281647
0.7603222727775574 0.3932940363883972
0.7797361612319946 0.4077603220939636
0.756095290184021 0.41103219985961914
0.7722509503364563 0.4254966676235199
0.7685738205909729 0.44015610218048096
0.7608951330184937 0.4593658447265625
0.7555604577064514 0.471988707780838
0.7447066903114319 0.483671635389328
0.7500249743461609 0.49004170298576355
0.7397025227546692 0.4981096088886261
0.7334387302398682 0.5066651701927185
0.7232998609542847 0.5150743126869202
0.714065670967102 0.5256601572036743
0.7050685286521912 0.5327104926109314
0.7017788887023926 0.5442303419113159
0.6993157267570496 0.5503782033920288
0.6858153939247131 0.5563620328903198
0.6804674863815308 0.5707545280456543
0.6898297071456909 0.5876570343971252
0.6698850393295288 0.6051365733146667
0.6603753566741943 0.6211603283882141
0.6642314791679382 0.642360270023346
0.6547079682350159 0.6576626896858215
0.6427963972091675 0.6887718439102173
0.6386549472808838 0.7204134464263916
0.6410501003265381 0.7989119291305542
0.7752041220664978 0.13719581067562103
0.7603940963745117 0.25541725754737854
0.8102470636367798 0.28594478964805603
0.7861610054969788 0.31797340512275696
0.8016059398651123 0.34003889560699463
0.7936125993728638 0.36557745933532715
0.785250723361969 0.38758745789527893
0.8036326766014099 0.4037422835826874
0.8037048578262329 0.4166158139705658
0.7916185259819031 0.4287945330142975
0.7895575165748596 0.4448975622653961
0.7810001373291016 0.4608484208583832
0.7853209376335144 0.4680633544921875
0.7730322480201721 0.47655752301216125
0.7688894867897034 0.4879370927810669
0.762546718120575 0.496837317943573
0.752743124961853 0.5050573945045471
0.7471387982368469 0.5117214322090149
0.7419519424438477 0.5183964967727661
0.7378280162811279 0.5305538773536682
0.7206657528877258 0.5391116142272949
0.7306303977966309 0.5414102077484131
0.7153310179710388 0.5551559925079346
0.706838846206665 0.568938136100769
0.7116656303405762 0.5823288559913635
0.6967912316322327 0.5993083119392395
0.6881527900695801 0.616617739200592
0.6889127492904663 0.6358931064605713
0.6852397322654724 0.6567409038543701
0.67570960521698 0.6773155927658081
0.6618963479995728 0.7462853789329529
0.6880132555961609 0.7678605914115906
0.771079421043396 0.2141573578119278
0.8097065687179565 0.25467538833618164
0.8193824887275696 0.3098711371421814
0.8267094492912292 0.3293878734111786
0.8252601623535156 0.3515304625034332
0.8385589122772217 0.36593687534332275
0.8171279430389404 0.3774639666080475
0.825390636920929 0.39618363976478577
0.828041672706604 0.40863555669784546
0.8410232067108154 0.43116334080696106
0.8177974820137024 0.424302875995636
0.8092166781425476 0.45281389355659485
0.8150861859321594 0.46209225058555603
0.8002569675445557 0.46466439962387085
0.8001795411109924 0.478052020072937
0.7911385297775269 0.48519018292427063
0.7957761287689209 0.5003010630607605
0.7732120752334595 0.5067546367645264
0.7789217829704285 0.514839231967926
0.7676858901977539 0.520072877407074
0.7519589066505432 0.5255029797554016
0.7580223679542542 0.5388457775115967
0.7322914600372314 0.5622175931930542
0.7448476552963257 0.5611166954040527
0.7376509308815002 0.5749478936195374
0.7325044870376587 0.5918848514556885
0.7197150588035583 0.6108709573745728
0.7124247550964355 0.6338261961936951
0.7164402604103088 0.6628206968307495
0.7027087807655334 0.6822519302368164
0.6655939221382141 0.7100876569747925
0.6813987493515015 0.8382225632667542
0.821830153465271 0.19919785857200623
0.8465836048126221 0.2469114363193512
0.8344125151634216 0.2882300317287445
0.8506463170051575 0.31827792525291443
0.8589359521865845 0.34309911727905273
0.8536369800567627 0.3737701177597046
0.8580886721611023 0.39282506704330444
0.8331886529922485 0.3948045074939728
0.8568400144577026 0.40595003962516785
0.8514047861099243 0.42092522978782654
0.8561816811561584 0.4431168735027313
0.8295372724533081 0.4466971755027771
0.8496684432029724 0.4514174461364746
0.8384332656860352 0.4600369334220886
0.8203573822975159 0.47097641229629517
0.8241363763809204 0.4775034785270691
0.803784191608429 0.4853415787220001
0.8158826231956482 0.48977622389793396
0.8082210421562195 0.5023486614227295
0.7975863218307495 0.5165368914604187
0.7816260457038879 0.5226154327392578
0.7771806716918945 0.5324991941452026
0.7840046286582947 0.5471858978271484
0.7623174786567688 0.549424946308136
0.7743927836418152 0.5648211240768433
0.7595787644386292 0.5809842944145203
0.7504862546920776 0.6017106771469116
0.7401777505874634 0.6284428238868713
0.74834144115448 0.6588892936706543
0.7355725765228271 0.6877172589302063
0.7041390538215637 0.723625123500824
0.7241138815879822 0.775639533996582
0.8638659715652466 0.16847357153892517
0.8637567162513733 0.2732838988304138
0.8735117316246033 0.29956158995628357
0.8834598660469055 0.3116914927959442
0.8893294334411621 0.33924561738967896
0.8694493174552917 0.35634222626686096
0.8799533247947693 0.36869800090789795
0.8776569962501526 0.385751873254776
0.8915263414382935 0.4165184497833252
0.8697232007980347 0.416092187166214
0.8797274827957153 0.42727142572402954
0.8733805418014526 0.43561500310897827
0.8666822910308838 0.45556241273880005
0.8621002435684204 0.4646843373775482
0.8603958487510681 0.4738750755786896
0.8427291512489319 0.4764980673789978
0.8475781083106995 0.48880812525749207
0.8291104435920715 0.4940735995769501
0.8374044895172119 0.5049728155136108
0.8206378817558289 0.5112355351448059
0.8243035674095154 0.5248321294784546
0.8024445176124573 0.5334488153457642
0.8143298029899597 0.5366089940071106
0.8094653487205505 0.5629417896270752
0.7892411351203918 0.5606238842010498
0.8033978343009949 0.5805143713951111
0.7918816804885864 0.5901684761047363
0.7678018808364868 0.6160814166069031
0.7692733407020569 0.6384604573249817
0.7879464030265808 0.6772685050964355
0.7547913193702698 0.7146685123443604
0.7611416578292847 0.8300977349281311
0.8852745294570923 0.24692663550376892
0.9001746773719788 0.28724297881126404
0.9198727607727051 0.3058469593524933
0.9071109294891357 0.3278074264526367
0.8950520753860474 0.3532143831253052
0.9183944463729858 0.3599225878715515
0.9001451134681702 0.3738625943660736
0.9031028151512146 0.3936080038547516
0.8858779668807983 0.4006052017211914
0.908916175365448 0.4094020128250122
0.8994311094284058 0.4371245801448822
0.8937777876853943 0.4493035674095154
0.9154478311538696 0.43992993235588074
0.9026252031326294 0.45791664719581604
0.8785533308982849 0.46148884296417236
0.8880599141120911 0.4733526110649109
0.8818113207817078 0.4821756184101105
0.861809253692627 0.49444323778152466
0.87416672706604 0.5016598105430603
0.8671680688858032 0.5131409764289856
0.8501661419868469 0.5075425505638123
0.8632327318191528 0.5272200703620911
0.839582622051239 0.5274695158004761
0.8339625597000122 0.5444719791412354
0.8571703433990479 0.5508468747138977
0.8314574956893921 0.5726178288459778
0.8490063548088074 0.5938787460327148
0.8239651322364807 0.601295530796051
0.7987643480300903 0.6365759968757629
0.8294394016265869 0.6500241756439209
0.8326310515403748 0.6896947622299194
0.7902758717536926 0.7533392906188965
0.9289570450782776 0.22274678945541382
0.9309277534484863 0.2699550688266754
0.9433509111404419 0.29103851318359375
0.9411109685897827 0.3290523290634155
0.9286841750144958 0.3435245752334595
0.9432429075241089 0.3552553355693817
0.936003565788269 0.37124451994895935
0.9274778962135315 0.38377439975738525
0.9271461367607117 0.40765437483787537
0.9327804446220398 0.4001913368701935
0.9428855180740356 0.4226510226726532
0.9199297428131104 0.42600488662719727
0.9373604655265808 0.4412115216255188
0.9459311962127686 0.46623408794403076
0.9229939579963684 0.45691317319869995
0.9092150330543518 0.47290894389152527
0.9309746623039246 0.48080313205718994
0.9186770915985107 0.4925304353237152
0.9293591976165771 0.5127519369125366
0.8924508094787598 0.49493369460105896
0.9002326130867004 0.5107851028442383
0.9415814280509949 0.5361305475234985
0.9097949862480164 0.531186580657959
0.8782488703727722 0.5383482575416565
0.9056282639503479 0.5571424961090088
0.8747205138206482 0.5652999877929688
0.9225537776947021 0.5877022743225098
0.8874130249023438 0.608818531036377
0.8538050651550293 0.6232548356056213
0.9001404643058777 0.6499136686325073
0.8829647898674011 0.7365862131118774
0.8365254998207092 0.8132542967796326
