0.09713316290004335

0.18449397385120392 0.1466081738471985
0.18425096571445465 0.2331555187702179
0.19924399256706238 0.2867219150066376
0.13919048011302948 0.2766245901584625
0.1792384386062622 0.31671181321144104
0.14788609743118286 0.340030312538147
0.19699439406394958 0.3518225848674774
0.16234999895095825 0.3777703046798706
0.19796504080295563 0.3921741843223572
0.12076780200004578 0.4227912425994873
0.18311554193496704 0.41890838742256165
0.17508040368556976 0.45208320021629333
0.20470446348190308 0.4595678150653839
0.13604305684566498 0.4794841408729553
0.18834713101387024 0.4765859544277191
0.17962832748889923 0.508311927318573
0.20144516229629517 0.5342934131622314
0.13009189069271088 0.5282818675041199
0.17701980471611023 0.5535022020339966
0.20147638022899628 0.5646873116493225
0.12683545053005219 0.5758035182952881
0.17116260528564453 0.5860726833343506
0.18032576143741608 0.6204226016998291
0.1265200972557068 0.644402265548706
0.19722793996334076 0.6471849083900452
0.1593947559595108 0.6623367667198181
0.18443627655506134 0.6849005222320557
0.13056619465351105 0.708538293838501
0.18841679394245148 0.7219310998916626
0.1576753854751587 0.7421958446502686
0.1842404007911682 0.8078254461288452
0.12234068661928177 0.7974586486816406
0.2420337051153183 0.19353704154491425
0.22689011693000793 0.24702030420303345
0.22352787852287292 0.27442309260368347
0.22594575583934784 0.304568350315094
0.20977625250816345 0.3286800980567932
0.23184724152088165 0.3433668613433838
0.23613764345645905 0.3658556044101715
0.21602053940296173 0.370138555765152
0.22086292505264282 0.4016156494617462
0.23010334372520447 0.4083397388458252
0.20775893330574036 0.4326600134372711
0.23185548186302185 0.43014976382255554
0.2220742553472519 0.44974738359451294
0.2218293696641922 0.4757159650325775
0.2093665599822998 0.49686598777770996
0.23447249829769135 0.5059443712234497
0.22061051428318024 0.517800509929657
0.21742722392082214 0.5436639189720154
0.22653867304325104 0.5496616363525391
0.22132645547389984 0.5746834874153137
0.22569520771503448 0.5978327989578247
0.2020217478275299 0.5970247983932495
0.20902925729751587 0.616992175579071
0.22845561802387238 0.6283343434333801
0.22139453887939453 0.6448537707328796
0.23959967494010925 0.6584502458572388
0.21488520503044128 0.6700088381767273
0.22052578628063202 0.6953866481781006
0.2241806834936142 0.723686933517456
0.20999525487422943 0.7452191710472107
0.2140779197216034 0.7779574990272522
0.199985533952713 0.8568599224090576
0.2661712169647217 0.13510015606880188
0.2518162727355957 0.22857224941253662
0.2595139443874359 0.2620724141597748
0.24286378920078278 0.28392648696899414
0.2497536838054657 0.301858127117157
0.24418115615844727 0.3246453106403351
0.2494153380393982 0.34597262740135193
0.2589535713195801 0.36249950528144836
0.24158085882663727 0.3852115869522095
0.25538191199302673 0.41425222158432007
0.24555456638336182 0.42424654960632324
0.2502294182777405 0.44377195835113525
0.24014727771282196 0.45896008610725403
0.24396690726280212 0.48075926303863525
0.25362420082092285 0.498578816652298
0.24940958619117737 0.513190507888794
0.23703084886074066 0.5296869277954102
0.2484385073184967 0.5403779745101929
0.25776296854019165 0.5620893836021423
0.24906393885612488 0.5669868588447571
0.24094262719154358 0.587475061416626
0.260323703289032 0.6048451662063599
0.23923282325267792 0.6118193864822388
0.2550230026245117 0.6216437220573425
0.24520137906074524 0.6371924877166748
0.2592853605747223 0.6534847021102905
0.25023576617240906 0.6816124320030212
0.23661382496356964 0.6904484629631042
0.2492195963859558 0.7092183828353882
0.2496320605278015 0.7331088185310364
0.2419457584619522 0.7554464340209961
0.23460572957992554 0.8202773928642273
0.2860906422138214 0.2067199945449829
0.2694113552570343 0.23971475660800934
0.26699450612068176 0.27819862961769104
0.2651444971561432 0.29522234201431274
0.2585548460483551 0.3162248134613037
0.27200374007225037 0.32661867141723633
0.26468634605407715 0.33824917674064636
0.26917123794555664 0.37579411268234253
0.25265562534332275 0.39368104934692383
0.26798832416534424 0.3977717459201813
0.26855385303497314 0.42130523920059204
0.2639795243740082 0.43521374464035034
0.2675241231918335 0.450955867767334
0.2583125829696655 0.46313750743865967
0.26100409030914307 0.4812192916870117
0.27019864320755005 0.5084707736968994
0.26242104172706604 0.5227417945861816
0.26490262150764465 0.5382882952690125
0.2720758616924286 0.553861141204834
0.2620833218097687 0.5788035988807678
0.27144572138786316 0.5950092077255249
0.25332313776016235 0.5908243656158447
0.26971152424812317 0.6157153844833374
0.27276450395584106 0.6285460591316223
0.26878809928894043 0.6456579566001892
0.2750350832939148 0.6657779812812805
0.26267534494400024 0.6743931174278259
0.26503098011016846 0.6992635130882263
0.2740892171859741 0.7111437320709229
0.2652013599872589 0.7511297464370728
0.25417742133140564 0.7841107249259949
0.272438108921051 0.8190322518348694
0.29873034358024597 0.17154814302921295
0.29838675260543823 0.23009328544139862
0.2824852764606476 0.25767919421195984
0.2862212359905243 0.28247782588005066
0.2789463400840759 0.29915687441825867
0.2884557545185089 0.3224327564239502
0.27701112627983093 0.3552931249141693
0.2844271659851074 0.36569827795028687
0.2771555185317993 0.3874942362308502
0.28007248044013977 0.4072202146053314
0.2817423343658447 0.4298638701438904
0.2794085741043091 0.4465705156326294
0.278487890958786 0.46085813641548157
0.2761874496936798 0.4749065041542053
0.27807632088661194 0.49518874287605286
0.2797102928161621 0.5128880143165588
0.2771150469779968 0.5324757695198059
0.28359565138816833 0.5452075600624084
0.28725680708885193 0.5605508685112
0.2782788574695587 0.573131799697876
0.2798318564891815 0.5859125256538391
0.28066226840019226 0.6044213175773621
0.285339891910553 0.6196852922439575
0.2887785732746124 0.6324023008346558
0.2814898192882538 0.6417588591575623
0.28357619047164917 0.6577993631362915
0.27985143661499023 0.6883106827735901
0.2908189296722412 0.6891646385192871
0.2840409576892853 0.7237208485603333
0.2782577574253082 0.739483654499054
0.2824022173881531 0.7636064887046814
0.29197022318840027 0.8503661751747131
0.32660162448883057 0.20072901248931885
0.30465996265411377 0.2507230341434479
0.29658883810043335 0.26843270659446716
0.30163735151290894 0.2927717864513397
0.3103855550289154 0.31774473190307617
0.29019665718078613 0.33880794048309326
0.2915548086166382 0.34929391741752625
0.3085029125213623 0.3643094301223755
0.28722527623176575 0.3814392685890198
0.29314088821411133 0.3996025025844574
0.2849389314651489 0.42151257395744324
0.2922951579093933 0.44158056378364563
0.29385697841644287 0.45720186829566956
0.2977798283100128 0.4746236205101013
0.28889814019203186 0.48358866572380066
0.29287078976631165 0.5048697590827942
0.288727343082428 0.5179599523544312
0.2912469804286957 0.5352002382278442
0.30081093311309814 0.54981929063797
0.2926711142063141 0.5787542462348938
0.2896239161491394 0.5931224822998047
0.3000083863735199 0.598290205001831
0.29852136969566345 0.6140844225883484
0.3010253608226776 0.63466876745224
0.2929137349128723 0.6480046510696411
0.3030926585197449 0.6658310294151306
0.2953585982322693 0.6732847690582275
0.3031308948993683 0.7023952603340149
0.2860206067562103 0.7040266394615173
0.299452543258667 0.7337611317634583
0.3032724857330322 0.7516860365867615
0.2877778112888336 0.7912256121635437
0.3385365903377533 0.13617026805877686
0.3195745646953583 0.22241045534610748
0.31689175963401794 0.2730461061000824
0.3263395428657532 0.28322774171829224
0.30822744965553284 0.2999376356601715
0.3041560649871826 0.33151236176490784
0.30526217818260193 0.34331318736076355
0.3037925064563751 0.373216837644577
0.30007636547088623 0.39134499430656433
0.30794745683670044 0.4054637849330902
0.3003723919391632 0.41787275671958923
0.301516056060791 0.4342731833457947
0.30275973677635193 0.4507421851158142
0.31196630001068115 0.47291696071624756
0.2992183268070221 0.48770859837532043
0.30648910999298096 0.5119943618774414
0.3000216782093048 0.5259220600128174
0.31021106243133545 0.5489846467971802
0.3040216863155365 0.5620489716529846
0.30788591504096985 0.5766381621360779
0.3118317127227783 0.5912365317344666
0.31586673855781555 0.6109098792076111
0.3086661100387573 0.6240702867507935
0.3137657642364502 0.6378257870674133
0.32003095746040344 0.6516661643981934
0.30398523807525635 0.6545586585998535
0.31584233045578003 0.6808985471725464
0.3131127953529358 0.6932336091995239
0.3078692853450775 0.715752363204956
0.32172679901123047 0.7421604990959167
0.30924102663993835 0.7773944139480591
0.3141880929470062 0.8075487613677979
0.3426961302757263 0.17824746668338776
0.3476327061653137 0.21333327889442444
0.33582228422164917 0.2550579309463501
0.34789732098579407 0.27455392479896545
0.32191604375839233 0.3112347424030304
0.32670825719833374 0.3339678645133972
0.3193777799606323 0.3523116111755371
0.31568005681037903 0.3794022798538208
0.31841203570365906 0.3927915692329407
0.320715993642807 0.4117148518562317
0.3084365725517273 0.42568448185920715
0.31522271037101746 0.4422648251056671
0.3067016303539276 0.4628292918205261
0.3173868656158447 0.4800490140914917
0.30885156989097595 0.4923856258392334
0.31650272011756897 0.5052347183227539
0.31340155005455017 0.5314979553222656
0.31878846883773804 0.5565067529678345
0.3197837769985199 0.5724113583564758
0.3236892819404602 0.5853049159049988
0.334725022315979 0.5962706804275513
0.3235052227973938 0.6053389310836792
0.31881844997406006 0.6262836456298828
0.3338562250137329 0.6321021318435669
0.32479241490364075 0.6390550136566162
0.3257375955581665 0.6645040512084961
0.3329812288284302 0.6721632480621338
0.31959015130996704 0.6998284459114075
0.33330947160720825 0.7115159034729004
0.32052233815193176 0.7242388725280762
0.32802870869636536 0.7697098851203918
0.3360654413700104 0.7947829365730286
0.38043415546417236 0.15137863159179688
0.3365783989429474 0.23422181606292725
0.3516562581062317 0.250996470451355
0.33796656131744385 0.29004424810409546
0.33305445313453674 0.30489298701286316
0.33040714263916016 0.3221639394760132
0.3368017077445984 0.3500438332557678
0.3216803967952728 0.36031633615493774
0.3347983956336975 0.3842155635356903
0.3277299702167511 0.39876675605773926
0.3234545886516571 0.4242265522480011
0.3302076458930969 0.44707387685775757
0.3202403783798218 0.45606738328933716
0.3338540494441986 0.4910011887550354
0.32599329948425293 0.5032098293304443
0.32025936245918274 0.521236777305603
0.32607629895210266 0.5318025946617126
0.3313394784927368 0.5406894087791443
0.3256816267967224 0.5655390024185181
0.3417342007160187 0.5764158368110657
0.34784507751464844 0.5962861180305481
0.33908790349960327 0.6159743666648865
0.3445341885089874 0.6236211061477661
0.34684863686561584 0.6363070607185364
0.3382779061794281 0.644490659236908
0.33982762694358826 0.6575537919998169
0.3441509008407593 0.6765322089195251
0.33720001578330994 0.6888314485549927
0.3462975025177002 0.7094166278839111
0.3365342319011688 0.7315880060195923
0.3441754877567291 0.7503795027732849
0.3316915035247803 0.8332516551017761
0.37803736329078674 0.17588472366333008
0.36516469717025757 0.22682416439056396
0.36820271611213684 0.2596975564956665
0.36528390645980835 0.28472191095352173
0.35729315876960754 0.30783897638320923
0.3467482030391693 0.3249998390674591
0.3508686125278473 0.3432765305042267
0.3314117193222046 0.3731299340724945
0.36083993315696716 0.3840433359146118
0.3397986590862274 0.4082375466823578
0.3340066075325012 0.4290168881416321
0.3448142409324646 0.43967676162719727
0.34147199988365173 0.4665590524673462
0.3327196538448334 0.47575709223747253
0.3458741009235382 0.5011711120605469
0.33492016792297363 0.5194826722145081
0.3664734363555908 0.5284002423286438
0.34002915024757385 0.5539091229438782
0.3549494445323944 0.558244526386261
0.3605501651763916 0.5706355571746826
0.3525291979312897 0.5853014588356018
0.3552528917789459 0.6040413975715637
0.35727986693382263 0.6182595491409302
0.36008504033088684 0.6400806307792664
0.3499077260494232 0.6460098624229431
0.36432719230651855 0.6666794419288635
0.36158430576324463 0.6746268272399902
0.352694571018219 0.693175196647644
0.3650302290916443 0.7012146711349487
0.3578565716743469 0.7218160629272461
0.3500277101993561 0.7722821831703186
0.3593459725379944 0.7984197735786438
0.4166058897972107 0.15232141315937042
0.37739184498786926 0.20703521370887756
0.382292240858078 0.23792490363121033
0.38430336117744446 0.2570902109146118
0.3673970401287079 0.2984558045864105
0.36354246735572815 0.32743045687675476
0.3684352934360504 0.3478826880455017
0.3539559245109558 0.35690683126449585
0.35396459698677063 0.3740755319595337
0.3488403260707855 0.39990296959877014
0.35091453790664673 0.4182269871234894
0.3587048053741455 0.4291078746318817
0.35792243480682373 0.45924583077430725
0.35968849062919617 0.4826280474662781
0.36957621574401855 0.5123192667961121
0.3524879813194275 0.5249423980712891
0.36798542737960815 0.5457238554954529
0.3778166174888611 0.5562198162078857
0.3738175332546234 0.5718361735343933
0.3714123070240021 0.5912455320358276
0.3881680369377136 0.5891498923301697
0.37304478883743286 0.6123086810112
0.36498406529426575 0.6278833150863647
0.3852691054344177 0.6302120089530945
0.3805689215660095 0.6415635943412781
0.3743489384651184 0.6527197957038879
0.3793979287147522 0.663340151309967
0.3725782334804535 0.6839873790740967
0.3764221966266632 0.7150853872299194
0.36559414863586426 0.7451284527778625
0.3780412971973419 0.7714793682098389
0.3682737946510315 0.8738676309585571
0.3930169939994812 0.19555430114269257
0.3954072892665863 0.22069837152957916
0.39980772137641907 0.25458475947380066
0.3888125419616699 0.275138795375824
0.39714837074279785 0.29530978202819824
0.3897021412849426 0.30788174271583557
0.3812231123447418 0.33744683861732483
0.3886728286743164 0.36605462431907654
0.3728058636188507 0.3623952567577362
0.3726378381252289 0.39061135053634644
0.37045928835868835 0.41142022609710693
0.3801710307598114 0.4457588493824005
0.38101571798324585 0.4685477018356323
0.37814342975616455 0.4912202060222626
0.38945597410202026 0.5119777321815491
0.3902875483036041 0.5365920066833496
0.4062601625919342 0.5398566126823425
0.40748995542526245 0.5594002604484558
0.39629074931144714 0.5597245097160339
0.39880579710006714 0.5788519978523254
0.39581504464149475 0.6007513999938965
0.3756229877471924 0.6056393980979919
0.3877978026866913 0.6219993233680725
0.4001723527908325 0.6276271939277649
0.39405712485313416 0.6462266445159912
0.3991125822067261 0.6545072793960571
0.3932373523712158 0.6718297004699707
0.3844333589076996 0.6897103190422058
0.39664021134376526 0.7120122313499451
0.38007935881614685 0.7293239831924438
0.385850191116333 0.7505284547805786
0.377755731344223 0.8306708335876465
0.4296576678752899 0.17604456841945648
0.41861629486083984 0.20425023138523102
0.40717777609825134 0.2294393926858902
0.4151037037372589 0.26433461904525757
0.4093129336833954 0.2821130156517029
0.40819916129112244 0.3012109100818634
0.403794527053833 0.3320455253124237
0.40662896633148193 0.34853217005729675
0.40152791142463684 0.3804987668991089
0.39879149198532104 0.4123093783855438
0.3880805969238281 0.43060967326164246
0.40730252861976624 0.45490315556526184
0.4077191948890686 0.4800654351711273
0.403329998254776 0.49891558289527893
0.4192054867744446 0.5107191801071167
0.41082218289375305 0.5274352431297302
0.4161315858364105 0.539347767829895
0.41917115449905396 0.5485875010490417
0.4107503890991211 0.5747999548912048
0.4199049770832062 0.5858717560768127
0.40898874402046204 0.5974773168563843
0.4154486060142517 0.6049502491950989
0.4227435886859894 0.6188393235206604
0.40505555272102356 0.635672390460968
0.4031622111797333 0.6435602903366089
0.41502419114112854 0.6615263223648071
0.40716075897216797 0.6799529194831848
0.39997148513793945 0.6939441561698914
0.4140044152736664 0.7030051946640015
0.4040675163269043 0.7308050394058228
0.3931262493133545 0.7871804237365723
0.4008403420448303 0.8081715106964111
0.4521113336086273 0.15835630893707275
0.4404934048652649 0.20765231549739838
0.4230153560638428 0.24388623237609863
0.4326828420162201 0.26799315214157104
0.4218188226222992 0.2978905439376831
0.3948186933994293 0.3235662877559662
0.41933831572532654 0.3218143582344055
0.4372500479221344 0.3503164052963257
0.4257510006427765 0.36744338274002075
0.41654932498931885 0.40614020824432373
0.43445801734924316 0.42913806438446045
0.42652514576911926 0.44883430004119873
0.43876197934150696 0.467691034078598
0.43198058009147644 0.4879656434059143
0.4374784827232361 0.5036094784736633
0.43837764859199524 0.5317773818969727
0.4320409893989563 0.5439131855964661
0.4426473081111908 0.5529319047927856
0.4257553219795227 0.5696725249290466
0.4354357123374939 0.588623583316803
0.44658032059669495 0.5949930548667908
0.4304773807525635 0.6085588335990906
0.4276527464389801 0.6281041502952576
0.43313369154930115 0.6386057138442993
0.4211828410625458 0.6462982296943665
0.4290374517440796 0.6643580198287964
0.43701234459877014 0.6767809391021729
0.42489680647850037 0.6863539814949036
0.42279595136642456 0.7080501317977905
0.42759087681770325 0.7329320907592773
0.4112564027309418 0.7533078789710999
0.41696545481681824 0.8514477014541626
0.41766178607940674 0.11113854497671127
0.46164408326148987 0.1946919560432434
0.4346778094768524 0.22768987715244293
0.44229987263679504 0.25316858291625977
0.43901750445365906 0.28481537103652954
0.43438684940338135 0.31526151299476624
0.4487992227077484 0.336179256439209
0.45662766695022583 0.3627847135066986
0.4307725131511688 0.3859363794326782
0.4691179096698761 0.421892374753952
0.46744459867477417 0.4431622624397278
0.457051157951355 0.46294987201690674
0.45938003063201904 0.47663259506225586
0.4621463119983673 0.4932440519332886
0.44643664360046387 0.5056544542312622
0.4596360921859741 0.5166230201721191
0.4541289806365967 0.5410779118537903
0.4657379984855652 0.5615164041519165
0.45432937145233154 0.5735120177268982
0.4676269292831421 0.5767099261283875
0.45844563841819763 0.6053495407104492
0.44189929962158203 0.6161900162696838
0.4528219699859619 0.6199474334716797
0.4527095854282379 0.6370772123336792
0.4499299228191376 0.6554692387580872
0.43773066997528076 0.6510233879089355
0.4526205062866211 0.6861270070075989
0.4391053020954132 0.6983258128166199
0.43999767303466797 0.7218788862228394
0.45177948474884033 0.7486141920089722
0.43204209208488464 0.7601116299629211
0.4385840892791748 0.8008750081062317
0.466437965631485 0.12219032645225525
0.4670462906360626 0.21957017481327057
0.4560042917728424 0.23555739223957062
0.46050626039505005 0.27149561047554016
0.48200827836990356 0.2799151837825775
0.4592217803001404 0.3052210211753845
0.4652475416660309 0.33228325843811035
0.4748157858848572 0.37957778573036194
0.4528474509716034 0.3937215805053711
0.48324909806251526 0.40455538034439087
0.48455414175987244 0.43348222970962524
0.4860953986644745 0.4512662887573242
0.4818601906299591 0.4680398106575012
0.4832730293273926 0.48296400904655457
0.47696346044540405 0.5040479302406311
0.4773438274860382 0.5240514278411865
0.49352118372917175 0.5358571410179138
0.4714593291282654 0.5527852177619934
0.48324263095855713 0.5703099370002747
0.48312050104141235 0.5868505835533142
0.47135668992996216 0.6018391251564026
0.47461915016174316 0.6108150482177734
0.4808031916618347 0.6237078905105591
0.464387446641922 0.6205978989601135
0.4713534712791443 0.6441650986671448
0.4648585915565491 0.658555269241333
0.4580479860305786 0.6676865220069885
0.4683128595352173 0.687115490436554
0.4579726457595825 0.7007140517234802
0.4625970125198364 0.7188467979431152
0.4299910068511963 0.777501106262207
0.4619240462779999 0.8903385996818542
0.4852999150753021 0.15424969792366028
0.46642953157424927 0.18096983432769775
0.48812514543533325 0.21425776183605194
0.4890402555465698 0.25075212121009827
0.48420393466949463 0.2986415922641754
0.49175864458084106 0.31618037819862366
0.49197259545326233 0.3408540189266205
0.4902004897594452 0.36584460735321045
0.5007364153862 0.39186736941337585
0.5026854872703552 0.41202473640441895
0.5043259859085083 0.4321516454219818
0.503948450088501 0.4552648961544037
0.5018141865730286 0.48021456599235535
0.5129827260971069 0.5006961226463318
0.49120986461639404 0.5095289349555969
0.5105966329574585 0.5288485884666443
0.49709784984588623 0.5593887567520142
0.5223811268806458 0.5435718297958374
0.5116468071937561 0.5642731785774231
0.5030718445777893 0.5786538124084473
0.4977181851863861 0.588972806930542
0.4912993609905243 0.6015966534614563
0.4829865097999573 0.6098261475563049
0.5004355907440186 0.6201192140579224
0.48862141370773315 0.6331616044044495
0.48235461115837097 0.6536087989807129
0.47566190361976624 0.6684300303459167
0.48704415559768677 0.6839273571968079
0.4801596999168396 0.7008754014968872
0.4708422124385834 0.7349229454994202
0.4672463536262512 0.7719483971595764
0.45916032791137695 0.8244372606277466
0.50911945104599 0.12645819783210754
0.5003736019134521 0.18735481798648834
0.5121320486068726 0.22465264797210693
0.4998573660850525 0.2677474915981293
0.5110965967178345 0.28599774837493896
0.5123461484909058 0.31084394454956055
0.5137921571731567 0.3446525037288666
0.5216672420501709 0.37173259258270264
0.5239146947860718 0.39463990926742554
0.5245852470397949 0.41597676277160645
0.5324901342391968 0.4307287931442261
0.5299138426780701 0.4501280188560486
0.5173084139823914 0.47461599111557007
0.5453340411186218 0.4776178002357483
0.5343630909919739 0.5020673274993896
0.5336095690727234 0.5294523239135742
0.5410820841789246 0.5466496348381042
0.5281288027763367 0.5554407238960266
0.5299810767173767 0.5726532340049744
0.5169703364372253 0.5793933868408203
0.5101410746574402 0.5897616744041443
0.5205622911453247 0.6012997627258301
0.5140771269798279 0.6055901050567627
0.5148562788963318 0.6257528066635132
0.5067574977874756 0.6364614367485046
0.5032985806465149 0.651154637336731
0.4932670295238495 0.6706500053405762
0.5022221207618713 0.6907077431678772
0.496725857257843 0.7089001536369324
0.4972054064273834 0.7287281155586243
0.487138032913208 0.757430911064148
0.4862036108970642 0.8030363917350769
0.5192744731903076 0.16780716180801392
0.5299872159957886 0.1920521855354309
0.5391606092453003 0.23645830154418945
0.5330625176429749 0.25962117314338684
0.534152090549469 0.3018723428249359
0.5440187454223633 0.33605778217315674
0.5469856262207031 0.35967713594436646
0.545744001865387 0.38125523924827576
0.5479716062545776 0.40144699811935425
0.5403053164482117 0.4248512089252472
0.5608641505241394 0.4156879186630249
0.5550258755683899 0.4481397271156311
0.558810293674469 0.47007256746292114
0.5660681128501892 0.487481951713562
0.5663670301437378 0.5115139484405518
0.5524190068244934 0.5162795782089233
0.5673124194145203 0.5325394868850708
0.5546262860298157 0.5490696430206299
0.5469292402267456 0.5561583638191223
0.5434441566467285 0.574024498462677
0.5332289338111877 0.5905124545097351
0.5400384664535522 0.5990803241729736
0.5265534520149231 0.6081156730651855
0.5309416055679321 0.6173406839370728
0.5274714231491089 0.6311604976654053
0.523976743221283 0.6462222933769226
0.5127825140953064 0.6652238368988037
0.5165683627128601 0.6831703186035156
0.5157137513160706 0.7022777199745178
0.521863579750061 0.7174164652824402
0.5060083270072937 0.7729708552360535
0.5017950534820557 0.8361727595329285
0.5572267174720764 0.15978430211544037
0.5501359701156616 0.203841894865036
0.5624464750289917 0.24525360763072968
0.5482579469680786 0.28420713543891907
0.5657131671905518 0.31835705041885376
0.5665941834449768 0.33586087822914124
0.5728227496147156 0.3599246144294739
0.5726519823074341 0.38086894154548645
0.5777993202209473 0.40075919032096863
0.592424213886261 0.4139886498451233
0.5841209292411804 0.42876410484313965
0.5805391073226929 0.4586571156978607
0.6029729247093201 0.4682847261428833
0.5942555665969849 0.48769569396972656
0.5903992652893066 0.513467013835907
0.5792233943939209 0.528835117816925
0.5973778367042542 0.536531925201416
0.5721606016159058 0.5431215167045593
0.5836396813392639 0.5488982200622559
0.5676242709159851 0.5560342669487
0.5607095956802368 0.5691457986831665
0.5570640563964844 0.5846068859100342
0.552607536315918 0.5948599576950073
0.5445218682289124 0.6081315279006958
0.5527012944221497 0.620728075504303
0.542100727558136 0.6376364231109619
0.5366421341896057 0.6524519324302673
0.533259928226471 0.6683303713798523
0.5419288277626038 0.7009984850883484
0.517516553401947 0.7387708425521851
0.5316915512084961 0.7646015286445618
0.5366888046264648 0.8631412982940674
0.5529314279556274 0.09595892578363419
0.583232045173645 0.2196693867444992
0.5983905792236328 0.25480183959007263
0.5739476680755615 0.27461084723472595
0.5879836082458496 0.299316942691803
0.5937605500221252 0.32722243666648865
0.6042719483375549 0.3492433428764343
0.5981119275093079 0.3684993386268616
0.6010269522666931 0.3859669268131256
0.6236478090286255 0.4162159264087677
0.608625590801239 0.43852317333221436
0.619245171546936 0.45881783962249756
0.6203856468200684 0.47869062423706055
0.6085072755813599 0.4980257451534271
0.6084761023521423 0.5100201964378357
0.6164354085922241 0.5210907459259033
0.5998706817626953 0.5249970555305481
0.6120545268058777 0.5435378551483154
0.5938643217086792 0.5551375150680542
0.5897374749183655 0.5617482662200928
0.5802820324897766 0.5713319778442383
0.5775516033172607 0.5838489532470703
0.5767327547073364 0.5932452082633972
0.5687506198883057 0.6024928092956543
0.5675806403160095 0.6144428849220276
0.5694699287414551 0.6271755695343018
0.563761293888092 0.6479972004890442
0.5547798871994019 0.6580830216407776
0.5496367812156677 0.6793985962867737
0.5619357228279114 0.73064786195755
0.5412816405296326 0.7407405376434326
0.5600817203521729 0.8205063343048096
0.5887141823768616 0.17652609944343567
0.6185269355773926 0.20502649247646332
0.62188321352005 0.23560039699077606
0.6132671236991882 0.2852727472782135
0.6256322860717773 0.31627804040908813
0.6313714385032654 0.33688583970069885
0.6265934109687805 0.3573343753814697
0.6267450451850891 0.37649449706077576
0.6344160437583923 0.39731866121292114
0.6470476388931274 0.42679089307785034
0.6477983593940735 0.4545571804046631
0.6406548619270325 0.47072428464889526
0.6572200059890747 0.4771311581134796
0.6426411867141724 0.4913471043109894
0.6339840292930603 0.49964281916618347
0.6305760741233826 0.5102770924568176
0.6435037851333618 0.5405842065811157
0.6287515163421631 0.5303293466567993
0.624150812625885 0.5425792336463928
0.6184496283531189 0.557379961013794
0.6103584170341492 0.5685849189758301
0.6027536988258362 0.5785239934921265
0.5995664000511169 0.5880985856056213
0.5909587144851685 0.5995303392410278
0.5873532891273499 0.6166823506355286
0.5834003686904907 0.6296745538711548
0.5794793963432312 0.6546475887298584
0.5708174705505371 0.6673641800880432
0.5747972130775452 0.6860306262969971
0.5651113986968994 0.7061641216278076
0.5706069469451904 0.7610531449317932
0.5403001308441162 0.7924655675888062
0.615876317024231 0.13159489631652832
0.6454911828041077 0.1740148812532425
0.6353487372398376 0.2631959915161133
0.6434387564659119 0.29112711548805237
0.6461456418037415 0.32422494888305664
0.6675228476524353 0.3435821235179901
0.6493430137634277 0.36110004782676697
0.6756917834281921 0.38177719712257385
0.6685062050819397 0.4159259796142578
0.6923641562461853 0.4316222667694092
0.6713148355484009 0.44032925367355347
0.6789911985397339 0.4583793878555298
0.6643620729446411 0.4584812819957733
0.6695597171783447 0.4838666617870331
0.6651985049247742 0.4926709532737732
0.6476554274559021 0.5050787925720215
0.6623911261558533 0.514049768447876
0.6492340564727783 0.5268500447273254
0.6519783735275269 0.5402658581733704
0.6351091861724854 0.5526062846183777
0.626405656337738 0.5638116598129272
0.6339905858039856 0.5822840929031372
0.6229283213615417 0.5911889672279358
0.6129934787750244 0.600636899471283
0.6084051728248596 0.6058608889579773
0.603980541229248 0.6313797235488892
0.6010538339614868 0.6439041495323181
0.5942542552947998 0.6624606847763062
0.5981789827346802 0.6853979825973511
0.5856561064720154 0.7299668192863464
0.6041796207427979 0.7472717761993408
0.5845043063163757 0.7883375287055969
0.6789532899856567 0.1245899647474289
0.658753514289856 0.21906538307666779
0.6666861176490784 0.2533107399940491
0.6674438714981079 0.291909784078598
0.6770731806755066 0.31640952825546265
0.6863494515419006 0.345154732465744
0.7094871997833252 0.36647841334342957
0.7072629928588867 0.3944232165813446
0.6985476016998291 0.41200020909309387
0.7233284115791321 0.42192116379737854
0.7169415354728699 0.4389471411705017
0.6960874199867249 0.4499751925468445
0.7057055830955505 0.46427246928215027
0.6993668079376221 0.4697927236557007
0.6884345412254333 0.4853793978691101
0.6907414793968201 0.5025357007980347
0.6743912696838379 0.5068531632423401
0.6830368638038635 0.5157159566879272
0.6713378429412842 0.5224072933197021
0.666688084602356 0.5422667264938354
0.6550822854042053 0.5530862212181091
0.6463600397109985 0.5623496174812317
0.6465545892715454 0.5687917470932007
0.6410020589828491 0.5958049297332764
0.6329891085624695 0.6086378693580627
0.6199068427085876 0.6175745725631714
0.633752703666687 0.630790650844574
0.6198664307594299 0.6545814275741577
0.6125748753547668 0.6751298308372498
0.6084308624267578 0.7059768438339233
0.6225034594535828 0.7794569730758667
0.5918453931808472 0.8688856959342957
0.6878955364227295 0.1838850975036621
0.6975776553153992 0.24061860144138336
0.7011296153068542 0.27142685651779175
0.699146032333374 0.29828816652297974
0.7142722606658936 0.3266841173171997
0.7338641881942749 0.3523102104663849
0.7393895983695984 0.38007211685180664
0.7457592487335205 0.40365058183670044
0.7258049845695496 0.40419501066207886
0.74106365442276 0.41823267936706543
0.7438578605651855 0.43533942103385925
0.7317876219749451 0.45225730538368225
0.7200836539268494 0.46765008568763733
0.718022882938385 0.4810250401496887
0.7292774319648743 0.484763503074646
0.7089214324951172 0.49459052085876465
0.7033477425575256 0.5064168572425842
0.6997972130775452 0.5152472853660583
0.6867228746414185 0.525245189666748
0.6928550004959106 0.5362177491188049
0.6753836274147034 0.5378390550613403
0.6750460267066956 0.5574347376823425
0.6660656929016113 0.5706024765968323
0.6617131233215332 0.5831533670425415
0.6577576994895935 0.5997023582458496
0.6497142314910889 0.6134377121925354
0.6507447957992554 0.6329322457313538
0.6372838020324707 0.6595370769500732
0.6326083540916443 0.6911928057670593
0.6279386281967163 0.7149291038513184
0.6289718747138977 0.7415108680725098
0.6351202726364136 0.815798282623291
0.7149413824081421 0.20163370668888092
0.734786331653595 0.24117690324783325
0.737189769744873 0.2712600529193878
0.7354705333709717 0.3070046603679657
0.7622455954551697 0.3416469991207123
0.7558597326278687 0.36824557185173035
0.7759543657302856 0.3770873546600342
0.7684107422828674 0.3922150135040283
0.7877240777015686 0.4077789783477783
0.7725070118904114 0.4212966561317444
0.764211893081665 0.4360334575176239
0.756759524345398 0.45065852999687195
0.746414065361023 0.46056807041168213
0.7560828924179077 0.47407495975494385
0.7413215637207031 0.47794440388679504
0.7448793053627014 0.48826390504837036
0.734012246131897 0.4935457706451416
0.7236847281455994 0.4973750412464142
0.7155904173851013 0.5168962478637695
0.7090713381767273 0.528062641620636
0.70575350522995 0.5438816547393799
0.7028506398200989 0.5565460324287415
0.6889806389808655 0.5608798265457153
0.6860865354537964 0.5773824453353882
0.6821205615997314 0.5906445980072021
0.6773700714111328 0.6091774106025696
0.6693701148033142 0.6272791624069214
0.6679619550704956 0.6445857286453247
0.6612524390220642 0.674936830997467
0.6509270071983337 0.7110008001327515
0.6563146114349365 0.7382293939590454
0.6580145955085754 0.8838850855827332
0.7342056632041931 0.11718766391277313
0.7665925025939941 0.2371159940958023
0.7687097787857056 0.2877843677997589
0.7830053567886353 0.3191600441932678
0.807086169719696 0.3347911834716797
0.7914763689041138 0.34877240657806396
0.7985169291496277 0.3791932463645935
0.8110626935958862 0.3943891227245331
0.8001281023025513 0.4100457727909088
0.7999027371406555 0.424089640378952
0.7863556742668152 0.4303071200847626
0.7824912071228027 0.4461444914340973
0.7883522510528564 0.45875295996665955
0.7712364792823792 0.4637056887149811
0.7699339985847473 0.47206637263298035
0.7617272734642029 0.4811239540576935
0.7652373313903809 0.4925788938999176
0.7506819367408752 0.501164436340332
0.7395497560501099 0.5080419778823853
0.731190025806427 0.524512767791748
0.7284320592880249 0.5338746905326843
0.7334166169166565 0.5422334671020508
0.7197109460830688 0.5615952610969543
0.7085338830947876 0.5741792917251587
0.7101916670799255 0.5864818692207336
0.6994546055793762 0.6041797399520874
0.697786808013916 0.6228888630867004
0.6904385685920715 0.6456146836280823
0.6840940713882446 0.6674109697341919
0.6746909618377686 0.7060638070106506
0.6873611211776733 0.7396628260612488
0.6685250997543335 0.7797361612319946
0.7532568573951721 0.19206999242305756
0.8123635649681091 0.24325905740261078
0.8001568913459778 0.28213071823120117
0.8205651640892029 0.3115893006324768
0.8414488434791565 0.3548400104045868
0.8164920210838318 0.3683927655220032
0.8351322412490845 0.37858837842941284
0.8240105509757996 0.3892967402935028
0.8390156030654907 0.39408373832702637
0.8185360431671143 0.4062354862689972
0.8261796236038208 0.4190395474433899
0.8076344132423401 0.43808650970458984
0.8175414800643921 0.44140130281448364
0.8034546375274658 0.4509870409965515
0.7929252982139587 0.4622669517993927
0.7963979840278625 0.48168638348579407
0.7834908962249756 0.47795888781547546
0.7762086391448975 0.4870316684246063
0.7739766240119934 0.5042853355407715
0.7519018054008484 0.5159097909927368
0.764823853969574 0.5258853435516357
0.745175302028656 0.5362598896026611
0.7440425157546997 0.5482679009437561
0.7479153871536255 0.5597108602523804
0.7349948287010193 0.5784853100776672
0.7268983125686646 0.5958570241928101
0.7231281995773315 0.6165183782577515
0.7220284342765808 0.6417280435562134
0.7037419676780701 0.6639606952667236
0.7041300535202026 0.6896255016326904
0.713472843170166 0.7651987075805664
0.691927969455719 0.8183719515800476
0.8252904415130615 0.1535274237394333
0.8306899666786194 0.2855325937271118
0.8457083702087402 0.3185070753097534
0.8320856690406799 0.3433344066143036
0.8627734184265137 0.3454987108707428
0.8535250425338745 0.3695787489414215
0.869483470916748 0.3605530261993408
0.8551700115203857 0.3819725513458252
0.8645482063293457 0.39560791850090027
0.8465099930763245 0.4051130712032318
0.8482573628425598 0.4159766137599945
0.8326385021209717 0.42885494232177734
0.8345353007316589 0.4473937749862671
0.8235672116279602 0.44500383734703064
0.8151094913482666 0.46719738841056824
0.8317008018493652 0.45960453152656555
0.8074985146522522 0.4749504327774048
0.8133799433708191 0.48240697383880615
0.8001159429550171 0.4918307662010193
0.7941000461578369 0.5097876191139221
0.7918201088905334 0.5211969614028931
0.7801975607872009 0.5348304510116577
0.7765832543373108 0.5452854633331299
0.7685067653656006 0.558977484703064
0.7730321884155273 0.5714138746261597
0.7572034597396851 0.5951220393180847
0.7674739360809326 0.6082313060760498
0.7498819828033447 0.6263527870178223
0.7485890984535217 0.6519572734832764
0.7381281852722168 0.6790512204170227
0.7263113260269165 0.7174402475357056
0.7827069759368896 0.8617188930511475
0.8124596476554871 0.20519496500492096
0.8569644093513489 0.29362672567367554
0.8834308385848999 0.31154072284698486
0.869873046875 0.3297763168811798
0.8853151202201843 0.34099918603897095
0.8904485106468201 0.3499104380607605
0.8929160237312317 0.366609126329422
0.8735118508338928 0.37902987003326416
0.8788945078849792 0.3894207179546356
0.8827636241912842 0.4074035584926605
0.8597243428230286 0.4096744656562805
0.8679642677307129 0.4269200563430786
0.8542534708976746 0.42951491475105286
0.8641423583030701 0.4477567970752716
0.8510062098503113 0.4389944076538086
0.8428162932395935 0.4549460709095001
0.8459370136260986 0.46664905548095703
0.8391135334968567 0.47393736243247986
0.8377546668052673 0.4904751777648926
0.8263207077980042 0.4938643276691437
0.8208264708518982 0.5095972418785095
0.8270781636238098 0.5209354758262634
0.806327223777771 0.5307644009590149
0.8099307417869568 0.5477902889251709
0.8015214204788208 0.562778651714325
0.8030431270599365 0.5843141674995422
0.7906472086906433 0.6110453009605408
0.7885757684707642 0.6381556987762451
0.781760573387146 0.6632526516914368
0.767324686050415 0.7040155529975891
0.7693679332733154 0.7349792718887329
0.7563774585723877 0.7980953454971313
0.8619452714920044 0.2509182393550873
0.8937742114067078 0.28219714760780334
0.9137674570083618 0.3053698241710663
0.8989896774291992 0.32518917322158813
0.9065353274345398 0.3522966206073761
0.9190329313278198 0.3613470792770386
0.9144161343574524 0.3731561601161957
0.8967264294624329 0.3803183138370514
0.8955670595169067 0.3893241882324219
0.910968005657196 0.39526087045669556
0.8934141993522644 0.4063315987586975
0.9027397632598877 0.4305821657180786
0.8857654333114624 0.424427330493927
0.8766886591911316 0.44036218523979187
0.8906232714653015 0.4441472291946411
0.8709150552749634 0.46291032433509827
0.8842408061027527 0.46650946140289307
0.8761258125305176 0.49040487408638
0.857032060623169 0.4812224209308624
0.8524782061576843 0.5037192702293396
0.8684781193733215 0.5125437378883362
0.8470711708068848 0.5256459712982178
0.8592459559440613 0.5409114956855774
0.8318986296653748 0.5466066002845764
0.8385344743728638 0.5682170391082764
0.8312572836875916 0.5947269201278687
0.8527613282203674 0.6061862707138062
0.8251371383666992 0.6287864446640015
0.846606969833374 0.6560226082801819
0.8058183193206787 0.682620644569397
0.8473812341690063 0.7096766233444214
0.8060189485549927 0.7589743733406067
0.9048295021057129 0.21538031101226807
0.9318563938140869 0.276898592710495
0.9393841624259949 0.3113490343093872
0.9379011988639832 0.33071544766426086
0.9229007959365845 0.33436286449432373
0.9293057322502136 0.3483835756778717
0.9366380572319031 0.36894768476486206
0.9303013682365417 0.38023385405540466
0.9434654116630554 0.39879676699638367
0.9274303913116455 0.38881343603134155
0.9320958852767944 0.4172549545764923
0.9134211540222168 0.4175668954849243
0.9386343359947205 0.431354284286499
0.920439600944519 0.442488431930542
0.905107319355011 0.4576389789581299
0.9438980221748352 0.45180273056030273
0.9231151938438416 0.4685046076774597
0.9401719570159912 0.48352643847465515
0.8960816264152527 0.47706127166748047
0.9151269793510437 0.49392789602279663
0.9415697455406189 0.5224594473838806
0.8892307281494141 0.5261673927307129
0.9045056104660034 0.507986307144165
0.8918038010597229 0.5508608818054199
0.9391074180603027 0.5679206848144531
0.8644356727600098 0.5753730535507202
0.9294182062149048 0.6141011118888855
0.9030717611312866 0.583278477191925
0.8832871317863464 0.6204581260681152
0.8958753943443298 0.6636980175971985
0.9114541411399841 0.7117538452148438
0.8721045255661011 0.7946649789810181
