0.07829269726029413

0.2637435793876648 0.2595995366573334
0.24800460040569305 0.28163617849349976
0.2419230341911316 0.3063242733478546
0.25098299980163574 0.3288966417312622
0.23434071242809296 0.3503592014312744
0.2542261481285095 0.3699681758880615
0.21745873987674713 0.37789303064346313
0.24670635163784027 0.39165571331977844
0.2497008889913559 0.4160628020763397
0.2261495739221573 0.41135478019714355
0.21255014836788177 0.4323745667934418
0.2455732673406601 0.4508976340293884
0.23746195435523987 0.46990063786506653
0.2112063467502594 0.4765852689743042
0.24032075703144073 0.497624933719635
0.19982238113880157 0.5217053890228271
0.23566575348377228 0.5289808511734009
0.2567247748374939 0.53482985496521
0.24142847955226898 0.5564794540405273
0.20747032761573792 0.5699071288108826
0.2515835762023926 0.5753146409988403
0.23738239705562592 0.5886243581771851
0.2514294981956482 0.600085973739624
0.24360796809196472 0.6171587705612183
0.21676114201545715 0.6108447313308716
0.2182435244321823 0.6434078812599182
0.25509682297706604 0.6356737613677979
0.2544916570186615 0.655022382736206
0.26004552841186523 0.6682016253471375
0.2361191362142563 0.6681450009346008
0.23452498018741608 0.6946901679039001
0.25311124324798584 0.7227784395217896
0.27980321645736694 0.23991772532463074
0.2629077732563019 0.2941172420978546
0.2642611265182495 0.3156091272830963
0.2705318033695221 0.332688570022583
0.26122674345970154 0.34443002939224243
0.2666584849357605 0.36091697216033936
0.2619052231311798 0.3819936513900757
0.26455825567245483 0.39888566732406616
0.2603124678134918 0.4070398807525635
0.2521524727344513 0.4273131489753723
0.26453274488449097 0.4440458118915558
0.2552410960197449 0.46282902359962463
0.2640606462955475 0.4756584167480469
0.25600671768188477 0.48326775431632996
0.2519040107727051 0.5065004229545593
0.2637545168399811 0.5110946297645569
0.25950372219085693 0.5199664831161499
0.26649099588394165 0.5361848473548889
0.2587771415710449 0.5513249039649963
0.2644158601760864 0.5616268515586853
0.26672571897506714 0.5735858082771301
0.2607697546482086 0.5823186039924622
0.26398342847824097 0.5981125831604004
0.2615373134613037 0.6054767370223999
0.2697443962097168 0.6214997172355652
0.2625608444213867 0.6276805400848389
0.27901580929756165 0.6455779075622559
0.26729634404182434 0.6522615551948547
0.2769532799720764 0.6637496948242188
0.2714706063270569 0.6831145286560059
0.2688309848308563 0.693909764289856
0.27587050199508667 0.7362505197525024
0.28325018286705017 0.26742759346961975
0.27746111154556274 0.28343409299850464
0.2741229832172394 0.313353568315506
0.2798349857330322 0.32987818121910095
0.2884334325790405 0.3486999571323395
0.2748510539531708 0.35306593775749207
0.2767765522003174 0.37414273619651794
0.27136513590812683 0.38621777296066284
0.2729034721851349 0.4097844362258911
0.2652750015258789 0.4241918623447418
0.2714240849018097 0.4346577227115631
0.2698252201080322 0.45806628465652466
0.2729744613170624 0.46971023082733154
0.2793101370334625 0.48130539059638977
0.2672111392021179 0.49476194381713867
0.27542123198509216 0.5037806034088135
0.2720912992954254 0.5227261781692505
0.27839580178260803 0.5402212142944336
0.27473434805870056 0.5458123683929443
0.27358368039131165 0.5600744485855103
0.277803510427475 0.5718236565589905
0.28048989176750183 0.5827688574790955
0.2757018506526947 0.5929992198944092
0.27458328008651733 0.6115646362304688
0.28692808747291565 0.618523120880127
0.27440351247787476 0.6343355178833008
0.28443726897239685 0.6416658163070679
0.28408971428871155 0.659008800983429
0.2813551425933838 0.6724609136581421
0.2903010845184326 0.6831088066101074
0.28541964292526245 0.7026643753051758
0.2945951819419861 0.7312763929367065
0.29631295800209045 0.24926672875881195
0.29515311121940613 0.295861154794693
0.2822427451610565 0.3033992648124695
0.2884982228279114 0.32499536871910095
0.2897971570491791 0.3363800048828125
0.28261226415634155 0.3641888499259949
0.28609251976013184 0.376985639333725
0.28160014748573303 0.3999806344509125
0.28479647636413574 0.4138675630092621
0.27899181842803955 0.4212322235107422
0.28050822019577026 0.4411862790584564
0.27804064750671387 0.448089063167572
0.281724750995636 0.46248292922973633
0.2813374400138855 0.49192455410957336
0.28618279099464417 0.49805837869644165
0.28270426392555237 0.5151689052581787
0.2855084538459778 0.5245792269706726
0.28795138001441956 0.5319149494171143
0.287528932094574 0.549795389175415
0.28326258063316345 0.5636307001113892
0.2899313271045685 0.5774873495101929
0.2921046018600464 0.5905165672302246
0.29134389758110046 0.6069008111953735
0.2962080240249634 0.6186813712120056
0.28724101185798645 0.6294304728507996
0.2925071716308594 0.6368798017501831
0.29045987129211426 0.650772750377655
0.29577040672302246 0.6581432819366455
0.2975945770740509 0.6681321263313293
0.295916885137558 0.677928626537323
0.29858410358428955 0.692884087562561
0.3034387528896332 0.7137155532836914
0.3101784586906433 0.228412926197052
0.29972344636917114 0.2792314291000366
0.3021860718727112 0.3096759617328644
0.29331740736961365 0.31740379333496094
0.29428502917289734 0.3510738015174866
0.2916637361049652 0.3596568703651428
0.29970401525497437 0.380266398191452
0.29087185859680176 0.3946492671966553
0.29437389969825745 0.40347155928611755
0.29016393423080444 0.43058308959007263
0.2875257134437561 0.4387165904045105
0.28865569829940796 0.45660340785980225
0.28851190209388733 0.47424495220184326
0.28349927067756653 0.4771097004413605
0.2950115501880646 0.4972558617591858
0.2891849875450134 0.5100494027137756
0.2946624755859375 0.5296151041984558
0.2984379529953003 0.5455941557884216
0.295150488615036 0.5548602938652039
0.29861006140708923 0.5712184309959412
0.2973049581050873 0.5837358236312866
0.29902392625808716 0.5979747772216797
0.30331137776374817 0.6062508821487427
0.29426273703575134 0.6104752421379089
0.300349622964859 0.6343560218811035
0.3077317774295807 0.6398356556892395
0.29876282811164856 0.6445097923278809
0.30379724502563477 0.6619804501533508
0.3073144853115082 0.6672468781471252
0.3097078204154968 0.6741004586219788
0.306736558675766 0.687518298625946
0.3140115737915039 0.7059839963912964
0.3106975555419922 0.2646554112434387
0.3050929009914398 0.2904506027698517
0.309259831905365 0.3019004166126251
0.30733922123908997 0.3194456696510315
0.2996040880680084 0.33178406953811646
0.29903069138526917 0.3583969473838806
0.29493629932403564 0.3679036796092987
0.29754242300987244 0.3984920084476471
0.3008594810962677 0.4112493395805359
0.29175785183906555 0.4176257252693176
0.29579704999923706 0.4457986652851105
0.29412075877189636 0.45184236764907837
0.29933542013168335 0.4800683856010437
0.29298365116119385 0.4873262941837311
0.2988639175891876 0.49261051416397095
0.2970585525035858 0.5128332376480103
0.2996791899204254 0.5207298398017883
0.30097222328186035 0.5384269952774048
0.30238693952560425 0.5563819408416748
0.30555811524391174 0.574811577796936
0.3082602322101593 0.5807102918624878
0.31524381041526794 0.5933362245559692
0.31083470582962036 0.6024416089057922
0.3041284382343292 0.6131141185760498
0.3062456548213959 0.6221032738685608
0.3141126334667206 0.6360144019126892
0.3244788944721222 0.6412636637687683
0.3151080310344696 0.6527190208435059
0.3203653395175934 0.6720700860023499
0.31839755177497864 0.6824458241462708
0.3230135142803192 0.6980006694793701
0.3188047409057617 0.7569278478622437
0.3251859247684479 0.25209134817123413
0.31735172867774963 0.2724604606628418
0.31372183561325073 0.29392415285110474
0.31827858090400696 0.31791406869888306
0.3099297881126404 0.3385935425758362
0.30164629220962524 0.34782180190086365
0.30624568462371826 0.37106233835220337
0.3060218393802643 0.38246509432792664
0.30287185311317444 0.3951460123062134
0.30425676703453064 0.4242698848247528
0.30190786719322205 0.4362000524997711
0.2991331219673157 0.4594055414199829
0.3036031126976013 0.4704758822917938
0.3113550841808319 0.47773978114128113
0.3009331524372101 0.5070753693580627
0.3149614930152893 0.5184224843978882
0.309639573097229 0.5284794569015503
0.3109578788280487 0.5438864231109619
0.3158198297023773 0.5520245432853699
0.30882692337036133 0.561398446559906
0.31950005888938904 0.5760113596916199
0.31790557503700256 0.5862155556678772
0.3249815106391907 0.6097931265830994
0.3184676170349121 0.6186621189117432
0.3305202126502991 0.6280020475387573
0.32281553745269775 0.6300885081291199
0.32556530833244324 0.64808589220047
0.3318915367126465 0.6498892903327942
0.32533541321754456 0.6649423837661743
0.33087995648384094 0.6810967326164246
0.3388904333114624 0.6928040385246277
0.3269349932670593 0.7194808721542358
0.31551241874694824 0.24322956800460815
0.31865066289901733 0.28470268845558167
0.32162341475486755 0.3007534146308899
0.3245769739151001 0.3243337571620941
0.3124116063117981 0.3271484375
0.31587326526641846 0.3539601266384125
0.3123282194137573 0.36477261781692505
0.30869221687316895 0.3910720646381378
0.30969682335853577 0.4086763858795166
0.3074006140232086 0.42213913798332214
0.3157903254032135 0.4465724527835846
0.3069113790988922 0.4488097131252289
0.3105965554714203 0.4634973108768463
0.30806028842926025 0.4832151234149933
0.3111686110496521 0.5023815631866455
0.3197169303894043 0.5129004716873169
0.31858590245246887 0.5346857309341431
0.32463201880455017 0.5408259034156799
0.3229983448982239 0.5603711009025574
0.3212931156158447 0.566764771938324
0.33272022008895874 0.5822047591209412
0.326974093914032 0.5973523855209351
0.33645910024642944 0.6063536405563354
0.3362540304660797 0.6211274862289429
0.33695584535598755 0.6343264579772949
0.33891966938972473 0.6417330503463745
0.3433864414691925 0.6484482288360596
0.33734843134880066 0.6608983278274536
0.33515989780426025 0.6697041392326355
0.34406542778015137 0.681270182132721
0.3389391005039215 0.702538013458252
0.3499075174331665 0.7447654604911804
0.32441526651382446 0.2631654143333435
0.33437901735305786 0.2861338257789612
0.32829001545906067 0.29243984818458557
0.3295363485813141 0.31541064381599426
0.32596153020858765 0.33985310792922974
0.32042166590690613 0.34800922870635986
0.3226759731769562 0.36721399426460266
0.3168103098869324 0.3836119771003723
0.31406545639038086 0.4017172157764435
0.31500375270843506 0.41578948497772217
0.3179193139076233 0.4333540201187134
0.3151073157787323 0.45492568612098694
0.3198118507862091 0.47008979320526123
0.3207494020462036 0.490671306848526
0.32821860909461975 0.4964340329170227
0.3250085711479187 0.5237171053886414
0.3311077654361725 0.5295184850692749
0.3296867311000824 0.5455265045166016
0.33074232935905457 0.558617889881134
0.33419832587242126 0.5709384679794312
0.3381344974040985 0.5936651229858398
0.3412471115589142 0.6007301807403564
0.3439083993434906 0.6061109304428101
0.35581812262535095 0.6176422834396362
0.34602659940719604 0.6264457702636719
0.352436900138855 0.6458763480186462
0.3530924618244171 0.6555626392364502
0.34580370783805847 0.6654407978057861
0.34880027174949646 0.6779630184173584
0.3527586758136749 0.6874659061431885
0.3557407557964325 0.6962436437606812
0.34706971049308777 0.7250720262527466
0.33178049325942993 0.2363627403974533
0.3392186760902405 0.2707044780254364
0.33385980129241943 0.3052859306335449
0.32628944516181946 0.3085213899612427
0.33206313848495483 0.33110371232032776
0.3260451853275299 0.35608914494514465
0.3195967972278595 0.3732025921344757
0.325362890958786 0.38918086886405945
0.3203595280647278 0.39833304286003113
0.3301016390323639 0.4147070050239563
0.32773536443710327 0.4389099180698395
0.325058251619339 0.45589202642440796
0.33653342723846436 0.4624723494052887
0.3308766186237335 0.4857909083366394
0.3353569805622101 0.49878814816474915
0.3355337679386139 0.5179252624511719
0.3354990780353546 0.5376569628715515
0.34652915596961975 0.5525334477424622
0.3403066396713257 0.5692771077156067
0.3445468246936798 0.5777603983879089
0.34886741638183594 0.5881132483482361
0.3580777049064636 0.5992451906204224
0.36551761627197266 0.6087153553962708
0.3531567454338074 0.6126849055290222
0.36300450563430786 0.6288632154464722
0.35947081446647644 0.6444382667541504
0.366336852312088 0.6463929414749146
0.3564681112766266 0.6610651612281799
0.36106008291244507 0.6704911589622498
0.37092527747154236 0.6766633987426758
0.3633655905723572 0.6936807632446289
0.36492788791656494 0.7735697031021118
0.3470011353492737 0.24834933876991272
0.34660011529922485 0.27657756209373474
0.34386494755744934 0.29478636384010315
0.3395402729511261 0.3165477514266968
0.33928346633911133 0.3363232910633087
0.33281227946281433 0.34156906604766846
0.3346291184425354 0.36623749136924744
0.32967063784599304 0.3776322305202484
0.33461475372314453 0.4065125584602356
0.32648101449012756 0.42161235213279724
0.3302942216396332 0.43001726269721985
0.3389464318752289 0.44145670533180237
0.33383041620254517 0.4731760621070862
0.34367263317108154 0.48087263107299805
0.3396197259426117 0.5071125030517578
0.3383105397224426 0.5220514535903931
0.3492642343044281 0.537829577922821
0.35582494735717773 0.5562654137611389
0.35746607184410095 0.5736518502235413
0.3715900778770447 0.5815143585205078
0.3654961884021759 0.5928616523742676
0.37260618805885315 0.6032643914222717
0.3760693669319153 0.615822434425354
0.3704310953617096 0.6229315996170044
0.36753302812576294 0.6364472508430481
0.37720927596092224 0.6406208276748657
0.3740547299385071 0.6508150100708008
0.3778058588504791 0.6596177220344543
0.3728066086769104 0.6674133539199829
0.3720645308494568 0.6864084005355835
0.36300182342529297 0.7067185044288635
0.38080063462257385 0.7307614684104919
0.3608214855194092 0.22595955431461334
0.3524641692638397 0.2570265829563141
0.3516319692134857 0.2890984117984772
0.3475244641304016 0.308000385761261
0.3439297378063202 0.32756003737449646
0.3446311354637146 0.3430810868740082
0.3414269685745239 0.3586883842945099
0.34265679121017456 0.3866502642631531
0.34076035022735596 0.3919687867164612
0.3423439860343933 0.4173065721988678
0.35032910108566284 0.4414995014667511
0.3425072431564331 0.45252978801727295
0.3501244783401489 0.4675123393535614
0.3480274975299835 0.4928448796272278
0.34611377120018005 0.5089154839515686
0.3584628105163574 0.5262492895126343
0.36922407150268555 0.5434903502464294
0.3618824779987335 0.5567464232444763
0.3781757950782776 0.5683741569519043
0.3863476812839508 0.586524248123169
0.3878699243068695 0.5987726449966431
0.383828729391098 0.6097055077552795
0.3939972519874573 0.6098583936691284
0.3929187059402466 0.6264675855636597
0.3885156810283661 0.6318523287773132
0.3862772583961487 0.6450437903404236
0.382201611995697 0.6513815522193909
0.3946070969104767 0.6523381471633911
0.39037513732910156 0.6727440357208252
0.3855258822441101 0.6818025708198547
0.37854886054992676 0.7022457122802734
0.38712310791015625 0.7110183238983154
0.34036606550216675 0.21231107413768768
0.35908710956573486 0.2732274532318115
0.3574110269546509 0.29306334257125854
0.35676613450050354 0.3113965094089508
0.3540220558643341 0.3196410536766052
0.34986767172813416 0.3352292776107788
0.35002145171165466 0.35577940940856934
0.343382865190506 0.36931413412094116
0.34737512469291687 0.3972398638725281
0.35483407974243164 0.4046670198440552
0.3494674861431122 0.42727717757225037
0.35135921835899353 0.45486247539520264
0.35343578457832336 0.4750848412513733
0.35408860445022583 0.4942814111709595
0.3667803704738617 0.5172109007835388
0.3760559558868408 0.5322155356407166
0.38137122988700867 0.5502122640609741
0.39890509843826294 0.5674641132354736
0.40049266815185547 0.5799245238304138
0.3948591649532318 0.5904903411865234
0.4031783938407898 0.5983706116676331
0.4024510681629181 0.6064339876174927
0.391061007976532 0.6213798522949219
0.4092823266983032 0.6252585649490356
0.40048947930336 0.6283321976661682
0.395309180021286 0.6384351253509521
0.4055667221546173 0.6499903798103333
0.40142422914505005 0.6612753868103027
0.4030577838420868 0.6675248146057129
0.39846697449684143 0.6789028644561768
0.39009082317352295 0.6942945122718811
0.4009243845939636 0.746830403804779
0.3620480000972748 0.24540118873119354
0.3625856935977936 0.2639435827732086
0.36642125248908997 0.2843187749385834
0.3677433729171753 0.30561473965644836
0.3640238046646118 0.321990430355072
0.3643018305301666 0.3411063253879547
0.3599517047405243 0.36253851652145386
0.3550501763820648 0.38002628087997437
0.362873375415802 0.39490243792533875
0.35734033584594727 0.4241864085197449
0.366889625787735 0.4352840185165405
0.36566686630249023 0.4553099274635315
0.3658823072910309 0.4872945547103882
0.38177645206451416 0.5074349641799927
0.39194098114967346 0.5262519121170044
0.4078685939311981 0.5557078123092651
0.41474878787994385 0.5677011013031006
0.4228903353214264 0.5729500651359558
0.4123310446739197 0.5837894678115845
0.41777586936950684 0.5935731530189514
0.4196857213973999 0.6074174642562866
0.43467947840690613 0.6041011214256287
0.4087848365306854 0.6129089593887329
0.4239118993282318 0.622647225856781
0.41809388995170593 0.633916974067688
0.41273659467697144 0.6384751200675964
0.42200300097465515 0.6493725180625916
0.4155677556991577 0.6572731137275696
0.4102996587753296 0.6739545464515686
0.40212705731391907 0.6914547681808472
0.4149942994117737 0.7011944651603699
0.40942615270614624 0.7753010988235474
0.3798520863056183 0.23939409852027893
0.3728158473968506 0.26000383496284485
0.37315434217453003 0.2938411831855774
0.37958598136901855 0.30099084973335266
0.37629434466362 0.3170423209667206
0.37208959460258484 0.3489316999912262
0.36808428168296814 0.37564387917518616
0.37622252106666565 0.3900066018104553
0.3721267879009247 0.4083496928215027
0.37637320160865784 0.4262940287590027
0.3785146176815033 0.44547706842422485
0.39039507508277893 0.46531879901885986
0.39729180932044983 0.4917525351047516
0.4120892286300659 0.5125188827514648
0.4203394949436188 0.5374014973640442
0.425212562084198 0.5491801500320435
0.44322696328163147 0.5622901320457458
0.4378223121166229 0.5772634744644165
0.4318138659000397 0.5877758264541626
0.4370896816253662 0.5950649976730347
0.44793930649757385 0.6030813455581665
0.44287294149398804 0.6085847616195679
0.4335900843143463 0.6199802756309509
0.4385676085948944 0.6286801099777222
0.4286114275455475 0.633274257183075
0.4363819360733032 0.640008807182312
0.432431161403656 0.6451419591903687
0.4273774325847626 0.6605268716812134
0.42214369773864746 0.6693509817123413
0.4243917763233185 0.6827530264854431
0.4115222096443176 0.689979612827301
0.40628671646118164 0.7141115665435791
0.3733190596103668 0.20689234137535095
0.3855251669883728 0.2659607231616974
0.37968242168426514 0.28119978308677673
0.3850190043449402 0.3092924654483795
0.3795248866081238 0.3284468650817871
0.38964807987213135 0.3461207151412964
0.3842642903327942 0.3651791214942932
0.3875214457511902 0.38381528854370117
0.38767656683921814 0.4065665304660797
0.3956100642681122 0.42750293016433716
0.40987712144851685 0.44775211811065674
0.420913428068161 0.4765826165676117
0.4394424855709076 0.499393492937088
0.44666099548339844 0.5196290016174316
0.45838963985443115 0.5416508913040161
0.4604083299636841 0.557543933391571
0.4735428988933563 0.5658875703811646
0.4684942960739136 0.5781768560409546
0.4517965614795685 0.5808645486831665
0.4557807147502899 0.5944947004318237
0.46194425225257874 0.6067845821380615
0.46579062938690186 0.6103050708770752
0.4513246417045593 0.6178264617919922
0.45857104659080505 0.6235418319702148
0.4546252191066742 0.6283262372016907
0.44424062967300415 0.635439395904541
0.4442499279975891 0.6473495960235596
0.4390173852443695 0.65877765417099
0.43858665227890015 0.6687085628509521
0.433893084526062 0.6759533882141113
0.43054887652397156 0.7024808526039124
0.4225735068321228 0.7178094387054443
0.4014376699924469 0.2294808030128479
0.40131255984306335 0.25425246357917786
0.3926497995853424 0.28711795806884766
0.4001117944717407 0.3153802156448364
0.3959519565105438 0.3317681550979614
0.40054503083229065 0.35621151328086853
0.4024743437767029 0.3705272078514099
0.40549734234809875 0.39583101868629456
0.4097246825695038 0.4141521155834198
0.4327343702316284 0.4397728443145752
0.4579969644546509 0.46005621552467346
0.46499618887901306 0.4904855787754059
0.4726613163948059 0.5120603442192078
0.47412875294685364 0.5307732820510864
0.47708654403686523 0.542540967464447
0.49741750955581665 0.5564291477203369
0.49934253096580505 0.5694741010665894
0.48282235860824585 0.5743905901908875
0.4854888319969177 0.5853734612464905
0.4682571291923523 0.5896233916282654
0.48684749007225037 0.5979077219963074
0.4724403917789459 0.6008465886116028
0.4798000752925873 0.6149294972419739
0.4723777770996094 0.6226175427436829
0.46681830286979675 0.6308517456054688
0.4641457498073578 0.6387236714363098
0.45862528681755066 0.6473597288131714
0.4555121064186096 0.6542034149169922
0.45340752601623535 0.6639596819877625
0.4493172764778137 0.6800619959831238
0.44139617681503296 0.6896176338195801
0.4530078172683716 0.7296499013900757
0.4202513098716736 0.21340329945087433
0.4020420014858246 0.2703939974308014
0.414985716342926 0.29752397537231445
0.41593945026397705 0.31808778643608093
0.41805872321128845 0.3375217318534851
0.4215308129787445 0.3622804880142212
0.4258919358253479 0.380734384059906
0.4423382580280304 0.403815895318985
0.4633220136165619 0.43161892890930176
0.4824391305446625 0.4619009494781494
0.49480730295181274 0.48923540115356445
0.50132817029953 0.500433623790741
0.5042332410812378 0.5250349044799805
0.5269715785980225 0.5372680425643921
0.5102680325508118 0.5410488843917847
0.5184040069580078 0.5506930351257324
0.5154809951782227 0.5623350143432617
0.5091218948364258 0.5774711966514587
0.5042127966880798 0.5804202556610107
0.5061048865318298 0.5912996530532837
0.49714887142181396 0.6016234755516052
0.4922768473625183 0.6017633080482483
0.49169012904167175 0.6090923547744751
0.485469788312912 0.6169952154159546
0.4797452986240387 0.6244862675666809
0.473110556602478 0.636153519153595
0.47485998272895813 0.6398720741271973
0.4702855944633484 0.6539108157157898
0.46713611483573914 0.6606709361076355
0.46082088351249695 0.6736626625061035
0.45565688610076904 0.6940149068832397
0.4519523084163666 0.7620900869369507
0.42937323451042175 0.24460655450820923
0.4246547222137451 0.27680179476737976
0.43578699231147766 0.29154160618782043
0.43422526121139526 0.3219785988330841
0.43859875202178955 0.3430163860321045
0.4503333866596222 0.3695381283760071
0.47789162397384644 0.4002165198326111
0.49098464846611023 0.42392662167549133
0.5084450840950012 0.45763099193573
0.5232025980949402 0.47915950417518616
0.5320656895637512 0.4958995282649994
0.5337309837341309 0.5170360803604126
0.5606813430786133 0.520732045173645
0.5507949590682983 0.5351401567459106
0.5522196292877197 0.545341432094574
0.5422161221504211 0.5600849986076355
0.5222899317741394 0.5683364868164062
0.5349020957946777 0.585952639579773
0.530876874923706 0.5743398666381836
0.5242301821708679 0.5836659073829651
0.5172114968299866 0.5902712345123291
0.5143561363220215 0.595939576625824
0.5076558589935303 0.6054604053497314
0.50334632396698 0.612881600856781
0.49815478920936584 0.6206791996955872
0.4949142038822174 0.6258863806724548
0.48511725664138794 0.6351183652877808
0.4777463972568512 0.646647572517395
0.4852609932422638 0.6566751599311829
0.47450172901153564 0.6727365255355835
0.4714309275150299 0.6870874762535095
0.4616627097129822 0.7064101099967957
0.4437659680843353 0.22263763844966888
0.4528982937335968 0.26011258363723755
0.457211434841156 0.30130869150161743
0.4609013795852661 0.32720762491226196
0.4809824526309967 0.3608569800853729
0.49219074845314026 0.38616442680358887
0.5202962756156921 0.41429072618484497
0.528786838054657 0.4332239627838135
0.5526057481765747 0.4621591866016388
0.5671400427818298 0.476306289434433
0.5678918361663818 0.49601858854293823
0.5822116732597351 0.5118443369865417
0.5833488702774048 0.52232825756073
0.568763792514801 0.5330733060836792
0.5767379999160767 0.5426682233810425
0.560468316078186 0.5528311133384705
0.5653142929077148 0.5607280135154724
0.5554140210151672 0.5587388873100281
0.5481237769126892 0.5646668076515198
0.5488755106925964 0.5771430730819702
0.5388434529304504 0.5796458125114441
0.5319626927375793 0.5940616726875305
0.5249298810958862 0.600319504737854
0.5194978713989258 0.6143962740898132
0.5160011649131775 0.6179018616676331
0.5100422501564026 0.6251457929611206
0.5087494254112244 0.6389055848121643
0.5008179545402527 0.6433993577957153
0.49318990111351013 0.6476743817329407
0.4813140034675598 0.665813148021698
0.4918646514415741 0.6996607184410095
0.4800155460834503 0.7564424872398376
0.4773826599121094 0.23828718066215515
0.47891727089881897 0.270933598279953
0.48274102807044983 0.3142250180244446
0.5108444094657898 0.3463454246520996
0.5247225165367126 0.38062065839767456
0.552344560623169 0.405283659696579
0.5553709864616394 0.43061450123786926
0.5808221697807312 0.44672462344169617
0.5895727276802063 0.4734894037246704
0.6070056557655334 0.4840940535068512
0.5911633372306824 0.502219021320343
0.6126586198806763 0.5080763101577759
0.6057713031768799 0.5187046527862549
0.598167359828949 0.5323421955108643
0.5886443853378296 0.5354731678962708
0.5901751518249512 0.5404185652732849
0.5834293961524963 0.5466246604919434
0.5765306949615479 0.5564405918121338
0.5691513419151306 0.5658577084541321
0.5640776753425598 0.5711309313774109
0.5578082799911499 0.5865691900253296
0.5524787902832031 0.589802086353302
0.5406923890113831 0.596723198890686
0.5360907316207886 0.6026298403739929
0.5286301970481873 0.607870876789093
0.5257420539855957 0.6228420734405518
0.5216885805130005 0.6295764446258545
0.5181611180305481 0.6422788500785828
0.5079031586647034 0.6520800590515137
0.5011035799980164 0.6651692986488342
0.497012734413147 0.6786453723907471
0.48194944858551025 0.7146801948547363
0.5095811486244202 0.24541164934635162
0.5075172781944275 0.28932642936706543
0.5367239117622375 0.33275288343429565
0.5557011961936951 0.3675372898578644
0.5813313722610474 0.39604777097702026
0.6001812219619751 0.42147931456565857
0.6154935956001282 0.44901520013809204
0.6271246671676636 0.4680790305137634
0.6320810914039612 0.48736101388931274
0.6455242037773132 0.4942916929721832
0.624042272567749 0.5053163170814514
0.6352335810661316 0.509311854839325
0.6245756149291992 0.5157676339149475
0.6177087426185608 0.5232951045036316
0.6206136345863342 0.5300406813621521
0.6149202585220337 0.5345308780670166
0.6046717762947083 0.5449928641319275
0.5976856350898743 0.553828775882721
0.5900080800056458 0.560919463634491
0.5816248655319214 0.5636724233627319
0.577849268913269 0.5726239085197449
0.5734010338783264 0.5799188017845154
0.5640735030174255 0.5891168117523193
0.5567220449447632 0.5939329862594604
0.5494251251220703 0.6038088202476501
0.5422158241271973 0.6156505942344666
0.5347535610198975 0.6252139210700989
0.530533492565155 0.6333085894584656
0.5244988799095154 0.6456470489501953
0.5196417570114136 0.655136227607727
0.5085051655769348 0.6750766634941101
0.5231888294219971 0.6876160502433777
0.5523577332496643 0.2668014466762543
0.5655567646026611 0.32156816124916077
0.5935695171356201 0.35668623447418213
0.6105684638023376 0.3889022767543793
0.6332205533981323 0.4236062467098236
0.6452051401138306 0.43614158034324646
0.6625695824623108 0.454161673784256
0.6539222002029419 0.4697825610637665
0.6701042056083679 0.48129114508628845
0.648963987827301 0.47863003611564636
0.6536778807640076 0.4965282082557678
0.6588852405548096 0.5019457936286926
0.6463885307312012 0.5060949325561523
0.6402051448822021 0.5156376361846924
0.6379135847091675 0.5221590399742126
0.6280650496482849 0.5276430249214172
0.6266818642616272 0.5380664467811584
0.6187731027603149 0.5484467148780823
0.6104638576507568 0.5555922985076904
0.5978250503540039 0.5618095993995667
0.5958125591278076 0.5697088837623596
0.5872583389282227 0.5770320892333984
0.583921492099762 0.5820560455322266
0.5721390843391418 0.5903504490852356
0.5651146769523621 0.5972395539283752
0.5611618161201477 0.6089833974838257
0.5562787055969238 0.6181656718254089
0.5459441542625427 0.628983199596405
0.5430929660797119 0.6417866945266724
0.5339141488075256 0.6565156579017639
0.525623083114624 0.6689386963844299
0.5161381959915161 0.7203750610351562
0.5978748798370361 0.28866443037986755
0.6307761073112488 0.3424772322177887
0.6432213187217712 0.38846054673194885
0.6632286906242371 0.40910106897354126
0.6777021884918213 0.42926326394081116
0.6830835342407227 0.44766536355018616
0.6996718049049377 0.4532804787158966
0.6756102442741394 0.46486401557922363
0.6871300935745239 0.47345203161239624
0.6938415765762329 0.4763738512992859
0.6743176579475403 0.491239070892334
0.6706348657608032 0.4930337071418762
0.6724461913108826 0.501318097114563
0.653190016746521 0.5100433230400085
0.6623796820640564 0.5168722867965698
0.6508328914642334 0.5230247974395752
0.647814929485321 0.532166600227356
0.6442139148712158 0.5387747883796692
0.6337304711341858 0.5469037890434265
0.6239053010940552 0.5514969229698181
0.6184201836585999 0.5628473162651062
0.6109836101531982 0.5721509456634521
0.6014765501022339 0.575108528137207
0.5941359996795654 0.583006739616394
0.5804658532142639 0.5932956337928772
0.5767380595207214 0.6035943031311035
0.5660550594329834 0.6119081974029541
0.5582329630851746 0.6253320574760437
0.5590898394584656 0.6338978409767151
0.5500046014785767 0.648623526096344
0.5338630080223083 0.6809550523757935
0.5204440951347351 0.7515696883201599
0.628065288066864 0.3070974051952362
0.6714446544647217 0.3667720556259155
0.6944364309310913 0.39925605058670044
0.7095857858657837 0.41647666692733765
0.7109367251396179 0.43620309233665466
0.7172132730484009 0.44479307532310486
0.7116072177886963 0.4563155770301819
0.7218547463417053 0.46556395292282104
0.6990726590156555 0.466844767332077
0.7070008516311646 0.4748375713825226
0.7035984992980957 0.48362261056900024
0.6952828764915466 0.4896204471588135
0.6937243342399597 0.49542978405952454
0.6905377507209778 0.5022352337837219
0.6857816576957703 0.5084799528121948
0.6750432252883911 0.5119964480400085
0.6681033968925476 0.5253746509552002
0.6581562757492065 0.5369336605072021
0.6531367897987366 0.5433971881866455
0.6477686166763306 0.5512365698814392
0.6360361576080322 0.5572285652160645
0.6280871033668518 0.5607584714889526
0.62191241979599 0.5702475309371948
0.6168562173843384 0.5805671215057373
0.6044679880142212 0.5836837887763977
0.5933517813682556 0.5941563844680786
0.5866086483001709 0.6079387664794922
0.5802878737449646 0.6136468052864075
0.5679704546928406 0.6218398213386536
0.5686396956443787 0.6372296810150146
0.5541632771492004 0.6623993515968323
0.5424180030822754 0.708458423614502
0.6878554821014404 0.32628676295280457
0.7139718532562256 0.37351274490356445
0.7297696471214294 0.39975202083587646
0.7338476777076721 0.42102670669555664
0.73688805103302 0.4321998357772827
0.7527285814285278 0.4408282935619354
0.7323211431503296 0.4504213035106659
0.7476473450660706 0.45439594984054565
0.7448840737342834 0.4653797447681427
0.7278963923454285 0.4691731333732605
0.7360507845878601 0.4734673798084259
0.7199950218200684 0.4820261001586914
0.7140993475914001 0.4926982820034027
0.7102077007293701 0.4946558475494385
0.7052690982818604 0.5056183338165283
0.699202835559845 0.5125667452812195
0.6911526322364807 0.5252716541290283
0.6788473725318909 0.5200000405311584
0.6807863116264343 0.5317152738571167
0.6699960231781006 0.5383220911026001
0.6620066165924072 0.5450599789619446
0.6567566394805908 0.5544722676277161
0.6515234112739563 0.5624607801437378
0.6327453851699829 0.5666238069534302
0.6301044225692749 0.5727407932281494
0.6174376606941223 0.586883008480072
0.6064494252204895 0.5952020287513733
0.5996791124343872 0.6100218892097473
0.5904016494750977 0.6188989281654358
0.5832380652427673 0.6307739615440369
0.572668731212616 0.6522766947746277
0.5622617602348328 0.6807973384857178
0.7279691100120544 0.3338468074798584
0.7513187527656555 0.3863402307033539
0.762978196144104 0.4061867594718933
0.7567100524902344 0.42086902260780334
0.7751575708389282 0.4254765510559082
0.7692167162895203 0.43626344203948975
0.7648522853851318 0.44872620701789856
0.7726565003395081 0.45735377073287964
0.7535011768341064 0.46153032779693604
0.7627747058868408 0.4636073410511017
0.7511903643608093 0.47604694962501526
0.749049723148346 0.4787088930606842
0.7377983331680298 0.48340490460395813
0.7312048673629761 0.48629191517829895
0.726449191570282 0.4950147867202759
0.7203732132911682 0.49994564056396484
0.7173839807510376 0.5090788006782532
0.7146442532539368 0.5136293768882751
0.7053675651550293 0.519240140914917
0.6921811103820801 0.5342140197753906
0.6838057041168213 0.5415128469467163
0.6752375960350037 0.5459150671958923
0.6713221073150635 0.552463173866272
0.658640444278717 0.5644510984420776
0.6456713676452637 0.5684373378753662
0.6383134126663208 0.57618248462677
0.6257653832435608 0.584685206413269
0.6206748485565186 0.6025838851928711
0.6174586415290833 0.6133866906166077
0.6032770872116089 0.6230857968330383
0.5949358344078064 0.6474054455757141
0.5692195892333984 0.73343825340271
0.7705671787261963 0.3455796241760254
0.783099353313446 0.3840489387512207
0.7899404168128967 0.40151920914649963
0.7920815944671631 0.41683223843574524
0.7956191301345825 0.4294871687889099
0.8056731820106506 0.4310269355773926
0.7975905537605286 0.4457217752933502
0.7821611762046814 0.43825364112854004
0.787621021270752 0.45152267813682556
0.7884809970855713 0.4640814960002899
0.7779013514518738 0.4624451994895935
0.7707805633544922 0.4682754874229431
0.7751638293266296 0.4710504114627838
0.7654157280921936 0.4815318286418915
0.7559836506843567 0.4854329228401184
0.7480348348617554 0.4928402006626129
0.7447717785835266 0.5047556757926941
0.7332934141159058 0.5041534900665283
0.729416012763977 0.5107581615447998
0.7247623801231384 0.519891083240509
0.7113133072853088 0.5273509621620178
0.7021569609642029 0.5369372963905334
0.6955130100250244 0.5438820719718933
0.6870550513267517 0.5505598783493042
0.6799682378768921 0.5578272342681885
0.6686052680015564 0.5722643733024597
0.650317907333374 0.5780762434005737
0.6397452354431152 0.5859884023666382
0.6332998871803284 0.6056503653526306
0.6269460916519165 0.6223159432411194
0.6111295819282532 0.6376230716705322
0.5866843461990356 0.6667603850364685
0.8016819953918457 0.356783926486969
0.8124396800994873 0.3883885443210602
0.8058047890663147 0.40787407755851746
0.818023681640625 0.41363081336021423
0.8240830302238464 0.42710578441619873
0.8212138414382935 0.43249157071113586
0.8087897300720215 0.4401419460773468
0.8167378902435303 0.4422370195388794
0.8100746870040894 0.44815754890441895
0.8136069178581238 0.45400184392929077
0.8026785254478455 0.4570351541042328
0.7985397577285767 0.46548348665237427
0.7905935645103455 0.47097593545913696
0.7845861315727234 0.4744502305984497
0.7773779034614563 0.48031216859817505
0.775489091873169 0.4887446165084839
0.7655478715896606 0.49406594038009644
0.7575385570526123 0.5016545057296753
0.7557709813117981 0.5081930756568909
0.7482395172119141 0.5121941566467285
0.7343134880065918 0.5176604986190796
0.7298262715339661 0.5349736213684082
0.722719132900238 0.5293455719947815
0.7136477828025818 0.5441775918006897
0.7068734169006348 0.5484488606452942
0.6859555840492249 0.5619098544120789
0.6831665635108948 0.5774718523025513
0.664543092250824 0.581091582775116
0.6550525426864624 0.5940874814987183
0.6472477912902832 0.6130424737930298
0.6314948201179504 0.6441221237182617
0.6070020198822021 0.697129487991333
0.8253039717674255 0.36596477031707764
0.8357810974121094 0.3964269161224365
0.8527278900146484 0.4017687141895294
0.8486985564231873 0.41861897706985474
0.8399219512939453 0.4108238220214844
0.8354882001876831 0.42668500542640686
0.8449223041534424 0.4362812340259552
0.8503506183624268 0.43919599056243896
0.837590217590332 0.4424649775028229
0.827772319316864 0.44530463218688965
0.8379963040351868 0.4515649378299713
0.8313105702400208 0.4612937271595001
0.8218207955360413 0.4669765532016754
0.8096179962158203 0.46868693828582764
0.8154509663581848 0.4735696017742157
0.8037441968917847 0.48315510153770447
0.7947104573249817 0.483006089925766
0.7889528870582581 0.4894058406352997
0.7805536389350891 0.5002768039703369
0.7660220861434937 0.5041788816452026
0.7715657353401184 0.5107215642929077
0.7688121199607849 0.5188314914703369
0.7507369518280029 0.5212370753288269
0.7402555346488953 0.5253404974937439
0.7395291924476624 0.5395203232765198
0.7248802781105042 0.5508282780647278
0.7128118872642517 0.5607413649559021
0.7035101056098938 0.567061185836792
0.6981917023658752 0.5794572830200195
0.6733217835426331 0.5981186628341675
0.6628915667533875 0.6268051266670227
0.6404914259910583 0.6794218420982361
0.8490431904792786 0.3629291355609894
0.8730616569519043 0.3965645432472229
0.8872010707855225 0.40424802899360657
0.8653484582901001 0.4065195918083191
0.8771620988845825 0.41126617789268494
0.8579367995262146 0.4223143756389618
0.8725768327713013 0.4254567325115204
0.8650773167610168 0.4359670877456665
0.878063976764679 0.43952009081840515
0.8674079179763794 0.44687268137931824
0.8528382778167725 0.4473557472229004
0.8624164462089539 0.45714887976646423
0.8538073301315308 0.459025502204895
0.846098780632019 0.4566148519515991
0.8421098589897156 0.4694422483444214
0.8356920480728149 0.4731576442718506
0.8328253626823425 0.4804164171218872
0.8258179426193237 0.4774464964866638
0.820158839225769 0.48761695623397827
0.8042967915534973 0.4944666922092438
0.8118206858634949 0.5054797530174255
0.7973060607910156 0.5023522973060608
0.7910380363464355 0.517352283000946
0.7866978645324707 0.5262978672981262
0.7582894563674927 0.5296184420585632
0.7760037779808044 0.5326715707778931
0.7482572197914124 0.5473587512969971
0.7545820474624634 0.5590868592262268
0.7273961305618286 0.5708822011947632
0.7341464757919312 0.5854987502098083
0.6927437782287598 0.6033600568771362
0.6771768927574158 0.6476854681968689
0.8844451904296875 0.37138938903808594
0.9046686291694641 0.37551915645599365
0.9195408225059509 0.3908338248729706
0.9095512628555298 0.4057256579399109
0.912407636642456 0.4187067151069641
0.8823431134223938 0.41671860218048096
0.8976768255233765 0.4241520166397095
0.9227725267410278 0.43336862325668335
0.8870784640312195 0.43070828914642334
0.9081227779388428 0.4371550679206848
0.9150492548942566 0.45618829131126404
0.8938820958137512 0.44952526688575745
0.8814502954483032 0.45471420884132385
0.8732824921607971 0.46177202463150024
0.9094386100769043 0.47431859374046326
0.8568299412727356 0.4729430377483368
0.8858562707901001 0.4742991328239441
0.8931211233139038 0.500876784324646
0.8689366579055786 0.4810543954372406
0.8431068062782288 0.48484572768211365
0.8262385725975037 0.49592483043670654
0.8498790860176086 0.5037070512771606
0.8744593858718872 0.5061495900154114
0.8356664776802063 0.5127784013748169
0.8144071698188782 0.5194799900054932
0.8596526980400085 0.5246403217315674
0.8043126463890076 0.5376248359680176
0.831725537776947 0.5506437420845032
0.7780874371528625 0.5533551573753357
0.7967454195022583 0.5695080161094666
0.7633756399154663 0.5944357514381409
0.724202036857605 0.6216784715652466
