0.7015269592237204

0.5118798017501831 0.5475490093231201 0.5576052069664001
0.47909581661224365 0.4840318560600281 0.4727468490600586
0.5950148701667786 0.64311283826828 0.6407472491264343
0.3397868275642395 0.37903109192848206 0.3559595048427582
0.3217998445034027 0.340579628944397 0.27337881922721863
0.5391157269477844 0.560347855091095 0.554313063621521
0.6126552820205688 0.6466771960258484 0.6565261483192444
0.490778386592865 0.4893241226673126 0.45524996519088745
0.6759573221206665 0.7108922004699707 0.7159441709518433
0.5772889852523804 0.6141783595085144 0.6272545456886292
0.5135345458984375 0.5490239262580872 0.5331763029098511
0.45802363753318787 0.49744173884391785 0.49237626791000366
0.5270652174949646 0.5627720355987549 0.5663636922836304
0.49703019857406616 0.5247299075126648 0.539050281047821
0.4103350043296814 0.44590887427330017 0.41921788454055786
0.28557127714157104 0.3043868839740753 0.2792975902557373
0.32291334867477417 0.3336167335510254 0.2966706156730652
0.3843745291233063 0.41135817766189575 0.38841143250465393
0.477453351020813 0.4857088625431061 0.45885223150253296
0.4171002209186554 0.4149280786514282 0.35105466842651367
0.22420378029346466 0.2467881292104721 0.2233872413635254
0.29790985584259033 0.2896210253238678 0.2424778938293457
0.3473738729953766 0.3896321952342987 0.3693772852420807
0.3933328092098236 0.41447412967681885 0.3859569728374481
0.2221236526966095 0.25366854667663574 0.22664739191532135
0.4043924808502197 0.37491679191589355 0.3505830466747284
0.4077514410018921 0.4284447133541107 0.42726805806159973
0.30338630080223083 0.32932668924331665 0.2972900867462158
0.34869757294654846 0.3854897618293762 0.3717983365058899
0.31599268317222595 0.34881311655044556 0.30548131465911865
0.47232872247695923 0.45318830013275146 0.441742479801178
0.5152087211608887 0.5690127015113831 0.5791842937469482
0.40139925479888916 0.41523054242134094 0.34780293703079224
0.3744276463985443 0.35626542568206787 0.33685991168022156
0.33222201466560364 0.25675874948501587 0.21760055422782898
0.1779661327600479 0.19202278554439545 0.17989376187324524
0.48691147565841675 0.5197949409484863 0.5236467719078064
0.7183246612548828 0.748812198638916 0.7602535486221313
0.6707525253295898 0.6961839199066162 0.6953511238098145
0.36970701813697815 0.37864813208580017 0.3581910729408264
0.4393042027950287 0.4729651212692261 0.41430485248565674
0.28009840846061707 0.3018565773963928 0.24209928512573242
0.26468077301979065 0.27072858810424805 0.2293277233839035
0.3013667166233063 0.32647639513015747 0.29107561707496643
0.3412832021713257 0.3300951421260834 0.30654144287109375
0.3568968176841736 0.3885130286216736 0.37083375453948975
0.5534515380859375 0.5982167720794678 0.5943942070007324
0.44610702991485596 0.4750293493270874 0.48078274726867676
0.2618187367916107 0.27712351083755493 0.2264426350593567
0.5059894323348999 0.5422539114952087 0.5520963072776794
0.2851102948188782 0.31427714228630066 0.2660674750804901
0.31864219903945923 0.3282882273197174 0.27332231402397156
0.18170946836471558 0.19819983839988708 0.1828858107328415
0.3459552824497223 0.32439032196998596 0.2839442789554596
0.5460601449012756 0.5697678923606873 0.5772814154624939
0.4327702224254608 0.47566547989845276 0.5067591667175293
0.36200442910194397 0.32706761360168457 0.30059897899627686
0.31554821133613586 0.27390408515930176 0.2492722123861313
0.19591665267944336 0.20087571442127228 0.19763939082622528
0.27022501826286316 0.27167388796806335 0.24545058608055115
0.2066468745470047 0.21224083006381989 0.19529031217098236
0.3395882844924927 0.26550108194351196 0.23511916399002075
0.4621681869029999 0.5064030289649963 0.5311865210533142
0.6442223191261292 0.6574913859367371 0.6502543091773987
0.3781675696372986 0.409981369972229 0.3247765302658081
0.3114895820617676 0.31402549147605896 0.31186798214912415
0.43129292130470276 0.4303661286830902 0.4306521415710449
0.3692512810230255 0.4060702621936798 0.4100700318813324
0.5405607223510742 0.5874401926994324 0.5729236006736755
0.7656031250953674 0.7889181971549988 0.8002060055732727
0.5556328296661377 0.5945468544960022 0.5827836990356445
0.46967121958732605 0.4053138494491577 0.38999009132385254
0.2286510020494461 0.2329990118741989 0.19218526780605316
0.19761668145656586 0.1985398828983307 0.17220540344715118
0.2126089483499527 0.21768218278884888 0.19845335185527802
0.29831117391586304 0.2977709174156189 0.24162906408309937
0.2593151330947876 0.2520673871040344 0.19702255725860596
0.4750644564628601 0.45310109853744507 0.390548437833786
0.6703507900238037 0.6978431344032288 0.6938485503196716
0.6311119794845581 0.6492675542831421 0.6625422835350037
0.3524676263332367 0.38088104128837585 0.32482460141181946
0.34627553820610046 0.370073527097702 0.31400299072265625
0.23983578383922577 0.24932974576950073 0.2009739875793457
0.3739405870437622 0.36722564697265625 0.3091823160648346
0.2567082345485687 0.28078728914260864 0.2585667669773102
0.29517772793769836 0.20078471302986145 0.16043616831302643
0.40384113788604736 0.44218647480010986 0.4187253713607788
0.5126675367355347 0.5512585043907166 0.5610257387161255
0.6149696707725525 0.6227654218673706 0.598101019859314
0.4144664406776428 0.4712086021900177 0.4655078947544098
0.33955276012420654 0.25077784061431885 0.20253151655197144
0.17791230976581573 0.15410557389259338 0.1526397168636322
0.33562177419662476 0.3002471923828125 0.2802693843841553
0.23811489343643188 0.2500670254230499 0.2544127106666565
0.4094003438949585 0.4445597529411316 0.439303457736969
0.7000327706336975 0.7263280153274536 0.6829578280448914
0.271969199180603 0.2650424540042877 0.19569970667362213
0.6660938262939453 0.7098531723022461 0.7104960680007935
0.7041057348251343 0.7215928435325623 0.7215301394462585
0.42704683542251587 0.4587423503398895 0.467311292886734
0.31370067596435547 0.3220353126525879 0.28311312198638916
0.25815704464912415 0.27450111508369446 0.25825220346450806
0.6823773384094238 0.6965542435646057 0.6620970964431763
0.6113096475601196 0.6372576951980591 0.6169566512107849
0.23367983102798462 0.24890072643756866 0.2310779094696045
0.40331798791885376 0.4209957420825958 0.38901835680007935
0.42702293395996094 0.46678972244262695 0.46635034680366516
0.3447844684123993 0.37084758281707764 0.3189818859100342
0.16628512740135193 0.17129141092300415 0.14281728863716125
0.4199316203594208 0.30145469307899475 0.2299211174249649
0.6400342583656311 0.6782413721084595 0.6819291710853577
0.6284765601158142 0.6156859993934631 0.5939321517944336
0.43599626421928406 0.44491228461265564 0.4391588270664215
0.22310775518417358 0.25083908438682556 0.22982841730117798
0.19571249186992645 0.20840460062026978 0.17806142568588257
0.19932301342487335 0.21058429777622223 0.18429267406463623
0.23273836076259613 0.2311878800392151 0.18969503045082092
0.1880091428756714 0.1799941211938858 0.16423514485359192
0.26299992203712463 0.2924686372280121 0.23332475125789642
0.5121397972106934 0.5186895132064819 0.5191669464111328
0.3022172749042511 0.3351071774959564 0.31412050127983093
0.33187833428382874 0.29816922545433044 0.27414655685424805
0.2472122460603714 0.2123214304447174 0.20101036131381989
0.15447929501533508 0.16943274438381195 0.16111205518245697
0.2667456567287445 0.2885323762893677 0.26829785108566284
0.3240652084350586 0.3428603708744049 0.34853896498680115
0.4372357130050659 0.48329073190689087 0.4899669587612152
0.47720280289649963 0.5378866195678711 0.537621796131134
0.21246518194675446 0.2364458590745926 0.2119390070438385
0.45134106278419495 0.4900018870830536 0.43933844566345215
0.6276288032531738 0.6658152341842651 0.6738680005073547
0.25206458568573 0.2289181798696518 0.21222375333309174
0.3905109167098999 0.4100193977355957 0.32035136222839355
0.2841041386127472 0.3003871738910675 0.2846660315990448
0.3677535057067871 0.31590136885643005 0.2919272482395172
0.30341535806655884 0.20845270156860352 0.16029027104377747
0.3541131615638733 0.3012694716453552 0.2673262059688568
0.31496667861938477 0.34191441535949707 0.3235846757888794
0.5375227332115173 0.5835738182067871 0.5890782475471497
0.4808465242385864 0.37519004940986633 0.30508720874786377
0.22724419832229614 0.24420985579490662 0.194945827126503
0.3137264847755432 0.2669362723827362 0.22284235060214996
0.5697273015975952 0.6012657880783081 0.5924209356307983
0.3444170355796814 0.3162919580936432 0.2705634832382202
0.46669599413871765 0.436934232711792 0.3804008364677429
0.556809663772583 0.5262438058853149 0.5183169841766357
0.2588447630405426 0.28585973381996155 0.2140689343214035
0.1535220593214035 0.1691957414150238 0.15618327260017395
0.13810329139232635 0.14550167322158813 0.1387343853712082
0.22996726632118225 0.15710946917533875 0.12788864970207214
0.4565518796443939 0.3836749494075775 0.3387828767299652
0.560761570930481 0.4656144380569458 0.415085107088089
0.1335649937391281 0.13652920722961426 0.12263190746307373
0.37690743803977966 0.33605825901031494 0.28389471769332886
0.3573898673057556 0.388546347618103 0.41114041209220886
0.3789108693599701 0.4018365144729614 0.3101867735385895
0.46399927139282227 0.43985506892204285 0.3972926735877991
0.4063679277896881 0.4294819235801697 0.35599514842033386
0.6086251735687256 0.6555531024932861 0.6541791558265686
0.567410945892334 0.6223336458206177 0.6272531151771545
0.2872653901576996 0.3104008734226227 0.27940088510513306
0.503787636756897 0.5389118194580078 0.5160955786705017
0.5887725949287415 0.608954906463623 0.5965954065322876
0.3912390172481537 0.4169982075691223 0.40861088037490845
0.5607612729072571 0.5047563910484314 0.46504756808280945
0.646271288394928 0.5945931673049927 0.5531617999076843
0.5326418280601501 0.49742886424064636 0.4199278652667999
0.154568612575531 0.15601734817028046 0.14058613777160645
0.16726115345954895 0.17629173398017883 0.15736572444438934
0.30340009927749634 0.2201884388923645 0.17187318205833435
0.23997218906879425 0.2682522237300873 0.20937179028987885
0.18984678387641907 0.201454758644104 0.17359064519405365
0.1355796754360199 0.11566124111413956 0.10307350009679794
0.39322665333747864 0.35409030318260193 0.28751012682914734
0.6054115891456604 0.6235743761062622 0.6411742568016052
0.5196529626846313 0.48657679557800293 0.4391004145145416
0.6736335158348083 0.7009162306785583 0.7220633029937744
0.6837511658668518 0.6899372935295105 0.6694443821907043
0.56154865026474 0.5946667194366455 0.6025286316871643
0.5907461643218994 0.5938237309455872 0.5990368127822876
0.5975757837295532 0.6287326216697693 0.6328080296516418
0.42597147822380066 0.4567832350730896 0.40131676197052
0.6413707733154297 0.6659159660339355 0.6579256653785706
0.67316073179245 0.6857378482818604 0.6997617483139038
0.5566664338111877 0.5608220100402832 0.5446981191635132
0.5114724636077881 0.41013890504837036 0.36800917983055115
0.6074274778366089 0.6339507102966309 0.6645602583885193
0.6810970902442932 0.7111027836799622 0.720973014831543
0.6465791463851929 0.6688792705535889 0.6704408526420593
0.5387779474258423 0.5848546624183655 0.5965076684951782
0.5109633803367615 0.5488730669021606 0.5299452543258667
0.7079206705093384 0.7403189539909363 0.7362268567085266
0.434339314699173 0.4668402075767517 0.36404848098754883
0.5723052024841309 0.6000709533691406 0.5158825516700745
0.663902759552002 0.6812505125999451 0.6758030652999878
0.7624285221099854 0.7760534286499023 0.775550365447998
0.6074832081794739 0.6456733345985413 0.5789969563484192
0.5702940821647644 0.45079123973846436 0.3616340160369873
0.3222653269767761 0.2480863630771637 0.20623721182346344
0.15472820401191711 0.12593448162078857 0.10733422636985779
0.2196531444787979 0.17355164885520935 0.13521787524223328
0.17729493975639343 0.16337011754512787 0.13094043731689453
0.23562556505203247 0.21850460767745972 0.16213473677635193
0.40165525674819946 0.30906060338020325 0.2622489631175995
0.5466918349266052 0.5003722906112671 0.46117207407951355
0.39659345149993896 0.42437413334846497 0.33607152104377747
0.617600679397583 0.6335738301277161 0.5549378395080566
0.7134102582931519 0.7327823638916016 0.7215118408203125
0.7209165096282959 0.7485377788543701 0.7466239929199219
0.6795786023139954 0.7003493905067444 0.6689093112945557
0.7459624409675598 0.7622957229614258 0.7519105672836304
0.6810927391052246 0.7011255025863647 0.7053470611572266
0.838284969329834 0.8348531126976013 0.8012356758117676
0.8025007247924805 0.8134074807167053 0.818905234336853
0.6850144267082214 0.717860758304596 0.7121407985687256
0.7634787559509277 0.7712162137031555 0.7480208277702332
0.7112153768539429 0.7331069707870483 0.7510121464729309
0.7406207919120789 0.767903208732605 0.780751645565033
0.7700921893119812 0.7908008694648743 0.7957728505134583
0.7441520690917969 0.7372279167175293 0.6981907486915588
0.37041112780570984 0.30600616335868835 0.27105849981307983
0.5520730018615723 0.46696871519088745 0.41255226731300354
0.6586231589317322 0.6936783194541931 0.7022849917411804
0.741264820098877 0.7586092352867126 0.7309560775756836
0.5038921236991882 0.528627872467041 0.45625874400138855
0.6387847661972046 0.6238484978675842 0.558650553226471
0.6409885287284851 0.646787166595459 0.6290317177772522
0.725605845451355 0.7450407147407532 0.7412295937538147
0.7412516474723816 0.7337382435798645 0.6397860646247864
0.2533525824546814 0.2116970270872116 0.18394893407821655
0.2088777720928192 0.20707711577415466 0.19319160282611847
0.35723137855529785 0.23999658226966858 0.17425869405269623
0.6460932493209839 0.6884880661964417 0.693486213684082
0.6172956228256226 0.6210896372795105 0.5750014781951904
0.38533756136894226 0.41916289925575256 0.3650916814804077
0.6626501083374023 0.6690084338188171 0.6465193033218384
0.7012630105018616 0.7318943738937378 0.7425938248634338
0.7607993483543396 0.7775659561157227 0.7857792377471924
0.8419898152351379 0.8124825358390808 0.768285870552063
0.7460371255874634 0.7647380232810974 0.7530001997947693
0.7047178149223328 0.7206209301948547 0.7099246978759766
0.782569944858551 0.7909784913063049 0.7786761522293091
0.8866261839866638 0.8831905126571655 0.8730413317680359
0.799121618270874 0.8035178780555725 0.7884746789932251
0.785956621170044 0.7957904934883118 0.7744640111923218
0.7118013501167297 0.7307736873626709 0.7376827001571655
0.731499195098877 0.7563690543174744 0.7333553433418274
0.6448668241500854 0.6822077035903931 0.6927034258842468
0.48840752243995667 0.5141633152961731 0.5265230536460876
0.8894790410995483 0.8791025876998901 0.8605906367301941
0.8428379893302917 0.8262845277786255 0.7908114790916443
0.590582013130188 0.583695650100708 0.580996036529541
0.2792552709579468 0.23851770162582397 0.21239343285560608
0.2150394320487976 0.2411622554063797 0.2075624167919159
0.5694116950035095 0.6002312898635864 0.5990994572639465
0.7814342379570007 0.7817843556404114 0.7455228567123413
0.39564624428749084 0.326183557510376 0.28436630964279175
0.3859201669692993 0.38710489869117737 0.36096468567848206
0.5005586743354797 0.43801671266555786 0.40378910303115845
0.2525807321071625 0.26916101574897766 0.25853633880615234
0.4691748023033142 0.38697850704193115 0.3364899158477783
0.22525770962238312 0.17634764313697815 0.14573964476585388
0.42380014061927795 0.35082918405532837 0.32486867904663086
0.6635399460792542 0.6863576173782349 0.6315575242042542
0.7060251832008362 0.7396652698516846 0.7368261218070984
0.7371734380722046 0.7564707398414612 0.7513229846954346
0.6004318594932556 0.5463230013847351 0.502629816532135
0.5134397149085999 0.4460280239582062 0.4123581349849701
0.8128159046173096 0.8100428581237793 0.7864668369293213
0.8687885403633118 0.8484504222869873 0.8122454285621643
0.8579075336456299 0.8500425815582275 0.8273721933364868
0.8789516091346741 0.8727181553840637 0.8417955040931702
0.8145421743392944 0.8165489435195923 0.8054261207580566
0.7223506569862366 0.741743803024292 0.7375948429107666
0.8697580695152283 0.8601199984550476 0.8287526369094849
0.6187624931335449 0.640722930431366 0.6362481713294983
0.5683184862136841 0.5882644653320312 0.540743350982666
0.8076028227806091 0.7951678037643433 0.7504274249076843
0.623946487903595 0.6143510341644287 0.5838109850883484
0.5587520599365234 0.6031799912452698 0.6133611798286438
0.6604799032211304 0.6690413951873779 0.594154417514801
0.8498639464378357 0.8437111377716064 0.8353122472763062
0.7919174432754517 0.8016809225082397 0.790639340877533
0.7232296466827393 0.726144015789032 0.6453469395637512
0.6506617665290833 0.6843796968460083 0.6548188328742981
0.29546841979026794 0.2940327823162079 0.3044847548007965
0.5392836332321167 0.5462201833724976 0.5017744898796082
0.7564101815223694 0.7541027069091797 0.7123540639877319
0.29339534044265747 0.3177991509437561 0.2494112253189087
0.1617175042629242 0.17343470454216003 0.14784900844097137
0.21648669242858887 0.1995835304260254 0.1837097704410553
0.1968342363834381 0.15370184183120728 0.13323165476322174
0.40691497921943665 0.29470548033714294 0.24069274961948395
0.26641491055488586 0.25832846760749817 0.23019257187843323
0.7363976836204529 0.6670459508895874 0.5429215431213379
0.6961030960083008 0.726378321647644 0.7438377141952515
0.8037781715393066 0.8119009733200073 0.807516872882843
0.850560188293457 0.8456723690032959 0.8148065805435181
0.7576379179954529 0.7791029214859009 0.7724668979644775
0.7407286763191223 0.7353348135948181 0.6484118700027466
0.8212081789970398 0.8261268734931946 0.8110171556472778
0.8810060620307922 0.8803016543388367 0.8586750626564026
0.8814740180969238 0.8768640160560608 0.8570916056632996
0.8503996133804321 0.8386352062225342 0.8032768964767456
0.8407303094863892 0.8194725513458252 0.7751911282539368
0.8185452222824097 0.7693077325820923 0.6999139785766602
0.785002589225769 0.7807100415229797 0.7531743049621582
0.518656849861145 0.5396763682365417 0.5656378269195557
0.5743975639343262 0.4897945523262024 0.44623154401779175
0.7141887545585632 0.7122120261192322 0.6552882194519043
0.453784316778183 0.4759316146373749 0.4016944169998169
0.6599893569946289 0.676200270652771 0.6604623198509216
0.63905930519104 0.5146076679229736 0.4505280554294586
0.7014890909194946 0.7077399492263794 0.650138258934021
0.813714861869812 0.774571418762207 0.699593186378479
0.8162409067153931 0.8199206590652466 0.7898784279823303
0.8689303994178772 0.8569385409355164 0.8290408849716187
0.4649568796157837 0.4873722493648529 0.39405736327171326
0.3883633017539978 0.41522324085235596 0.36688655614852905
0.5644336938858032 0.5866496562957764 0.5554746389389038
0.41535964608192444 0.451703280210495 0.419088214635849
0.22809849679470062 0.2284231036901474 0.1986803561449051
0.282101035118103 0.21581678092479706 0.17858846485614777
0.3263643682003021 0.3450661897659302 0.3025386929512024
0.4733045995235443 0.5092257261276245 0.5058291554450989
0.5597336888313293 0.5941329002380371 0.6073911786079407
0.6952943205833435 0.7093819975852966 0.6518827676773071
0.8402550220489502 0.835767388343811 0.8191676139831543
0.7071775197982788 0.7314909100532532 0.6886943578720093
0.7925638556480408 0.7768482565879822 0.7116555571556091
0.8739572763442993 0.8527190089225769 0.8188401460647583
0.868129551410675 0.8634329438209534 0.8511695265769958
0.7927724719047546 0.76334148645401 0.7033027410507202
0.8109517097473145 0.794160783290863 0.7475032210350037
0.8519107699394226 0.8420634269714355 0.8100757002830505
0.846603274345398 0.8481371998786926 0.8280766606330872
0.7579858303070068 0.7481115460395813 0.7001448273658752
0.7144585251808167 0.7252609133720398 0.7127279043197632
0.652106523513794 0.6754416227340698 0.6738280653953552
0.6221482753753662 0.641005277633667 0.6364503502845764
0.5945978760719299 0.493927925825119 0.40185192227363586
0.6449176073074341 0.6566929221153259 0.6059381365776062
0.3827654719352722 0.4042084813117981 0.33573558926582336
0.6815738677978516 0.5713392496109009 0.46436262130737305
0.4328823685646057 0.3503311276435852 0.31955528259277344
0.5399441123008728 0.48647502064704895 0.45060214400291443
0.7800655364990234 0.7635923624038696 0.6893007159233093
0.7716001868247986 0.7813107371330261 0.7777060270309448
0.8568120002746582 0.8430753350257874 0.801425576210022
0.621371328830719 0.6655263304710388 0.6340179443359375
0.2424984872341156 0.25431862473487854 0.2217436283826828
0.37589403986930847 0.35166457295417786 0.3392360508441925
0.3621068596839905 0.3540329933166504 0.23252679407596588
0.26856645941734314 0.2943026125431061 0.19997470080852509
0.24593804776668549 0.21582548320293427 0.1570080816745758
0.35482704639434814 0.38646772503852844 0.3554837703704834
0.6476925015449524 0.6793802976608276 0.6588420271873474
0.3345607817173004 0.34624311327934265 0.3461601734161377
0.6380131244659424 0.5546841621398926 0.48328351974487305
0.752067506313324 0.7545549869537354 0.7378225326538086
0.5582355260848999 0.4319287836551666 0.32387903332710266
0.644518256187439 0.6455922722816467 0.5671541690826416
0.7467564940452576 0.7638520002365112 0.771003246307373
0.8122147917747498 0.8027262091636658 0.7728661894798279
0.7273310422897339 0.7393576502799988 0.7259568572044373
0.6835591197013855 0.7094129323959351 0.7085301280021667
0.796569287776947 0.7917175889015198 0.773881733417511
0.7406848669052124 0.7618258595466614 0.7620631456375122
0.6985453963279724 0.5867434144020081 0.49622783064842224
0.4781041443347931 0.5080971121788025 0.5043652057647705
0.4704977869987488 0.36313721537590027 0.30124959349632263
0.46211323142051697 0.3305233418941498 0.26388031244277954
0.29105857014656067 0.3195379972457886 0.2593129277229309
0.3178168833255768 0.22467227280139923 0.19103993475437164
0.26655781269073486 0.17979933321475983 0.1350332647562027
0.2130948007106781 0.19504471123218536 0.16334863007068634
0.26089802384376526 0.28767773509025574 0.2647993862628937
0.7671473026275635 0.7332315444946289 0.6307238936424255
0.7171671390533447 0.6919031143188477 0.5971253514289856
0.6030732989311218 0.6446022391319275 0.6135671138763428
0.6922231316566467 0.7245431542396545 0.7081958651542664
0.732661247253418 0.761451005935669 0.7603553533554077
0.46363401412963867 0.5140972137451172 0.4808814525604248
0.34122297167778015 0.3730008900165558 0.2881562113761902
0.2399810403585434 0.2677718698978424 0.19735683500766754
0.18649721145629883 0.19237177073955536 0.148123100399971
0.14466848969459534 0.14703768491744995 0.13121935725212097
0.19841143488883972 0.21963931620121002 0.16040927171707153
0.5748851299285889 0.4645465910434723 0.3611065447330475
0.33861875534057617 0.2760809063911438 0.2544996440410614
0.7223821878433228 0.7380342483520508 0.697821855545044
0.8179928660392761 0.7914757132530212 0.7321173548698425
0.46637555956840515 0.48504728078842163 0.40149757266044617
0.43051162362098694 0.29820069670677185 0.2164372056722641
0.7055025100708008 0.6886618733406067 0.5871362686157227
0.8765391111373901 0.8735768795013428 0.8551332354545593
0.810932993888855 0.7973436117172241 0.7651975154876709
0.613153338432312 0.5430607199668884 0.47071290016174316
0.5993055105209351 0.4669552743434906 0.3893912732601166
0.4141199588775635 0.4146120250225067 0.36481013894081116
0.3817197382450104 0.28497976064682007 0.21188139915466309
0.28566646575927734 0.21587178111076355 0.17840531468391418
0.15880250930786133 0.14021900296211243 0.11335399001836777
0.3686181306838989 0.25710293650627136 0.19429230690002441
0.2796970307826996 0.2725105881690979 0.22195500135421753
0.16787905991077423 0.1297335922718048 0.10571512579917908
0.11184350401163101 0.10582353174686432 0.10526519268751144
0.1611902415752411 0.15278971195220947 0.1280844509601593
0.21800349652767181 0.22504788637161255 0.2258213758468628
0.42446136474609375 0.29644775390625 0.2308565229177475
0.6046088337898254 0.45897096395492554 0.36825576424598694
0.3064277470111847 0.2576664984226227 0.19427096843719482
0.46167996525764465 0.41785746812820435 0.35045191645622253
0.6363253593444824 0.6568096280097961 0.5591186285018921
0.39904358983039856 0.4085359275341034 0.40365880727767944
0.4223214387893677 0.4652089476585388 0.39308980107307434
0.31324461102485657 0.344905287027359 0.2364201843738556
0.27809804677963257 0.29387664794921875 0.2409316748380661
0.1403026431798935 0.12942278385162354 0.1036277636885643
0.12182458490133286 0.10312716662883759 0.08735546469688416
0.23420394957065582 0.2538601756095886 0.19074246287345886
0.6496104598045349 0.6635254621505737 0.5813219547271729
0.3839298486709595 0.28376930952072144 0.22584187984466553
0.7306612730026245 0.674728512763977 0.5815115571022034
0.6097923517227173 0.4949429929256439 0.4130355715751648
0.3613884747028351 0.2891288101673126 0.2257440686225891
0.5851383805274963 0.5997622013092041 0.529589831829071
0.8461781144142151 0.8341702818870544 0.8003708124160767
0.7865127325057983 0.774344265460968 0.7379492521286011
0.40534305572509766 0.34950631856918335 0.3143690526485443
0.25712430477142334 0.1939534991979599 0.15514783561229706
0.4579572081565857 0.36317476630210876 0.3144689202308655
0.5747494101524353 0.42875248193740845 0.3516288697719574
0.4280538856983185 0.30321556329727173 0.22391897439956665
0.32870692014694214 0.3559620678424835 0.31382516026496887
0.5509331822395325 0.4166927933692932 0.3360113203525543
0.24225454032421112 0.1885666847229004 0.16079595685005188
0.1245013177394867 0.11914628744125366 0.09839947521686554
0.14199833571910858 0.1275426298379898 0.1103159487247467
0.2549949884414673 0.26135149598121643 0.19573983550071716
0.10463128983974457 0.09384115785360336 0.0909339040517807
0.1574605256319046 0.1572166234254837 0.13347317278385162
0.2847614586353302 0.3108857572078705 0.26150575280189514
0.17748317122459412 0.1917303055524826 0.17207872867584229
0.425883024930954 0.3433885872364044 0.2756633162498474
0.5517733097076416 0.5508041977882385 0.40082502365112305
0.44773024320602417 0.4852448105812073 0.43820253014564514
0.5197739601135254 0.5637248158454895 0.5625057220458984
0.5573776960372925 0.5515015125274658 0.4664327800273895
0.4320202171802521 0.47498035430908203 0.4070925712585449
0.230336531996727 0.18995201587677002 0.14943325519561768
0.1904127299785614 0.16959457099437714 0.12786278128623962
0.5085669159889221 0.41831570863723755 0.32059234380722046
0.7937896847724915 0.7684205770492554 0.7011609673500061
0.6374695301055908 0.5833300352096558 0.4500449001789093
0.44871217012405396 0.3241975009441376 0.2685082256793976
0.24139882624149323 0.22433483600616455 0.16613313555717468
0.18950815498828888 0.14118602871894836 0.1154693067073822
0.780889093875885 0.7374305725097656 0.6471288800239563
0.6383137702941895 0.6601440906524658 0.6488513350486755
0.7364143133163452 0.6934621334075928 0.5968469977378845
0.6177967190742493 0.520361602306366 0.4231732189655304
0.3792508542537689 0.2658756673336029 0.19616451859474182
0.6265448927879333 0.6468313336372375 0.6321074366569519
0.6377149224281311 0.4950322210788727 0.4102949798107147
0.34249594807624817 0.2693364918231964 0.2145293951034546
0.5126595497131348 0.37583109736442566 0.2994353175163269
0.3743674159049988 0.2770605683326721 0.2296774834394455
0.20696960389614105 0.15551500022411346 0.12286698818206787
0.2587386667728424 0.22415338456630707 0.1965733766555786
0.37373337149620056 0.27763864398002625 0.24278664588928223
0.5144975781440735 0.3780965805053711 0.29076966643333435
0.20089974999427795 0.17413312196731567 0.14731243252754211
0.1275635063648224 0.12665216624736786 0.10936278104782104
0.3145122528076172 0.22160762548446655 0.16439896821975708
0.2152254581451416 0.22214531898498535 0.1663094311952591
0.5088025331497192 0.4192555248737335 0.34123703837394714
0.670509397983551 0.6919702887535095 0.677636444568634
0.32695549726486206 0.3347660005092621 0.21890456974506378
0.5928892493247986 0.619038462638855 0.5443027019500732
0.6871216297149658 0.7048724889755249 0.7162365913391113
0.578023374080658 0.6187808513641357 0.5650818943977356
0.4054777920246124 0.4011794328689575 0.2613164186477661
0.3532131016254425 0.26346299052238464 0.20043416321277618
0.5567511916160583 0.573652446269989 0.5392228364944458
0.6869596242904663 0.6947186589241028 0.6201533079147339
0.7838318943977356 0.7238545417785645 0.63409823179245
0.5068387985229492 0.3901492655277252 0.3041720986366272
0.6890156269073486 0.6175976991653442 0.500433623790741
0.31288957595825195 0.30388355255126953 0.2721940577030182
0.48066970705986023 0.35854795575141907 0.28037765622138977
0.7229220271110535 0.6067003011703491 0.5040614008903503
0.7162785530090332 0.7301633358001709 0.6991488337516785
0.5216920375823975 0.40424397587776184 0.3031284213066101
0.654999852180481 0.6482067108154297 0.5565274357795715
0.840544581413269 0.8500065803527832 0.8343475461006165
0.7737041711807251 0.7644941806793213 0.7178211212158203
0.46217402815818787 0.344714492559433 0.2703038156032562
0.6082601547241211 0.46385887265205383 0.3714401125907898
0.4271964728832245 0.29587599635124207 0.22723817825317383
0.28178513050079346 0.22746628522872925 0.17927151918411255
0.3489096462726593 0.2353454977273941 0.1673521250486374
0.5063146352767944 0.5178115963935852 0.44817396998405457
0.7128949165344238 0.7284218668937683 0.7129230499267578
0.34794023633003235 0.37244713306427 0.3271544873714447
0.17142564058303833 0.1299992799758911 0.10270527005195618
0.5172684192657471 0.39415350556373596 0.2943727672100067
0.22826893627643585 0.22918647527694702 0.1962769627571106
0.2878284454345703 0.2904246151447296 0.2389596849679947
0.7465330958366394 0.7389141321182251 0.6824373006820679
0.4048076868057251 0.39871886372566223 0.3443962335586548
0.7331203818321228 0.6556944251060486 0.54000324010849
0.8172498941421509 0.8066195845603943 0.7720645070075989
0.3946366012096405 0.4282054901123047 0.35770514607429504
0.38523438572883606 0.2968776524066925 0.21454301476478577
0.23991331458091736 0.2599513530731201 0.21911095082759857
0.4618909955024719 0.4607401192188263 0.37757641077041626
0.5943989157676697 0.555117130279541 0.4136454164981842
0.35227659344673157 0.3663591146469116 0.27050089836120605
0.26770880818367004 0.18115635216236115 0.1419369876384735
0.5490033030509949 0.42456066608428955 0.3292403221130371
0.7012814879417419 0.7034940123558044 0.6720667481422424
0.38124263286590576 0.26876890659332275 0.19319017231464386
0.5228408575057983 0.5376884937286377 0.4490172863006592
0.7898302674293518 0.718008816242218 0.6367658972740173
0.44066959619522095 0.4581625759601593 0.3765600025653839
0.48650062084198 0.3540867567062378 0.28155937790870667
0.6725523471832275 0.5958089828491211 0.4847612977027893
0.6890875101089478 0.6711452603340149 0.5961969494819641
0.4122488498687744 0.4439288377761841 0.3607788681983948
0.39730164408683777 0.315322607755661 0.26503434777259827
0.2552483379840851 0.1991671919822693 0.15322323143482208
0.19158251583576202 0.1434013992547989 0.11484111845493317
0.4262080192565918 0.36495542526245117 0.2736743092536926
0.8036196231842041 0.7856924533843994 0.7351067066192627
0.8413859605789185 0.83054119348526 0.790167510509491
0.5620148181915283 0.4403785467147827 0.329695463180542
0.25680381059646606 0.20744739472866058 0.1458759903907776
0.297226220369339 0.311078280210495 0.21517328917980194
0.42189380526542664 0.3103446662425995 0.2394174486398697
0.29086995124816895 0.3193286061286926 0.24082069098949432
0.617811918258667 0.629569947719574 0.5773080587387085
0.346904456615448 0.3711809515953064 0.3074909448623657
0.6064339876174927 0.5610817670822144 0.5021901726722717
0.5993940234184265 0.6303696036338806 0.6143929958343506
0.3451845049858093 0.37741827964782715 0.30184197425842285
0.2989802658557892 0.31865546107292175 0.21177050471305847
0.16563363373279572 0.14977265894412994 0.11559782922267914
0.3298550844192505 0.3712235987186432 0.2638721168041229
0.4269947409629822 0.37049123644828796 0.3224949240684509
0.23125842213630676 0.16788825392723083 0.13418938219547272
0.18411557376384735 0.14281979203224182 0.11010496318340302
0.28058290481567383 0.2394171506166458 0.19746215641498566
0.6933868527412415 0.6509506106376648 0.5258685350418091
0.6851317286491394 0.5640015602111816 0.44849082827568054
0.6170835494995117 0.5004817247390747 0.38330385088920593
0.46122950315475464 0.3382245898246765 0.2489585429430008
0.3067576587200165 0.22807657718658447 0.18374161422252655
0.2166786640882492 0.15594108402729034 0.12150764465332031
0.3526398837566376 0.23834601044654846 0.18226204812526703
0.5141026973724365 0.37824761867523193 0.29720133543014526
0.24317802488803864 0.1812887340784073 0.13796010613441467
0.3322821855545044 0.22737950086593628 0.17693953216075897
0.2042774260044098 0.2212149202823639 0.1772049516439438
0.311313658952713 0.21142332255840302 0.1565292924642563
0.5579579472541809 0.5607679486274719 0.4810781478881836
0.7589326500892639 0.7491453886032104 0.6862595677375793
0.7559666037559509 0.7771408557891846 0.7442468404769897
0.3306068181991577 0.3498610258102417 0.2719928026199341
0.23555780947208405 0.17782604694366455 0.14181526005268097
0.35675954818725586 0.39006856083869934 0.32639938592910767
0.6378815174102783 0.5550951957702637 0.46019843220710754
0.2452111542224884 0.2518370449542999 0.1944323480129242
0.1769091784954071 0.17687362432479858 0.15372268855571747
0.33378803730010986 0.3614502549171448 0.251095712184906
0.5263774991035461 0.5558140277862549 0.45044809579849243
0.6940293312072754 0.7121496200561523 0.6726945638656616
0.4975929856300354 0.5148434042930603 0.3677525520324707
0.6222050786018372 0.622230589389801 0.489961177110672
0.2138701230287552 0.2331647425889969 0.17830367386341095
0.4104217290878296 0.4352961778640747 0.3142673969268799
0.28329935669898987 0.19943082332611084 0.1539866179227829
0.15091893076896667 0.12573133409023285 0.10279633849859238
0.19079990684986115 0.1910019963979721 0.1502830982208252
0.3323342204093933 0.29333698749542236 0.2315065711736679
0.596228301525116 0.5756851434707642 0.5165128707885742
0.3528949022293091 0.35697710514068604 0.29839178919792175
0.34512966871261597 0.24748669564723969 0.17967844009399414
0.2700151801109314 0.21001000702381134 0.15881429612636566
0.5275791883468628 0.41255947947502136 0.2984867990016937
0.3072119951248169 0.20830927789211273 0.15994291007518768
0.44976523518562317 0.3283368945121765 0.24281366169452667
0.594054102897644 0.5479135513305664 0.46181175112724304
0.20305371284484863 0.16397686302661896 0.1254974901676178
0.11651679128408432 0.10166988521814346 0.08841460943222046
0.11135511845350266 0.1020425409078598 0.08912492543458939
0.2150748372077942 0.17029611766338348 0.12247387319803238
0.3896952271461487 0.26514145731925964 0.1957901567220688
0.6819045543670654 0.631955623626709 0.5279708504676819
0.7599630951881409 0.6918380856513977 0.5992444157600403
0.6158720254898071 0.611330509185791 0.49495774507522583
0.27252262830734253 0.22888067364692688 0.16702784597873688
0.38927000761032104 0.27904629707336426 0.207388773560524
0.4829768240451813 0.5107926726341248 0.4339326024055481
0.42189735174179077 0.4162340760231018 0.28064942359924316
0.36001914739608765 0.369101345539093 0.2692364752292633
0.4852769374847412 0.5079284310340881 0.3628014028072357
0.32352903485298157 0.33908963203430176 0.27465754747390747
0.7660529613494873 0.7695830464363098 0.7416919469833374
0.7806273698806763 0.762672483921051 0.6679306626319885
0.7501929998397827 0.7573025822639465 0.7088271975517273
0.41896069049835205 0.437605619430542 0.3854199945926666
0.4913536310195923 0.5059707164764404 0.4292050004005432
0.48342838883399963 0.3921440541744232 0.27238377928733826
0.2968333959579468 0.26041772961616516 0.19275276362895966
0.29976457357406616 0.254754900932312 0.2104894518852234
0.7410690188407898 0.7200859189033508 0.6106486320495605
0.7722180485725403 0.7579254508018494 0.7133347392082214
0.41542723774909973 0.4455428123474121 0.36849236488342285
0.1231648251414299 0.10755062848329544 0.0978887528181076
0.13008931279182434 0.11343956738710403 0.09569959342479706
0.31437525153160095 0.33799034357070923 0.2572832405567169
0.5846139192581177 0.4404999613761902 0.33570045232772827
0.5109570622444153 0.5298751592636108 0.453016459941864
0.6637282371520996 0.6831483244895935 0.6701642870903015
0.3656688332557678 0.2519635260105133 0.18553368747234344
0.1322384774684906 0.1209704577922821 0.10312577337026596
0.1376478523015976 0.10982007533311844 0.09646274149417877
0.5564001798629761 0.42879506945610046 0.36707648634910583
0.55524742603302 0.49213865399360657 0.3849869668483734
0.44130557775497437 0.47024109959602356 0.36645829677581787
0.838188111782074 0.8114578127861023 0.7598879933357239
0.7023144960403442 0.7368624210357666 0.7127672433853149
0.26712971925735474 0.26337119936943054 0.22757795453071594
0.5944247841835022 0.587256133556366 0.47794270515441895
0.4603944718837738 0.46281903982162476 0.3156929314136505
0.6862094402313232 0.616637110710144 0.4949730634689331
0.5815045237541199 0.5736647248268127 0.4561389088630676
0.5369276404380798 0.5299085974693298 0.39462989568710327
0.25863128900527954 0.2847154140472412 0.20168544352054596
0.8370968699455261 0.822697639465332 0.7840124368667603
0.669087827205658 0.6827288269996643 0.5815556049346924
0.6822638511657715 0.6931771636009216 0.6413419246673584
0.6374058723449707 0.64886873960495 0.5342795848846436
0.37020862102508545 0.3912792503833771 0.2792649269104004
0.5228466391563416 0.4831508696079254 0.35082557797431946
0.43621617555618286 0.3289863169193268 0.2357453554868698
0.2824787497520447 0.24218641221523285 0.1671849638223648
0.817926824092865 0.7967851758003235 0.746143102645874
0.8377392888069153 0.8239076733589172 0.7802257537841797
0.5226595997810364 0.5352553725242615 0.4068462550640106
0.2208917737007141 0.22422181069850922 0.1584407240152359
0.23757585883140564 0.16991563141345978 0.13240912556648254
0.1677226424217224 0.133872389793396 0.11411456763744354
0.16043275594711304 0.12998290359973907 0.10632328689098358
0.22574391961097717 0.20502139627933502 0.15275554358959198
0.32024791836738586 0.2343103289604187 0.18682019412517548
0.27694547176361084 0.19707033038139343 0.15753372013568878
0.17496448755264282 0.17216967046260834 0.1435149759054184
0.2666611075401306 0.2139987349510193 0.1551557183265686
0.702289342880249 0.6449085474014282 0.5847040414810181
0.774816632270813 0.7260373830795288 0.6423535346984863
0.43942365050315857 0.33327165246009827 0.24848783016204834
0.8047597408294678 0.7532817721366882 0.6714096069335938
0.6333900690078735 0.6382784247398376 0.6105331182479858
0.46610257029533386 0.3534318804740906 0.2709687054157257
0.5946677327156067 0.4920496642589569 0.39975646138191223
0.6788848042488098 0.691301167011261 0.620187520980835
0.7992910742759705 0.7757276892662048 0.7213112115859985
0.6842487454414368 0.7178691625595093 0.6894834041595459
0.6567004919052124 0.6847602725028992 0.6076200604438782
0.4416983723640442 0.41564270853996277 0.3788498044013977
0.7527679204940796 0.7465008497238159 0.6692248582839966
0.5395315289497375 0.5629114508628845 0.5033777356147766
0.5626128911972046 0.5419497489929199 0.4027036428451538
0.5125035047531128 0.4445728063583374 0.31200024485588074
0.26699763536453247 0.27779680490493774 0.22139306366443634
0.32902029156684875 0.3341262638568878 0.27069687843322754
0.22955448925495148 0.20918408036231995 0.16318127512931824
0.2858350872993469 0.31119275093078613 0.22684697806835175
0.7780837416648865 0.755185067653656 0.6891125440597534
0.7716330885887146 0.7030868530273438 0.6199884414672852
0.4377480447292328 0.43033069372177124 0.2871707081794739
0.36727374792099 0.36067306995391846 0.2519582509994507
0.28479665517807007 0.29341837763786316 0.21536411345005035
0.1831040382385254 0.17518524825572968 0.14184486865997314
0.335959255695343 0.32481878995895386 0.22650295495986938
0.2790718078613281 0.20597563683986664 0.15313607454299927
0.3893129527568817 0.26689693331718445 0.2110406905412674
0.5161353349685669 0.4392155408859253 0.33815473318099976
0.36978963017463684 0.35635513067245483 0.25362855195999146
0.31144726276397705 0.25668832659721375 0.20075996220111847
0.40953344106674194 0.42364951968193054 0.3054066300392151
0.5680679678916931 0.5383045673370361 0.44502395391464233
0.28673338890075684 0.3032178282737732 0.2096877247095108
0.7421854138374329 0.7434865832328796 0.6815347671508789
0.5937026143074036 0.6191552877426147 0.5669305920600891
0.34242165088653564 0.2708219289779663 0.18757906556129456
0.45843783020973206 0.4897253215312958 0.37191659212112427
0.7491416931152344 0.7177672982215881 0.6203653812408447
0.8226696848869324 0.8092215657234192 0.7594994306564331
0.6379421353340149 0.6560506224632263 0.6003410816192627
0.6513639688491821 0.6545218229293823 0.5199268460273743
0.3768785297870636 0.4000645577907562 0.2731603682041168
0.711853563785553 0.7143597602844238 0.6811199188232422
0.582779049873352 0.6031923294067383 0.5423288345336914
0.5018436908721924 0.5264238715171814 0.41183188557624817
0.6012598872184753 0.5688657760620117 0.43695518374443054
0.19119954109191895 0.19929595291614532 0.16944195330142975
0.19339866936206818 0.17350493371486664 0.14261294901371002
0.3981929421424866 0.33497747778892517 0.242462158203125
0.5256038904190063 0.4754515588283539 0.35448798537254333
0.6603385210037231 0.6667818427085876 0.6163169741630554
0.5382406115531921 0.543786883354187 0.5016269087791443
0.7709948420524597 0.7531304359436035 0.7016663551330566
0.7510064244270325 0.6816805601119995 0.5841152667999268
0.47846120595932007 0.5044784545898438 0.402765691280365
0.24292762577533722 0.21040070056915283 0.14454644918441772
0.4456580579280853 0.4356139302253723 0.33796221017837524
0.504460871219635 0.48058316111564636 0.3669546842575073
0.38921183347702026 0.391015887260437 0.3009154200553894
0.6925874352455139 0.6376497745513916 0.5177299380302429
0.6853357553482056 0.6384910345077515 0.5400017499923706
0.5922556519508362 0.5369570255279541 0.4419831335544586
0.7023702263832092 0.6461690068244934 0.5252098441123962
0.6184231638908386 0.5732318162918091 0.4941052794456482
0.46730607748031616 0.4297213554382324 0.35281944274902344
0.6753914952278137 0.683911144733429 0.6178745031356812
0.8335860967636108 0.8203846216201782 0.7724577188491821
0.3675310015678406 0.3518332839012146 0.23708733916282654
0.2009926438331604 0.1788952797651291 0.12359445542097092
0.5722370147705078 0.5630420446395874 0.48878929018974304
0.7690749168395996 0.7697534561157227 0.7148216962814331
0.5097694396972656 0.5281513333320618 0.4742653965950012
0.606072723865509 0.6087484359741211 0.457643061876297
0.5368229150772095 0.5052351951599121 0.37396037578582764
0.8071536421775818 0.7833229899406433 0.7203686237335205
0.6353448629379272 0.6588761210441589 0.581180214881897
0.45343443751335144 0.45759347081184387 0.2982574701309204
0.7324504256248474 0.6922541856765747 0.5705379247665405
0.48043134808540344 0.4773528575897217 0.41797134280204773
0.36388757824897766 0.3872157335281372 0.3068162202835083
0.7736446857452393 0.722045361995697 0.6097726225852966
0.5942159295082092 0.6005339622497559 0.4814116656780243
0.6484041213989258 0.6461783647537231 0.49567192792892456
0.8209403157234192 0.7755312323570251 0.710443913936615
0.7117621302604675 0.7098097801208496 0.6593684554100037
0.45698702335357666 0.4720223844051361 0.3637862205505371
0.590173602104187 0.6071349382400513 0.519612193107605
0.32079756259918213 0.24202074110507965 0.18027497828006744
0.24875420331954956 0.24997173249721527 0.18441557884216309
0.4192907512187958 0.3644746243953705 0.2543872892856598
0.30164769291877747 0.20880456268787384 0.16107258200645447
0.6173940300941467 0.5551640391349792 0.43943077325820923
0.7728235721588135 0.7054389715194702 0.623813271522522
0.7950958013534546 0.7842999696731567 0.743880569934845
0.7563717365264893 0.7524482607841492 0.7127478718757629
0.8411508798599243 0.7977713942527771 0.7325417995452881
0.764647901058197 0.7061223983764648 0.6301418542861938
0.5109246969223022 0.4955754280090332 0.3580247461795807
0.7273362278938293 0.7168349027633667 0.6768866777420044
0.41543927788734436 0.4424273669719696 0.3290867507457733
0.14929668605327606 0.1350061297416687 0.13373014330863953
0.6652836203575134 0.5875037908554077 0.4841121435165405
0.815522313117981 0.7958031892776489 0.7344722151756287
0.6733708381652832 0.7097671031951904 0.6644989252090454
0.6873044371604919 0.6558752059936523 0.5234494805335999
0.5661746263504028 0.5722267031669617 0.4292639195919037
0.729136049747467 0.7430849671363831 0.7126033306121826
0.6523032784461975 0.6555476188659668 0.5486366152763367
0.5543971657752991 0.5434160232543945 0.4331320822238922
0.569031834602356 0.5774833559989929 0.4966054856777191
0.4522295296192169 0.3585933446884155 0.27430710196495056
0.43394964933395386 0.4323851466178894 0.3301868140697479
0.7157377004623413 0.6625523567199707 0.5387866497039795
0.38856375217437744 0.41020119190216064 0.27771514654159546
0.7095590829849243 0.7025356292724609 0.6170889139175415
0.7495297193527222 0.7387592196464539 0.6996792554855347
0.6147811412811279 0.6271697878837585 0.5258846282958984
0.3104391396045685 0.3311331570148468 0.23654408752918243
0.6224026679992676 0.5662145614624023 0.43768513202667236
0.440455824136734 0.4755638539791107 0.38790062069892883
0.2730371654033661 0.30465951561927795 0.2276514321565628
0.3763439357280731 0.40399202704429626 0.3171367347240448
0.23595307767391205 0.22816196084022522 0.17639751732349396
0.5426144003868103 0.5656040906906128 0.48838990926742554
0.7369972467422485 0.6416426301002502 0.539705216884613
0.7533959746360779 0.7363402843475342 0.6929650902748108
0.6911470293998718 0.5969191789627075 0.5067957043647766
0.7263942956924438 0.6744776368141174 0.5776591897010803
0.5459359288215637 0.5592511296272278 0.48977938294410706
0.38485637307167053 0.39278683066368103 0.2817482352256775
0.7277430295944214 0.7233858108520508 0.6657670736312866
0.6053338050842285 0.5703651905059814 0.4397781491279602
0.19760577380657196 0.20136690139770508 0.16189038753509521
0.523513674736023 0.49728357791900635 0.43494296073913574
0.7348525524139404 0.7488202452659607 0.7153444290161133
0.6677936911582947 0.6639658808708191 0.6000098586082458
0.6189612746238708 0.6016132831573486 0.4995824694633484
0.41808369755744934 0.43597954511642456 0.30867233872413635
0.6568492650985718 0.6149892807006836 0.49251070618629456
0.5206983089447021 0.4876563251018524 0.39759165048599243
0.5050673484802246 0.45841339230537415 0.34291815757751465
0.3160417377948761 0.30574384331703186 0.26737180352211
0.2570883631706238 0.2665610611438751 0.18402884900569916
0.45301324129104614 0.4391911029815674 0.3653585910797119
0.4922889173030853 0.5028274059295654 0.4043880105018616
0.24186702072620392 0.24844762682914734 0.17348209023475647
0.598237156867981 0.5862996578216553 0.447182834148407
0.6684739589691162 0.6665090322494507 0.570837676525116
0.7277489900588989 0.6332274079322815 0.5366075038909912
0.3817591369152069 0.3915973901748657 0.2873254716396332
0.6871852278709412 0.5551378130912781 0.4592705965042114
0.3899117708206177 0.3966602385044098 0.2828287184238434
0.22376830875873566 0.192768394947052 0.15413908660411835
0.5327051877975464 0.5058245658874512 0.39181551337242126
0.2173229455947876 0.18603219091892242 0.1540861427783966
0.33118873834609985 0.3361835181713104 0.2417294830083847
0.7185419797897339 0.6322023272514343 0.5445021986961365
0.7398475408554077 0.7198911905288696 0.684611976146698
0.47553014755249023 0.46800100803375244 0.39484211802482605
0.47850680351257324 0.48869264125823975 0.3900066912174225
0.6492082476615906 0.5558024048805237 0.446701318025589
0.7199831008911133 0.6096320748329163 0.5049675703048706
0.7741876840591431 0.769088864326477 0.7174307107925415
0.6726183295249939 0.6484604477882385 0.5522084832191467
0.31376275420188904 0.3371962010860443 0.2424607127904892
0.38874804973602295 0.40729498863220215 0.30510231852531433
0.7474051713943481 0.6973186135292053 0.5750369429588318
0.636893093585968 0.6288173198699951 0.5314921736717224
0.44002118706703186 0.47421619296073914 0.3572295308113098
0.348212331533432 0.3761245012283325 0.26250332593917847
0.7134507894515991 0.7086477875709534 0.6039328575134277
0.7976495027542114 0.7947874069213867 0.7613322734832764
0.7202165126800537 0.7112154960632324 0.6317200660705566
0.38793686032295227 0.4114837646484375 0.3003084361553192
0.4618351459503174 0.48825204372406006 0.3803984522819519
0.5652971863746643 0.5728644728660583 0.4419286847114563
0.671832799911499 0.5795202255249023 0.47292545437812805
0.35768771171569824 0.2796647846698761 0.20758718252182007
0.6064671874046326 0.49904611706733704 0.3740967810153961
0.7300356030464172 0.7215652465820312 0.6465641260147095
0.7587571144104004 0.6981436014175415 0.5911672711372375
0.7414019107818604 0.7321837544441223 0.6890474557876587
0.6420844793319702 0.6371831297874451 0.5306372046470642
0.35763582587242126 0.3250701129436493 0.2467775046825409
0.21500957012176514 0.15431085228919983 0.12481097131967545
0.20474572479724884 0.18189340829849243 0.1426393985748291
0.30429309606552124 0.3137184977531433 0.22460201382637024
0.4129977226257324 0.42509472370147705 0.3062986433506012
0.49967530369758606 0.5185742974281311 0.4107655882835388
0.6289723515510559 0.6045688986778259 0.5149717330932617
0.6096739172935486 0.5301222801208496 0.425890177488327
0.3532252609729767 0.37076589465141296 0.26478666067123413
0.6107736229896545 0.5273159742355347 0.40415671467781067
0.7183441519737244 0.6773784160614014 0.5711040496826172
0.7507070899009705 0.7393084764480591 0.6654009222984314
0.7089042067527771 0.665522038936615 0.5497604608535767
0.461509644985199 0.4662574231624603 0.41890475153923035
0.4210326671600342 0.4481393098831177 0.3441958725452423
0.7596138119697571 0.7410302758216858 0.6536034345626831
0.6640030741691589 0.6697929501533508 0.5537435412406921
0.5581285357475281 0.5770105123519897 0.5257481336593628
0.5135005712509155 0.43830281496047974 0.37847283482551575
0.7243309020996094 0.733178436756134 0.6785137057304382
0.7653968930244446 0.7602232694625854 0.7194940447807312
0.7324561476707458 0.7051482200622559 0.5992922782897949
0.35483860969543457 0.3683963716030121 0.25620701909065247
0.5313829183578491 0.5363529920578003 0.4428409934043884
0.6271401643753052 0.6444549560546875 0.5476395487785339
0.2878471314907074 0.29740142822265625 0.21441635489463806
0.4377117455005646 0.45421862602233887 0.3352033197879791
0.6932597160339355 0.6915053725242615 0.5760166049003601
0.6096819043159485 0.5380371809005737 0.4350112974643707
0.677415668964386 0.63880854845047 0.5135571956634521
0.7299483418464661 0.644667387008667 0.5565671920776367
0.7968207597732544 0.7768747210502625 0.7215307950973511
0.49815940856933594 0.42192792892456055 0.31748998165130615
0.3409145772457123 0.34974390268325806 0.2643338739871979
0.2238381803035736 0.22822317481040955 0.17200222611427307
0.5003572106361389 0.4982394874095917 0.40568429231643677
0.6256660223007202 0.6134577989578247 0.49790066480636597
0.6426879167556763 0.5430634617805481 0.47310036420822144
0.6702287793159485 0.6539850831031799 0.550017237663269
0.4638253450393677 0.38660773634910583 0.29207324981689453
0.3377343714237213 0.3101802468299866 0.20396414399147034
0.5950890779495239 0.5813611745834351 0.47353383898735046
0.682119607925415 0.6614001393318176 0.5612195134162903
0.6319063901901245 0.6294137835502625 0.5273600816726685
0.783722460269928 0.7509742379188538 0.6671764254570007
0.7125312089920044 0.7074909210205078 0.6246713995933533
0.6588473320007324 0.626521646976471 0.5255599617958069
0.708166778087616 0.6906567215919495 0.5765407085418701
0.7152321934700012 0.6853735446929932 0.6331035494804382
0.5853177905082703 0.5296284556388855 0.4258469343185425
0.4945729374885559 0.515929639339447 0.41389337182044983
0.6927451491355896 0.6730650067329407 0.559022843837738
0.6790770888328552 0.6774708032608032 0.6130499243736267
0.6329494118690491 0.628592312335968 0.5077402591705322
0.3163242042064667 0.30412617325782776 0.23926784098148346
0.45687025785446167 0.48711860179901123 0.3446788489818573
0.5589094758033752 0.48264747858047485 0.3617353141307831
0.24235522747039795 0.24126142263412476 0.17197425663471222
0.3090501129627228 0.2903341054916382 0.21396221220493317
0.6745783686637878 0.627866268157959 0.5745790600776672
0.35957083106040955 0.3257673978805542 0.2777923345565796
0.5178458094596863 0.5018059611320496 0.37621429562568665
0.7759155035018921 0.7473875880241394 0.658696174621582
0.7261431217193604 0.7194691300392151 0.6456364989280701
0.564567506313324 0.5479608774185181 0.44015347957611084
0.39190298318862915 0.40658190846443176 0.3029947280883789
0.3011331856250763 0.28202810883522034 0.19475525617599487
0.6658098697662354 0.6568361520767212 0.5567474961280823
0.7235875725746155 0.6824550628662109 0.593032717704773
0.7369503378868103 0.6957920789718628 0.6058573126792908
0.6308363080024719 0.6315010190010071 0.5350179076194763
0.4099269509315491 0.4381941556930542 0.3366040885448456
0.5122975707054138 0.529512882232666 0.40244415402412415
0.45817407965660095 0.3825274705886841 0.3053162097930908
0.6074832677841187 0.5718262791633606 0.4547227621078491
0.6423532962799072 0.6239345073699951 0.5052219033241272
0.6200072765350342 0.6244516968727112 0.4856416583061218
0.6544263958930969 0.6457950472831726 0.5424379110336304
0.5825152397155762 0.5369234681129456 0.4628714621067047
0.5191385746002197 0.47093337774276733 0.3273915946483612
0.61222243309021 0.6054006814956665 0.4766460657119751
0.6178734302520752 0.6241446137428284 0.5064135193824768
0.6873741745948792 0.6748158931732178 0.5698572397232056
0.6223117709159851 0.554551362991333 0.4601457118988037
0.6742750406265259 0.6538074612617493 0.568385660648346
0.6711863279342651 0.6659411191940308 0.5435544848442078
0.4232868552207947 0.451919823884964 0.34331050515174866
0.41343995928764343 0.42166027426719666 0.2973043918609619
0.3871600329875946 0.38335955142974854 0.32303115725517273
0.33147791028022766 0.34089919924736023 0.23575226962566376
0.4170146882534027 0.42138829827308655 0.32867860794067383
0.6308794021606445 0.6011859774589539 0.5234741568565369
0.4444079101085663 0.38696038722991943 0.31609997153282166
0.6465954184532166 0.5972393155097961 0.4782838821411133
0.710168719291687 0.6984558701515198 0.6134815812110901
0.5939058065414429 0.5889101028442383 0.5071959495544434
0.3401218354701996 0.3596614897251129 0.25304365158081055
0.27018341422080994 0.26893162727355957 0.20242273807525635
0.4520977735519409 0.449917733669281 0.3408515751361847
0.6774216890335083 0.5647997856140137 0.46457651257514954
0.5608032941818237 0.5179175138473511 0.42870429158210754
0.39110881090164185 0.38888242840766907 0.27282053232192993
0.5130364298820496 0.4827074408531189 0.39379721879959106
0.3173865079879761 0.31393781304359436 0.22232681512832642
0.23553083837032318 0.20361338555812836 0.16740186512470245
0.1980987936258316 0.14593443274497986 0.11381632089614868
0.253953218460083 0.25398194789886475 0.16588744521141052
0.37658992409706116 0.3120900094509125 0.22381572425365448
0.4843600392341614 0.47210079431533813 0.34230300784111023
0.3929993510246277 0.38240543007850647 0.252818763256073
0.2701875567436218 0.2868973910808563 0.2204352617263794
0.23629230260849 0.22404134273529053 0.1755075752735138
0.32188481092453003 0.30285608768463135 0.21343739330768585
0.3839648962020874 0.416205495595932 0.3169558346271515
0.3782546818256378 0.3485698103904724 0.2566978931427002
0.6144418716430664 0.6129150390625 0.5335135459899902
0.5267724990844727 0.5284428000450134 0.39351886510849
0.6703268885612488 0.6445509791374207 0.5288177132606506
0.6131028532981873 0.5954914689064026 0.4985957443714142
0.3856563866138458 0.36419743299484253 0.2845461368560791
0.5399140119552612 0.48915475606918335 0.39159098267555237
0.4621412456035614 0.4728858172893524 0.34370937943458557
0.5769732594490051 0.526738703250885 0.41565895080566406
0.5251702666282654 0.5341668725013733 0.44381314516067505
0.6485522985458374 0.6224675178527832 0.5186858177185059
0.6888429522514343 0.6619970798492432 0.5488239526748657
0.6215095520019531 0.6152359843254089 0.4953039586544037
0.6673817038536072 0.6581405401229858 0.5460338592529297
0.48669880628585815 0.47564995288848877 0.3749931752681732
0.3579976558685303 0.36330822110176086 0.2650226354598999
0.5873241424560547 0.5123963952064514 0.41614827513694763
0.6012095212936401 0.5909565091133118 0.4803365468978882
0.4446284770965576 0.440612256526947 0.3505326807498932
0.31460320949554443 0.29361775517463684 0.2213638871908188
0.45388323068618774 0.46243366599082947 0.34596067667007446
0.6424168348312378 0.605390191078186 0.48901984095573425
0.4035477936267853 0.4158652722835541 0.3135564923286438
0.28535962104797363 0.2726140320301056 0.18126609921455383
0.3267213702201843 0.3448841869831085 0.2464868575334549
0.31649625301361084 0.30587711930274963 0.24995581805706024
0.27560004591941833 0.25479656457901 0.18094809353351593
0.3444724380970001 0.34216511249542236 0.2431630939245224
0.44970881938934326 0.45611515641212463 0.3443676233291626
0.5540890693664551 0.5191024541854858 0.4149717092514038
0.469773530960083 0.4629586637020111 0.37850767374038696
0.5542694926261902 0.5369940996170044 0.4480579197406769
0.4110029637813568 0.40134406089782715 0.3056410253047943
0.5764157772064209 0.5660402774810791 0.4686063528060913
0.49223563075065613 0.4844822287559509 0.385098397731781
0.5903621912002563 0.5275357365608215 0.4471307396888733
0.6285492777824402 0.6006262898445129 0.48624515533447266
0.5558065176010132 0.504982590675354 0.41438028216362
0.47281143069267273 0.43673253059387207 0.3352701961994171
0.6098172664642334 0.5763499736785889 0.46754005551338196
0.5291936993598938 0.49202650785446167 0.4313443899154663
0.4034700393676758 0.38609781861305237 0.25549012422561646
0.492672324180603 0.4544943869113922 0.3814607262611389
0.5911825299263 0.5861698985099792 0.4784304201602936
0.5582706332206726 0.5562739372253418 0.45284345746040344
0.618849515914917 0.568681001663208 0.44462358951568604
0.5174984335899353 0.5288347005844116 0.41738826036453247
0.47382137179374695 0.4581473767757416 0.3436436355113983
0.3685067594051361 0.34960249066352844 0.24786290526390076
0.49500176310539246 0.4605063199996948 0.3770504891872406
0.5438076853752136 0.5067712068557739 0.4135375916957855
0.2645803689956665 0.2739516794681549 0.1925096958875656
0.40032684803009033 0.3940351903438568 0.27714091539382935
0.5547934770584106 0.5420309901237488 0.44587382674217224
0.4896734058856964 0.49427294731140137 0.38764312863349915
0.4650832712650299 0.4589601755142212 0.3511674702167511
0.5208244919776917 0.5203105211257935 0.4302654266357422
0.5566399097442627 0.5648170709609985 0.43481284379959106
0.37371838092803955 0.3756053149700165 0.30020496249198914
0.5136145353317261 0.4761257469654083 0.38622045516967773
0.5541152954101562 0.5803020596504211 0.46133294701576233
0.591265857219696 0.5896124839782715 0.4796192944049835
0.4818319082260132 0.5091251730918884 0.3953048884868622
0.45029333233833313 0.4264935255050659 0.31779587268829346
0.5168666839599609 0.5393944978713989 0.41514095664024353
