0.30350677866002135

1.7926344871520996 1.820969820022583 1.612977385520935
2.0024192333221436 2.048428773880005 1.7913473844528198
1.4606889486312866 1.4730908870697021 1.2049237489700317
1.6178672313690186 1.5720638036727905 1.287215232849121
2.214322328567505 2.2527620792388916 2.0737762451171875
2.0010879039764404 2.035062313079834 1.8509678840637207
2.0970537662506104 1.9102356433868408 1.5874133110046387
1.6182103157043457 1.6740963459014893 1.4884995222091675
1.1719571352005005 1.150536060333252 1.0536673069000244
1.443517804145813 1.4005111455917358 1.1018873453140259
1.7680103778839111 1.7231484651565552 1.4608891010284424
2.259535789489746 2.205761671066284 1.9134598970413208
2.8712832927703857 2.8875324726104736 2.7970049381256104
2.6865193843841553 2.735506772994995 2.6213531494140625
2.6303184032440186 2.584127902984619 2.3313262462615967
2.5121123790740967 2.59478759765625 2.5132155418395996
2.8291265964508057 2.837082624435425 2.6185808181762695
2.6461586952209473 2.4085447788238525 1.93355131149292
2.4104108810424805 2.296680212020874 1.9766311645507812
2.0099711418151855 2.0609054565429688 1.8659138679504395
2.1981427669525146 2.3461809158325195 2.319289445877075
2.4848642349243164 2.2342028617858887 1.821210265159607
1.9042577743530273 1.8131446838378906 1.588318109512329
2.3153467178344727 2.0809030532836914 1.674486756324768
2.5202527046203613 2.4258670806884766 1.9311673641204834
3.1495397090911865 3.1404106616973877 2.9614691734313965
2.6875879764556885 2.609483480453491 2.2265665531158447
2.485969305038452 2.5743815898895264 2.4673781394958496
2.013993263244629 2.012554168701172 1.759060263633728
1.8916983604431152 1.9200371503829956 1.7179549932479858
2.651933431625366 2.73048734664917 2.5996346473693848
2.901261806488037 2.946948766708374 2.8166377544403076
3.004248857498169 2.9719173908233643 2.795072078704834
3.28764009475708 3.2602970600128174 3.035264730453491
1.922606348991394 1.9316834211349487 1.6902836561203003
1.951512336730957 1.863236904144287 1.5264077186584473
2.53485369682312 2.3857834339141846 1.9789576530456543
2.539355993270874 2.519833564758301 2.2426278591156006
1.8873049020767212 1.715047001838684 1.3766976594924927
1.3953845500946045 1.3859015703201294 1.1443806886672974
1.2783677577972412 1.29185152053833 1.0975509881973267
1.4744021892547607 1.5062534809112549 1.2733927965164185
2.0069260597229004 1.9791091680526733 1.686216950416565
2.400430679321289 2.394481658935547 2.1941258907318115
3.0727462768554688 3.049698829650879 2.8502144813537598
3.513162851333618 3.401960849761963 3.200817823410034
2.1381545066833496 2.255237579345703 2.1521506309509277
3.153914451599121 3.2054476737976074 3.1294655799865723
3.1955678462982178 2.919412612915039 2.547778606414795
1.8541861772537231 1.7148175239562988 1.4251190423965454
2.1208879947662354 1.7368272542953491 1.476833462715149
2.468165397644043 2.457165002822876 2.103790044784546
1.6709239482879639 1.6800836324691772 1.501563549041748
1.9087857007980347 1.8129199743270874 1.4603079557418823
2.2427079677581787 2.218842029571533 1.8985729217529297
1.789243459701538 1.6698803901672363 1.339655876159668
2.041935920715332 1.943802833557129 1.666130542755127
2.7009389400482178 2.529268980026245 2.0462679862976074
3.7087156772613525 3.7182743549346924 3.6645925045013428
3.0777249336242676 3.1628661155700684 3.1128597259521484
2.2391326427459717 2.2362751960754395 1.864757776260376
2.074383497238159 2.0832061767578125 1.8647576570510864
2.4274532794952393 2.4776902198791504 2.2821767330169678
2.3649795055389404 2.328334331512451 2.001351833343506
2.8082432746887207 2.8403639793395996 2.788583755493164
3.704268217086792 3.6393494606018066 3.3925983905792236
2.4889891147613525 2.475433588027954 2.384603977203369
2.28678035736084 2.291062593460083 1.8026028871536255
2.707545280456543 2.587918996810913 2.364440679550171
2.2670624256134033 2.1389243602752686 1.7842496633529663
2.349795341491699 2.0872294902801514 1.663909673690796
1.775042176246643 1.5312045812606812 1.2157258987426758
1.3879106044769287 1.2348417043685913 0.9625861048698425
1.8533835411071777 1.8667774200439453 1.6073073148727417
3.3354508876800537 3.1820156574249268 2.905909776687622
3.6454102993011475 3.7137539386749268 3.650869846343994
3.3430306911468506 3.413808822631836 3.4026753902435303
3.9755799770355225 3.9455246925354004 3.776381015777588
4.255224704742432 4.230055809020996 4.171950817108154
3.005378246307373 3.0622386932373047 3.101022481918335
3.768374443054199 3.812065601348877 3.7457873821258545
1.9521816968917847 1.971832513809204 1.7792638540267944
1.57466459274292 1.569585919380188 1.3173185586929321
2.2231569290161133 2.1829285621643066 1.7517783641815186
2.3704636096954346 1.9000004529953003 1.5286386013031006
1.3135631084442139 1.2679213285446167 1.0473288297653198
1.7056736946105957 1.4341987371444702 1.147855520248413
1.4246926307678223 1.3682576417922974 1.092684030532837
1.5851210355758667 1.6388421058654785 1.457849383354187
3.3414459228515625 3.3517415523529053 3.1984925270080566
3.9404795169830322 3.9771745204925537 3.9569625854492188
3.497239112854004 3.5089755058288574 3.315897226333618
1.5299744606018066 1.4937598705291748 1.242197036743164
1.6238852739334106 1.6054733991622925 1.353835105895996
1.692474365234375 1.7483946084976196 1.481411099433899
1.8295466899871826 1.7484796047210693 1.4193015098571777
2.327578067779541 2.2496914863586426 1.9827512502670288
2.3831632137298584 2.405305862426758 2.2015364170074463
2.5931787490844727 2.6217167377471924 2.5261380672454834
1.774004340171814 1.773218035697937 1.474104881286621
3.022446632385254 2.9285812377929688 2.5650241374969482
1.5027334690093994 1.5672173500061035 1.394934892654419
1.6812078952789307 1.712114930152893 1.5857733488082886
1.5705311298370361 1.439603328704834 1.134271502494812
1.571499228477478 1.6561660766601562 1.3554272651672363
3.5814623832702637 3.2750139236450195 2.8898673057556152
4.373504161834717 4.338833808898926 4.242488384246826
3.8601036071777344 3.825289487838745 3.6772234439849854
3.2604122161865234 3.299424409866333 3.2747087478637695
3.6205759048461914 3.6146042346954346 3.496588945388794
4.123196601867676 4.12424373626709 4.0558295249938965
4.412394046783447 4.389468193054199 4.3101606369018555
3.737234115600586 3.5199179649353027 3.290527582168579
2.9452452659606934 2.7584452629089355 2.4162886142730713
2.695507526397705 2.4272758960723877 2.140582323074341
2.4453208446502686 2.1196401119232178 1.6431269645690918
2.7775003910064697 2.6522092819213867 2.103782892227173
1.5546122789382935 1.4240233898162842 1.1344910860061646
1.4759691953659058 1.4566272497177124 1.3137558698654175
1.1519185304641724 1.0779130458831787 0.9415650963783264
1.7193793058395386 1.7737880945205688 1.6188697814941406
3.229276657104492 3.0018768310546875 2.61529803276062
3.6769754886627197 3.6065773963928223 3.4178719520568848
2.8680431842803955 2.7682723999023438 2.41835880279541
3.267063617706299 3.233236312866211 3.0566837787628174
1.8011796474456787 1.837613582611084 1.5840462446212769
2.7461655139923096 2.6681857109069824 2.328228712081909
1.993330955505371 1.9138388633728027 1.5359010696411133
3.4876248836517334 3.4648187160491943 3.2799575328826904
3.780749559402466 3.7918448448181152 3.6605074405670166
3.3235762119293213 3.3052468299865723 3.2154481410980225
2.70238995552063 2.6275081634521484 2.1831727027893066
2.8075194358825684 2.7254929542541504 2.3059608936309814
3.087815523147583 3.1034860610961914 3.077256917953491
3.4028117656707764 3.086534023284912 2.7557711601257324
2.9343812465667725 2.559807300567627 2.2383975982666016
2.574535369873047 2.1193370819091797 1.7488815784454346
3.127699851989746 2.9944543838500977 2.854586362838745
4.163636207580566 4.074568271636963 3.8886260986328125
4.055596828460693 4.073201656341553 4.055715084075928
4.300617218017578 4.19544792175293 4.009361267089844
3.5091958045959473 3.5464720726013184 3.5248007774353027
3.583770513534546 3.370094060897827 3.066206693649292
4.054627418518066 3.8000545501708984 3.4985382556915283
3.3633790016174316 3.258559465408325 3.0881383419036865
3.4412877559661865 3.010387420654297 2.6596853733062744
3.2073283195495605 2.6159889698028564 2.2418787479400635
3.1182167530059814 2.8600986003875732 2.3858470916748047
2.9506523609161377 2.8502748012542725 2.7729833126068115
3.1479907035827637 3.216019868850708 3.241961717605591
1.7381656169891357 1.534500241279602 1.184492826461792
1.2766586542129517 1.2903289794921875 1.172524333000183
1.203797459602356 1.1968587636947632 1.0354676246643066
2.2025606632232666 2.0886783599853516 1.7714009284973145
3.5951313972473145 3.6220905780792236 3.607553005218506
2.8814685344696045 2.9557852745056152 2.997478723526001
3.4053006172180176 3.4420487880706787 3.4203555583953857
2.5611140727996826 2.436868667602539 2.0719971656799316
2.9320812225341797 2.904189348220825 2.5230400562286377
3.167876720428467 3.139495611190796 2.835484743118286
3.9033379554748535 3.8829355239868164 3.7603583335876465
3.5904343128204346 3.6047489643096924 3.5252795219421387
4.011903762817383 4.053785800933838 3.947636604309082
2.8017642498016357 2.70853853225708 2.548469305038452
3.3084983825683594 2.9524025917053223 2.5142359733581543
3.570909261703491 3.526132822036743 3.3339362144470215
2.850872278213501 2.380481243133545 1.9333341121673584
2.1579768657684326 1.7092297077178955 1.41167151927948
1.2346051931381226 1.17241370677948 0.9344874620437622
1.1012022495269775 1.0759230852127075 0.9741083979606628
2.678251028060913 2.7468976974487305 2.7421436309814453
4.461571216583252 4.4075846672058105 4.30913782119751
3.975421667098999 3.9698257446289062 3.9157211780548096
3.8793513774871826 3.8988490104675293 3.862882375717163
2.897308588027954 2.6572840213775635 2.191361427307129
3.4310553073883057 3.4191174507141113 3.3825058937072754
2.9584195613861084 2.9475762844085693 2.980440855026245
3.1175901889801025 2.532186269760132 2.026524066925049
2.697219133377075 2.2464234828948975 1.7904165983200073
3.0723626613616943 2.964477777481079 2.6805837154388428
2.780968189239502 2.811563730239868 2.8752481937408447
2.5886294841766357 2.5244476795196533 2.398423671722412
2.084111452102661 1.7258018255233765 1.356414556503296
1.3847715854644775 1.402294635772705 1.2137997150421143
2.051821231842041 2.1087117195129395 2.0335495471954346
1.5544840097427368 1.5588771104812622 1.3696571588516235
2.7932417392730713 2.8393404483795166 2.7506070137023926
3.20811128616333 3.2585091590881348 3.2782697677612305
2.2818377017974854 2.358795404434204 2.3056015968322754
2.191446542739868 2.243378162384033 2.096064329147339
2.5354745388031006 2.6217575073242188 2.5356037616729736
2.710806369781494 2.7523202896118164 2.679919481277466
2.607461452484131 2.5341992378234863 2.1044363975524902
3.1149985790252686 3.070302724838257 2.9567506313323975
3.5322184562683105 3.4646456241607666 3.1433589458465576
2.2689335346221924 2.294557809829712 2.2289376258850098
1.8092670440673828 1.8797956705093384 1.7390905618667603
1.973083257675171 2.024494171142578 1.5780367851257324
1.7725704908370972 1.6660162210464478 1.2997180223464966
2.2146785259246826 2.1240293979644775 1.5751652717590332
2.6465115547180176 2.242570400238037 1.8604786396026611
2.4913501739501953 2.494974374771118 2.447042465209961
1.7307605743408203 1.7110835313796997 1.71576726436615
3.254816770553589 3.190115451812744 3.1204769611358643
4.181361198425293 3.989171028137207 3.6886374950408936
4.40541934967041 4.27737283706665 4.076935768127441
4.126294136047363 4.0213847160339355 3.8483834266662598
3.7154078483581543 3.6489264965057373 3.481050729751587
2.479485511779785 1.9455875158309937 1.537945032119751
1.9735606908798218 1.5199472904205322 1.2099472284317017
2.12967586517334 1.82097327709198 1.5401623249053955
2.003070592880249 1.9484930038452148 1.6655333042144775
2.4132025241851807 2.341604709625244 2.264249801635742
2.7290453910827637 2.6876235008239746 2.594188928604126
2.2794625759124756 1.902060866355896 1.6056362390518188
2.829408884048462 2.781632900238037 2.316128969192505
3.3061399459838867 3.353638172149658 3.3614678382873535
3.778712034225464 3.712916135787964 3.5102081298828125
3.816845178604126 3.8177731037139893 3.7743582725524902
3.0698347091674805 3.064110040664673 3.0658743381500244
2.476426362991333 2.211886405944824 1.7496141195297241
2.126650094985962 2.033273696899414 1.616969108581543
3.646692991256714 3.560899019241333 3.2442829608917236
3.8779959678649902 3.8704278469085693 3.7963545322418213
3.3978874683380127 3.2851510047912598 2.8869595527648926
2.9413020610809326 2.85741925239563 2.4095795154571533
3.1356594562530518 2.835338830947876 2.373684883117676
2.559566020965576 2.3825697898864746 1.8235020637512207
3.6628806591033936 3.519912004470825 3.182030439376831
2.0792062282562256 2.0836124420166016 1.9398103952407837
2.8594276905059814 2.7440080642700195 2.6712729930877686
3.3975329399108887 3.3282828330993652 3.1751785278320312
3.9641053676605225 3.9413809776306152 3.83412504196167
4.308372974395752 4.246860504150391 4.129826545715332
1.8858668804168701 1.892836332321167 1.8781745433807373
3.084815740585327 2.909722328186035 2.431504011154175
3.903615713119507 3.704880952835083 3.387690782546997
3.7905049324035645 3.580878973007202 3.2554726600646973
4.052370071411133 3.8607821464538574 3.6231071949005127
4.2504143714904785 4.080392837524414 3.8296871185302734
3.8697404861450195 3.503053903579712 3.099392890930176
3.0034584999084473 2.3770649433135986 1.84981369972229
1.7156883478164673 1.676226019859314 1.3500784635543823
2.0583419799804688 2.111661911010742 2.102447271347046
3.20076322555542 3.0017385482788086 2.8879754543304443
2.902848720550537 2.415834426879883 1.9783685207366943
1.9660431146621704 1.6023144721984863 1.2627369165420532
3.241992712020874 2.757647752761841 2.3127098083496094
4.475922107696533 4.42261266708374 4.336485385894775
4.015111446380615 4.0302886962890625 3.960726737976074
4.366903781890869 4.3125739097595215 4.137508869171143
4.1417012214660645 4.123733997344971 4.060517311096191
4.219347953796387 4.208682537078857 4.086154937744141
3.826870918273926 3.6978068351745605 3.3916661739349365
3.9163191318511963 3.8565897941589355 3.5934462547302246
4.077969074249268 4.023193359375 3.82704496383667
3.294099807739258 3.1583364009857178 2.6762397289276123
3.8127875328063965 3.737616777420044 3.471592426300049
4.091330051422119 3.983644962310791 3.7315289974212646
4.028481483459473 3.835052967071533 3.531723976135254
3.840280532836914 3.6467649936676025 3.318312406539917
2.5740199089050293 2.4681241512298584 2.21358585357666
2.9214048385620117 2.9078176021575928 2.884270429611206
4.2168121337890625 4.11505651473999 3.9287302494049072
4.054726600646973 3.8989667892456055 3.6691622734069824
3.8540782928466797 3.77750301361084 3.558521270751953
2.345038414001465 2.3566603660583496 2.007354974746704
2.8631350994110107 2.2620811462402344 1.8272854089736938
2.5953569412231445 2.599245309829712 2.143299102783203
2.589735507965088 2.416938304901123 2.0065371990203857
3.7213964462280273 3.3166873455047607 2.911710739135742
3.9996073246002197 3.7250046730041504 3.416964292526245
3.820624351501465 3.770139694213867 3.641721725463867
2.750903844833374 2.5921051502227783 2.2697982788085938
1.7464598417282104 1.7167097330093384 1.5604273080825806
2.3974597454071045 2.467061758041382 2.515252113342285
2.158675193786621 2.2054831981658936 2.2729790210723877
3.6744630336761475 3.2336878776550293 2.7876925468444824
3.5715150833129883 3.107689142227173 2.6330015659332275
3.9442460536956787 3.635141134262085 3.2408621311187744
4.228922367095947 4.122460842132568 3.871410608291626
4.335591793060303 4.238759994506836 4.020062446594238
4.132992267608643 4.076716423034668 3.8786473274230957
3.815518617630005 3.781867742538452 3.6587672233581543
3.964122772216797 3.9392144680023193 3.812809944152832
4.175644397735596 4.133183479309082 3.9587254524230957
3.4934892654418945 3.324763536453247 2.9053897857666016
3.377753973007202 3.3372325897216797 3.1257827281951904
1.0445343255996704 1.0271906852722168 0.86786949634552
2.118091106414795 2.120123863220215 1.6811201572418213
2.8175299167633057 2.7133283615112305 2.253542900085449
2.466930866241455 2.380500316619873 2.0068588256835938
3.109438419342041 3.023449659347534 2.5984840393066406
2.1706974506378174 2.2031006813049316 1.7663015127182007
3.5954558849334717 3.3856523036956787 2.9321467876434326
3.2789337635040283 3.184417963027954 2.95208477973938
3.824876070022583 3.5654685497283936 3.139552593231201
3.783050298690796 3.6441879272460938 3.424586296081543
2.8838858604431152 2.7405009269714355 2.4535651206970215
1.2775026559829712 1.3569869995117188 1.2959939241409302
1.105933427810669 1.0262172222137451 0.8609455227851868
1.3139265775680542 1.311482548713684 1.0478603839874268
2.6242947578430176 2.048973321914673 1.710677981376648
3.5520081520080566 3.2659687995910645 2.7849009037017822
3.3312857151031494 3.081141471862793 2.878253936767578
2.7328975200653076 2.6589319705963135 2.587212085723877
1.4781434535980225 1.5371983051300049 1.4933990240097046
1.73961341381073 1.7786043882369995 1.814935564994812
3.533296585083008 3.390024185180664 3.199289083480835
3.4418599605560303 2.9228312969207764 2.399427890777588
4.13031530380249 3.8947594165802 3.5601282119750977
3.36538028717041 3.252058267593384 3.00555157661438
4.144378662109375 4.02656364440918 3.761180877685547
4.022854328155518 3.942269802093506 3.7327218055725098
3.4981045722961426 3.44758939743042 3.28977370262146
3.5774664878845215 3.453557014465332 3.071542978286743
3.2843289375305176 3.04352068901062 2.74519944190979
3.622006416320801 3.600480079650879 3.4931704998016357
3.096900701522827 2.9671876430511475 2.5068650245666504
2.7091782093048096 2.674217700958252 2.3413445949554443
0.7519001960754395 0.706250011920929 0.6452835202217102
1.0677014589309692 1.0911928415298462 0.9821905493736267
1.4291945695877075 1.4704221487045288 1.2234160900115967
1.5824650526046753 1.6497366428375244 1.4649326801300049
1.7087539434432983 1.7674357891082764 1.3982841968536377
1.1961486339569092 1.0731642246246338 0.8779798150062561
2.3174729347229004 1.9612857103347778 1.5267659425735474
2.6914525032043457 2.5911192893981934 2.0714924335479736
3.090012311935425 2.61788272857666 2.1348376274108887
3.6329331398010254 3.492811679840088 3.2705798149108887
2.2307326793670654 1.9868346452713013 1.7336575984954834
0.888889729976654 0.8918778896331787 0.7777013778686523
0.9851794242858887 0.9733401536941528 0.908391535282135
1.2786786556243896 1.084545373916626 0.9379569888114929
1.5572376251220703 1.5894442796707153 1.2310833930969238
1.9381084442138672 1.899312138557434 1.5548173189163208
2.132380723953247 2.0640289783477783 1.8852593898773193
1.8836191892623901 1.9554874897003174 1.9990127086639404
1.6775834560394287 1.624381422996521 1.6001852750778198
2.423682928085327 2.1274447441101074 1.936791181564331
1.4647996425628662 1.30859375 1.142815351486206
2.6388802528381348 2.1162281036376953 1.678385853767395
3.7104952335357666 3.455631971359253 3.0720648765563965
3.2078378200531006 3.006147623062134 2.7427120208740234
3.973539113998413 3.747518301010132 3.4354093074798584
3.5888757705688477 3.367762804031372 2.845038890838623
3.8248727321624756 3.483452558517456 3.051584482192993
3.7196316719055176 3.57871413230896 3.2564144134521484
3.9957275390625 3.871634006500244 3.605916976928711
3.029381036758423 2.96826171875 2.786993980407715
2.5817248821258545 2.52445387840271 2.1559395790100098
2.442368507385254 2.4003729820251465 1.966146469116211
1.0964373350143433 0.9369136095046997 0.746622622013092
0.8339431285858154 0.8238177299499512 0.784679651260376
0.8639288544654846 0.7408129572868347 0.6433916687965393
0.934342622756958 0.9239356517791748 0.8806735873222351
1.452113389968872 1.1535305976867676 0.9582313895225525
1.3259649276733398 1.3729703426361084 1.05995512008667
2.468235492706299 2.4525399208068848 1.8275413513183594
2.810197591781616 2.6512186527252197 2.13531231880188
3.0793681144714355 2.84576153755188 2.645601987838745
3.480205774307251 3.0079128742218018 2.465078592300415
2.47715425491333 2.342338800430298 1.7276932001113892
1.7499544620513916 1.307922601699829 1.1011638641357422
1.4387003183364868 1.1258550882339478 0.9431001543998718
1.8741048574447632 1.3220853805541992 1.0898061990737915
2.254417896270752 1.6775286197662354 1.252164602279663
2.477015972137451 1.8904180526733398 1.4520841836929321
1.554795742034912 1.4811553955078125 1.3631001710891724
1.539869785308838 1.212822675704956 1.0162208080291748
1.1482137441635132 1.1460061073303223 0.9257422089576721
1.2957851886749268 1.3342055082321167 1.2634193897247314
2.1575798988342285 2.1062064170837402 1.5586717128753662
2.462031364440918 2.3086724281311035 2.0989058017730713
3.429457664489746 3.2096147537231445 2.8709616661071777
3.7852272987365723 3.379915714263916 2.9380030632019043
3.517080783843994 3.1850545406341553 2.6104891300201416
3.102294921875 2.9756317138671875 2.4129433631896973
2.9913463592529297 2.882744073867798 2.604794502258301
3.324429512023926 3.16935396194458 2.686105489730835
4.103656768798828 3.9584410190582275 3.677156925201416
3.949104070663452 3.697786569595337 3.2943029403686523
2.5062830448150635 2.337783098220825 1.8540244102478027
2.288459062576294 2.210505247116089 1.7418274879455566
1.296866774559021 1.16749906539917 0.911078929901123
1.4433977603912354 1.3956952095031738 1.027183175086975
1.3383784294128418 1.3391666412353516 1.2552649974822998
1.245363712310791 0.9840500354766846 0.8327077031135559
1.1828017234802246 1.2095504999160767 0.9788911938667297
1.5740103721618652 1.6174901723861694 1.1681933403015137
1.9120310544967651 1.909176230430603 1.4604870080947876
2.3623054027557373 2.271435022354126 1.6893259286880493
3.2674670219421387 3.135524272918701 2.715439796447754
2.2635843753814697 2.227097988128662 1.9920389652252197
2.2448971271514893 2.091536283493042 1.5409111976623535
1.956758737564087 1.7987537384033203 1.3303649425506592
1.6496782302856445 1.1539498567581177 0.9468982815742493
1.8809175491333008 1.5488057136535645 1.303183674812317
1.5910593271255493 1.3605324029922485 1.1525050401687622
1.1793949604034424 0.9718446731567383 0.7738340497016907
0.8323299884796143 0.7236436605453491 0.6363480687141418
1.0642755031585693 0.8974442481994629 0.7576755881309509
1.009737491607666 0.9610979557037354 0.8667300343513489
1.1371837854385376 1.1895347833633423 1.0792465209960938
1.4428921937942505 1.456748127937317 1.3483294248580933
2.8316845893859863 2.6944901943206787 2.399595260620117
3.7436413764953613 3.6246602535247803 3.3667709827423096
3.3137857913970947 2.947479009628296 2.4704911708831787
2.962900161743164 2.894939422607422 2.3215675354003906
3.091716766357422 2.611731767654419 2.113314151763916
2.8738553524017334 2.5533664226531982 2.099363088607788
3.4354779720306396 3.0755162239074707 2.4478349685668945
4.01272439956665 3.8127033710479736 3.4561688899993896
3.3555169105529785 3.2330641746520996 2.865687131881714
2.910719871520996 2.8344898223876953 2.409299373626709
2.9409472942352295 2.8126683235168457 2.215759038925171
1.5136876106262207 1.5319809913635254 1.2276437282562256
1.689645767211914 1.6056067943572998 1.3532721996307373
1.213120460510254 1.236850380897522 1.1885571479797363
1.7750639915466309 1.5154507160186768 1.1188251972198486
1.8719921112060547 1.7141649723052979 1.543808937072754
1.451433539390564 1.457244873046875 1.4262142181396484
1.6262818574905396 1.4640547037124634 1.3578177690505981
1.6664515733718872 1.6469978094100952 1.5780158042907715
2.1955628395080566 1.8040348291397095 1.4629546403884888
1.245071291923523 1.1957964897155762 1.1545573472976685
1.433120608329773 1.3667362928390503 1.2278547286987305
1.144921898841858 0.9191467761993408 0.8508160710334778
1.0989630222320557 0.8197352290153503 0.6756649017333984
1.3316773176193237 0.95225590467453 0.7882909774780273
0.8745179176330566 0.8132787346839905 0.7059211134910583
1.5247716903686523 1.0678074359893799 0.8601751327514648
1.7241748571395874 1.480106234550476 1.1204102039337158
2.0407915115356445 1.755008339881897 1.3837413787841797
1.0344114303588867 1.0417472124099731 1.0155264139175415
1.2043955326080322 1.2387827634811401 1.179540753364563
1.3176015615463257 1.1737627983093262 1.0696237087249756
2.565103530883789 2.3167099952697754 1.8396351337432861
2.8773534297943115 2.304650068283081 1.8602811098098755
3.254423141479492 2.786195755004883 2.2311761379241943
3.0181784629821777 2.866487503051758 2.141242027282715
2.5528571605682373 2.5368576049804688 1.8791115283966064
2.709975004196167 2.7157561779022217 2.195277214050293
3.6121294498443604 3.257551908493042 2.7388484477996826
3.8141531944274902 3.730020523071289 3.5304200649261475
3.1990914344787598 3.122551679611206 2.965668201446533
2.7540156841278076 2.5214743614196777 1.9733827114105225
3.107167959213257 2.8949239253997803 2.319091320037842
1.139890193939209 1.0585769414901733 0.9309465885162354
1.310178518295288 1.175971269607544 1.0404187440872192
1.1502219438552856 1.1270687580108643 1.0412178039550781
1.3175499439239502 1.2739397287368774 1.0793412923812866
1.5957362651824951 1.174096703529358 0.9403509497642517
1.7421295642852783 1.3015246391296387 0.9884861707687378
1.3699836730957031 1.0048614740371704 0.8022249341011047
1.5266714096069336 1.3589493036270142 1.095121145248413
2.0218522548675537 1.9803383350372314 1.578503131866455
1.894931674003601 1.8611395359039307 1.697845458984375
1.0069400072097778 0.8695665597915649 0.7457272410392761
0.9865912199020386 0.7770568132400513 0.6619017720222473
0.7113210558891296 0.6993464231491089 0.6522164940834045
1.5544263124465942 1.2756950855255127 1.014402151107788
2.0696353912353516 1.4580737352371216 1.1354457139968872
3.3041141033172607 2.794188976287842 2.243680715560913
3.02980637550354 2.9519765377044678 2.470182418823242
1.7856175899505615 1.547540307044983 1.3435190916061401
0.9387500882148743 0.8298404812812805 0.7314344048500061
1.8148794174194336 1.7377289533615112 1.6518248319625854
1.945025086402893 1.9569765329360962 1.773460030555725
1.798343539237976 1.6353294849395752 1.3894250392913818
1.8132251501083374 1.5436041355133057 1.2387484312057495
1.4622503519058228 1.1820155382156372 0.9655947685241699
1.605969786643982 1.3638081550598145 1.123488426208496
2.0219154357910156 1.9775842428207397 1.494442343711853
2.974342107772827 2.686612844467163 2.486274242401123
3.4834439754486084 3.369837999343872 3.139066219329834
3.6127278804779053 3.5155255794525146 3.3129615783691406
3.765556812286377 3.6584954261779785 3.40431547164917
2.7966411113739014 2.774819850921631 2.30409836769104
3.089799165725708 2.9809348583221436 2.503458023071289
0.9263344407081604 0.9136069416999817 0.7936493158340454
1.1827025413513184 0.9790898561477661 0.7901866436004639
0.9990149736404419 1.0002208948135376 0.9064123630523682
1.0576155185699463 0.8650408983230591 0.6913228034973145
1.8578271865844727 1.656887173652649 1.3575527667999268
1.8659063577651978 1.8420159816741943 1.329003095626831
1.8738293647766113 1.500149130821228 1.2377384901046753
2.160515546798706 2.101590156555176 1.5214595794677734
3.1666061878204346 3.022845506668091 2.3695693016052246
2.627599000930786 2.5330986976623535 1.892940878868103
1.229537844657898 1.0548347234725952 0.9358760714530945
0.7469662427902222 0.6187213659286499 0.515978217124939
0.8967145085334778 0.6549318432807922 0.5572715401649475
1.091314435005188 1.114855170249939 1.0528868436813354
2.015882968902588 1.5708231925964355 1.3379096984863281
2.322397232055664 1.8409310579299927 1.5181289911270142
2.87068510055542 2.5794153213500977 2.0365631580352783
1.2410991191864014 1.005704402923584 0.89105224609375
1.4930367469787598 1.5307670831680298 1.1804300546646118
2.2550477981567383 2.2220101356506348 1.7272917032241821
2.7644968032836914 2.5811426639556885 2.3650686740875244
2.4215338230133057 1.8192414045333862 1.3699063062667847
1.6100760698318481 1.2757049798965454 1.0446661710739136
1.3045982122421265 1.0933831930160522 0.9460947513580322
1.1222795248031616 1.0508900880813599 0.8358224630355835
2.2442195415496826 2.2265615463256836 1.9438233375549316
2.2233340740203857 2.158738374710083 1.5915052890777588
2.3459341526031494 2.3435144424438477 1.7020199298858643
3.352236032485962 3.259044885635376 3.1281473636627197
3.867489814758301 3.5862109661102295 3.213791608810425
2.990856885910034 2.902597188949585 2.658973217010498
3.183145761489868 3.0243518352508545 2.7481539249420166
0.7627504467964172 0.7104529142379761 0.6013991832733154
0.9029945135116577 0.8026411533355713 0.6663742065429688
1.3409819602966309 1.10863196849823 0.8319949507713318
1.485337495803833 1.1551001071929932 0.9405844807624817
2.1409473419189453 1.7517067193984985 1.3612291812896729
2.0538151264190674 1.522706389427185 1.1677240133285522
1.884417176246643 1.4181029796600342 1.0371330976486206
2.7725162506103516 2.1649065017700195 1.730892300605774
3.3929598331451416 3.1986608505249023 2.5132763385772705
2.7178456783294678 2.574810266494751 2.412062644958496
1.3055418729782104 1.1756032705307007 0.9740341901779175
1.2222900390625 0.9093026518821716 0.7120155692100525
0.8727295398712158 0.751596987247467 0.6844722628593445
0.6092385053634644 0.5578435063362122 0.5255054831504822
0.8909507989883423 0.8499948382377625 0.8101745843887329
1.3952401876449585 1.0445923805236816 0.8860997557640076
1.7781651020050049 1.1960420608520508 0.9500913619995117
1.7585262060165405 1.787431001663208 1.39627206325531
2.4578561782836914 2.355142831802368 1.9876035451889038
2.161917209625244 1.9497413635253906 1.6214561462402344
2.421462297439575 2.128243923187256 1.6553318500518799
2.938230276107788 2.7637972831726074 2.200658082962036
1.7558797597885132 1.3221668004989624 1.1017825603485107
2.8296401500701904 2.1971983909606934 1.7242648601531982
1.3621469736099243 1.371167778968811 1.189652442932129
0.946273684501648 0.8974602818489075 0.7818893194198608
1.5052845478057861 1.456844449043274 1.2369635105133057
1.9021379947662354 1.8382519483566284 1.5483604669570923
3.2426962852478027 3.0305538177490234 2.4375250339508057
3.6666901111602783 3.4731147289276123 3.091172695159912
3.4648168087005615 3.275240898132324 2.842163324356079
3.4082064628601074 3.1891729831695557 2.6705093383789062
1.4139831066131592 1.4212051630020142 1.1416904926300049
1.5615708827972412 1.3440663814544678 1.0275425910949707
1.6013017892837524 1.4288852214813232 1.2251285314559937
1.680917501449585 1.6151140928268433 1.2116451263427734
2.4466943740844727 2.1084461212158203 1.7088783979415894
2.319474220275879 1.8774702548980713 1.375579595565796
2.5458426475524902 1.977101445198059 1.5298160314559937
3.2624146938323975 2.858208179473877 2.261603355407715
3.7989132404327393 3.4600160121917725 3.0101473331451416
3.0488367080688477 2.8798012733459473 2.236785411834717
2.1420507431030273 1.5828111171722412 1.2189687490463257
2.667759895324707 2.0567924976348877 1.5893548727035522
1.481785774230957 1.1625723838806152 0.9820267558097839
0.6600055694580078 0.6444673538208008 0.5814547538757324
0.5915420651435852 0.5376700758934021 0.47997814416885376
0.9685043096542358 0.761188268661499 0.64235520362854
1.5964535474777222 1.1215267181396484 0.9009147882461548
1.337725043296814 1.2959184646606445 1.123544692993164
1.400618314743042 1.1384857892990112 0.9825809001922607
1.8809967041015625 1.9170329570770264 1.443497657775879
1.5779659748077393 1.5579419136047363 1.4090921878814697
2.593994379043579 2.561626672744751 2.1131067276000977
2.5964348316192627 1.9463469982147217 1.5171232223510742
2.9820055961608887 2.594682455062866 2.0186705589294434
1.3599777221679688 1.051159381866455 0.8337081670761108
1.0494495630264282 0.9413341879844666 0.7802196741104126
1.32832670211792 1.3382987976074219 1.02108895778656
1.6729151010513306 1.6235328912734985 1.325629711151123
2.735497236251831 2.5350654125213623 2.3014283180236816
3.5800058841705322 3.3847217559814453 2.9280197620391846
3.2767481803894043 3.172330379486084 2.8526856899261475
3.233961343765259 3.1112091541290283 2.600101947784424
1.7729521989822388 1.7774847745895386 1.4541436433792114
1.8729249238967896 1.8697054386138916 1.527604341506958
1.9495253562927246 1.954307198524475 1.5439835786819458
1.9766466617584229 1.7270203828811646 1.4015395641326904
2.6756954193115234 2.6349964141845703 2.0278637409210205
2.780582904815674 2.4125187397003174 1.9478018283843994
2.909951686859131 2.577702522277832 1.9320247173309326
3.6268930435180664 3.2091422080993652 2.7287609577178955
4.013060092926025 3.797813892364502 3.427607536315918
3.293442487716675 3.0534095764160156 2.403226375579834
2.3616576194763184 2.0449628829956055 1.6745177507400513
2.340913772583008 1.7136207818984985 1.3078869581222534
1.6771401166915894 1.6579573154449463 1.2794958353042603
0.9776700139045715 0.9455892443656921 0.8808563351631165
0.671657383441925 0.5697246193885803 0.46550583839416504
0.7228811383247375 0.6197540760040283 0.5372137427330017
1.087320327758789 0.861116886138916 0.7722001075744629
1.0896004438400269 1.0148035287857056 0.849425196647644
1.1976923942565918 1.159209966659546 1.0364097356796265
1.5887060165405273 1.403708577156067 1.1243770122528076
1.0106725692749023 0.8259287476539612 0.6905012726783752
1.041372537612915 0.9662330746650696 0.8952085971832275
1.6914490461349487 1.4543814659118652 1.2480076551437378
1.902256727218628 1.4294923543930054 1.0673532485961914
1.7858622074127197 1.7267602682113647 1.2559964656829834
1.1935341358184814 1.2196333408355713 1.059518814086914
1.7948590517044067 1.8379693031311035 1.4133830070495605
1.491134524345398 1.355819582939148 1.0653873682022095
2.596646547317505 2.2192459106445312 1.7711387872695923
2.889659881591797 2.8147294521331787 2.115543842315674
2.6105408668518066 2.550952672958374 2.068559408187866
2.9696505069732666 2.870260715484619 2.390300989151001
2.032285690307617 1.9458887577056885 1.774675965309143
2.3290863037109375 2.3578641414642334 1.820906162261963
2.1400046348571777 1.94417142868042 1.5237927436828613
2.286357879638672 1.9092985391616821 1.5843020677566528
2.9417288303375244 2.8837220668792725 2.304323196411133
2.926100730895996 2.8444955348968506 2.416001319885254
3.1077120304107666 3.024596929550171 2.5837903022766113
3.6930832862854004 3.610670566558838 3.403071880340576
3.466956615447998 3.2392663955688477 2.929316282272339
3.1083900928497314 2.7078704833984375 2.102412223815918
2.9999120235443115 2.8708958625793457 2.470122814178467
2.1432251930236816 2.045712947845459 1.8655946254730225
1.3062989711761475 1.3370565176010132 1.097004771232605
0.8194496631622314 0.7250811457633972 0.6560017466545105
1.466239094734192 1.4386651515960693 1.3325583934783936
1.9597593545913696 1.3785347938537598 1.0975624322891235
1.209506869316101 0.8701246976852417 0.7232300639152527
0.8462943434715271 0.6679793000221252 0.5701098442077637
1.4492363929748535 1.0428404808044434 0.8365018367767334
1.378685474395752 0.9427745938301086 0.7321891188621521
1.2502740621566772 1.0092220306396484 0.8718721866607666
0.768521249294281 0.6983206272125244 0.6373546123504639
0.8949568271636963 0.7412754893302917 0.6318157911300659
1.5801806449890137 1.2732090950012207 0.9666706323623657
2.21523380279541 1.6956782341003418 1.3428940773010254
1.375569462776184 1.2579642534255981 0.8956673741340637
0.7973418235778809 0.7401037216186523 0.6604611277580261
1.222543478012085 1.1748125553131104 0.9217878580093384
2.1779699325561523 2.1106255054473877 1.702923059463501
2.8244056701660156 2.67034912109375 2.0173697471618652
2.095146894454956 2.0697343349456787 1.5363378524780273
2.3087708950042725 2.2629292011260986 1.846682071685791
2.811751127243042 2.767254114151001 2.310594081878662
2.5840797424316406 2.4724085330963135 1.8235204219818115
2.5422255992889404 2.3006086349487305 1.7507884502410889
2.281541109085083 2.187413215637207 1.6376293897628784
2.9196245670318604 2.717993974685669 2.0405454635620117
3.446751117706299 3.364962100982666 3.133640766143799
3.5921518802642822 3.4702742099761963 3.2110888957977295
4.006407737731934 3.8850386142730713 3.6359267234802246
3.5225305557250977 3.411202907562256 3.211974620819092
3.411452531814575 3.2069504261016846 2.7032792568206787
3.440786838531494 3.2049055099487305 2.5646917819976807
2.5438406467437744 2.4865777492523193 2.2754886150360107
1.3116806745529175 0.9491862058639526 0.7656103372573853
1.0766435861587524 1.0394335985183716 0.9811362028121948
2.105300188064575 2.06291127204895 1.464332103729248
1.8522835969924927 1.3223176002502441 0.9739186763763428
2.3325960636138916 1.7764561176300049 1.3522083759307861
1.0984503030776978 0.8100716471672058 0.684691309928894
2.2570104598999023 1.5911990404129028 1.2177666425704956
1.9847184419631958 1.3844929933547974 1.0342446565628052
2.73166561126709 2.6220781803131104 2.1003077030181885
1.418450951576233 1.3074312210083008 1.013102412223816
1.5597070455551147 1.1424503326416016 0.8895996809005737
2.2488760948181152 1.7923696041107178 1.5172839164733887
2.429847002029419 1.9591360092163086 1.4738253355026245
1.124508023262024 0.883815348148346 0.7465488314628601
1.2274609804153442 1.0185325145721436 0.7880955934524536
0.9510857462882996 0.9107702374458313 0.7436785101890564
2.6352593898773193 2.5142016410827637 1.8856287002563477
2.776475191116333 2.5532078742980957 1.9419136047363281
1.6485984325408936 1.5877951383590698 1.1879630088806152
1.54062020778656 1.489328145980835 1.1087840795516968
2.702524423599243 2.643488883972168 2.1720352172851562
2.8905768394470215 2.8030128479003906 2.2187442779541016
2.5645408630371094 2.4890787601470947 2.053847551345825
2.285815954208374 2.1734671592712402 1.9351574182510376
2.8663196563720703 2.7407875061035156 2.5233452320098877
3.687955141067505 3.364250898361206 2.883026123046875
3.8778302669525146 3.6978890895843506 3.327266216278076
3.8494443893432617 3.7446649074554443 3.5105385780334473
3.9001071453094482 3.615683078765869 3.2273075580596924
3.3262650966644287 3.1705734729766846 2.9736571311950684
3.0636143684387207 2.89792537689209 2.787248134613037
2.4365153312683105 2.2887165546417236 2.0333316326141357
1.2980636358261108 1.1013107299804688 0.9116697311401367
1.64876127243042 1.6140737533569336 1.494992971420288
1.832585096359253 1.8118513822555542 1.5795364379882812
2.000535249710083 1.9561388492584229 1.7155717611312866
1.7448365688323975 1.268115520477295 0.9543677568435669
2.015822172164917 1.4856197834014893 1.1760692596435547
2.887497663497925 2.3191373348236084 1.7864086627960205
2.63653564453125 2.093679904937744 1.5352710485458374
2.529310703277588 1.8832608461380005 1.4137951135635376
2.101816177368164 1.5429452657699585 1.2304378747940063
1.6518504619598389 1.6715402603149414 1.1956449747085571
1.90792715549469 1.8058483600616455 1.485863447189331
2.6392624378204346 2.20908260345459 1.6695812940597534
1.9000064134597778 1.59770929813385 1.1929662227630615
1.0777586698532104 1.106471061706543 0.9632741808891296
1.3041476011276245 1.268686056137085 1.080752968788147
2.501664638519287 2.409515142440796 2.1787524223327637
2.469895601272583 2.3772079944610596 1.9170310497283936
1.9838101863861084 1.9586284160614014 1.3888822793960571
1.7297906875610352 1.7068488597869873 1.5178269147872925
2.255382537841797 2.2458086013793945 1.8089690208435059
2.765517473220825 2.633293867111206 2.012641429901123
2.817443609237671 2.7624595165252686 2.1689813137054443
2.4507980346679688 2.3484466075897217 2.1571414470672607
3.1394357681274414 3.019409656524658 2.386713743209839
3.6967763900756836 3.460191011428833 2.9956510066986084
3.7484872341156006 3.562297821044922 3.2495760917663574
3.8025705814361572 3.540234327316284 3.0801568031311035
3.633068561553955 3.417471170425415 2.9985873699188232
3.6759893894195557 3.3109610080718994 2.8039228916168213
2.8087334632873535 2.7297487258911133 2.174593448638916
1.5515254735946655 1.487461805343628 1.1769890785217285
1.0640238523483276 0.8219377398490906 0.6500778198242188
1.6695138216018677 1.2733688354492188 1.0566920042037964
1.403726577758789 1.365553855895996 1.2394040822982788
1.594847559928894 1.1683695316314697 0.8871793746948242
1.9645932912826538 1.6812551021575928 1.3010027408599854
2.5692994594573975 2.321739673614502 1.7548938989639282
2.6616554260253906 2.3765692710876465 2.057403326034546
2.4588418006896973 2.45023775100708 1.7678089141845703
2.3352136611938477 2.2074837684631348 1.8641653060913086
1.9641488790512085 1.9646799564361572 1.5653600692749023
1.7368983030319214 1.71739661693573 1.5517209768295288
1.7997877597808838 1.4554975032806396 1.1440523862838745
2.1496620178222656 2.118527889251709 1.943662166595459
1.958849310874939 1.6486012935638428 1.4012417793273926
1.121192216873169 1.0373458862304688 0.7631484866142273
0.753778874874115 0.6778731942176819 0.5811135768890381
2.0959761142730713 2.054518938064575 1.8427348136901855
1.9331647157669067 1.9194509983062744 1.739471197128296
2.4081435203552246 2.199253559112549 1.601144552230835
1.851045846939087 1.7750848531723022 1.3253055810928345
2.161954641342163 2.074066400527954 1.7259529829025269
2.4500229358673096 2.407102346420288 1.907378911972046
2.6830618381500244 2.587470293045044 1.9387325048446655
2.728531837463379 2.6233229637145996 2.2819933891296387
3.0508406162261963 2.930520534515381 2.646104097366333
3.519204616546631 3.247199773788452 2.77533221244812
3.435999870300293 3.319218397140503 2.9906044006347656
3.234203338623047 3.088076114654541 2.8820672035217285
3.512281894683838 3.2470767498016357 2.7124428749084473
3.245487928390503 3.021228790283203 2.724423408508301
2.570796251296997 2.5056188106536865 2.036159038543701
2.4176368713378906 1.9370759725570679 1.4536367654800415
0.9699572324752808 0.952997624874115 0.8154422640800476
1.1502289772033691 1.007593035697937 0.8637737035751343
1.7070914506912231 1.3990415334701538 1.1288636922836304
1.1904727220535278 0.8752633333206177 0.6688700318336487
1.3520640134811401 1.0004198551177979 0.7572548389434814
2.1046528816223145 1.8186850547790527 1.3276913166046143
2.9667727947235107 2.7958054542541504 2.1165878772735596
2.8110532760620117 2.489121913909912 1.8213558197021484
2.156071186065674 2.0903286933898926 1.596258521080017
2.2224555015563965 2.0933923721313477 1.4296553134918213
1.740010380744934 1.6889886856079102 1.30530846118927
1.6990742683410645 1.3926234245300293 1.0403367280960083
2.154134511947632 1.893786072731018 1.297741413116455
2.1732425689697266 1.7313202619552612 1.2418192625045776
0.9985914826393127 0.8572115898132324 0.6795364618301392
0.8339927792549133 0.8313717246055603 0.7327972054481506
2.347012519836426 2.265965700149536 2.0544607639312744
2.326707363128662 2.2212140560150146 1.741772174835205
2.643411636352539 2.4811978340148926 1.8651463985443115
2.032390832901001 1.9251552820205688 1.5860189199447632
1.7099571228027344 1.677205204963684 1.3995568752288818
2.0774598121643066 2.0030243396759033 1.623369812965393
2.4262261390686035 2.3996238708496094 1.756056308746338
2.6176300048828125 2.459157705307007 1.973158836364746
3.2064366340637207 3.0833890438079834 2.701596736907959
3.304656744003296 3.124734878540039 2.7186174392700195
3.3522369861602783 3.1591997146606445 2.5724868774414062
3.264724016189575 3.027714252471924 2.4437105655670166
2.973149299621582 2.8018648624420166 2.596693754196167
3.1452724933624268 3.0228517055511475 2.533203125
3.356005907058716 3.129058837890625 2.5432698726654053
1.854339599609375 1.782304286956787 1.3882646560668945
1.0789978504180908 0.9644964337348938 0.7135128378868103
0.8802816867828369 0.8450289964675903 0.796590268611908
1.228710651397705 1.2075700759887695 1.1199191808700562
1.4631037712097168 1.1861293315887451 0.9650643467903137
0.8899304270744324 0.7550014853477478 0.5931653380393982
2.393329620361328 2.280797004699707 1.8179255723953247
2.9719128608703613 2.5529611110687256 1.9645627737045288
2.467694044113159 2.18739652633667 1.5614113807678223
2.655268669128418 2.4296529293060303 1.8127307891845703
2.401132106781006 2.0298686027526855 1.6375088691711426
2.6758456230163574 2.4730985164642334 2.202101945877075
1.5781853199005127 1.515179991722107 1.2519596815109253
1.4312227964401245 1.396378755569458 1.1321556568145752
1.4601632356643677 1.179659128189087 0.918071448802948
0.9614720344543457 0.9451960921287537 0.8446277976036072
1.1685374975204468 1.1252803802490234 0.9748827219009399
1.498541235923767 1.4020808935165405 0.978472888469696
2.1376843452453613 1.8903687000274658 1.3999439477920532
2.482013702392578 2.340467929840088 1.7195940017700195
2.207759380340576 2.1355667114257812 1.6179547309875488
1.7490308284759521 1.5377477407455444 1.1659505367279053
2.080291748046875 1.9913477897644043 1.4638168811798096
2.196188449859619 2.1907501220703125 1.5717575550079346
3.096102237701416 2.9215877056121826 2.3191089630126953
3.330416679382324 3.0784013271331787 2.5570878982543945
3.3767669200897217 3.211764097213745 2.8885347843170166
3.426356554031372 3.1779091358184814 2.66038179397583
3.1540470123291016 2.9922800064086914 2.7585349082946777
3.1393566131591797 2.9894299507141113 2.319899320602417
3.105936050415039 2.9100921154022217 2.2494397163391113
2.693438768386841 2.370534658432007 1.6915870904922485
1.679842472076416 1.553080439567566 1.3030991554260254
0.8153055906295776 0.7619399428367615 0.6426011323928833
0.6923984885215759 0.6267809271812439 0.5577055811882019
1.4791542291641235 1.3285659551620483 1.0608693361282349
1.4618301391601562 1.1205154657363892 0.8306192755699158
1.0047011375427246 0.889324426651001 0.7446229457855225
2.112039566040039 1.9452308416366577 1.4672257900238037
2.691014289855957 2.3027684688568115 1.6580984592437744
2.29866361618042 1.9329769611358643 1.3905677795410156
2.0575456619262695 2.0086944103240967 1.7034889459609985
3.382216691970825 3.162942409515381 2.603543758392334
3.2612342834472656 3.029406785964966 2.4084620475769043
3.0033795833587646 2.8442909717559814 2.387739419937134
1.762674331665039 1.7058148384094238 1.4611341953277588
1.3401323556900024 1.1446313858032227 0.9831719994544983
0.8451413512229919 0.7929832339286804 0.649925708770752
1.5750315189361572 1.592332363128662 1.3950576782226562
1.2914427518844604 1.1203805208206177 0.8735974431037903
1.8822202682495117 1.8453491926193237 1.4363329410552979
2.234633207321167 2.00132155418396 1.4738954305648804
2.338186264038086 2.2023062705993652 1.584094524383545
1.9550398588180542 1.727743148803711 1.284816861152649
2.049243927001953 1.8649706840515137 1.4694284200668335
2.289585590362549 2.036055088043213 1.5321282148361206
3.123467206954956 2.956930637359619 2.504424571990967
3.3913369178771973 3.168703556060791 2.7063517570495605
3.045238971710205 2.8834917545318604 2.217393398284912
3.0744736194610596 2.983522415161133 2.494027853012085
3.0457963943481445 2.8808541297912598 2.4565861225128174
2.8936374187469482 2.809049129486084 2.3283445835113525
2.8429014682769775 2.670444965362549 2.0064785480499268
1.9294040203094482 1.5513942241668701 1.2029107809066772
1.6175568103790283 1.3267550468444824 0.9727734923362732
1.3669567108154297 1.0986911058425903 0.83383709192276
0.9486098289489746 0.8350673913955688 0.6772660613059998
1.1467329263687134 1.1256840229034424 0.9262105226516724
1.020236611366272 0.9761921763420105 0.8941707611083984
1.2451614141464233 1.1114128828048706 0.865908145904541
2.1220667362213135 1.7296019792556763 1.2137449979782104
3.069317102432251 2.8540878295898438 2.175459623336792
1.9083234071731567 1.5809980630874634 1.140789270401001
2.4408609867095947 2.3608126640319824 2.1182239055633545
3.466658115386963 3.1982436180114746 2.6726057529449463
3.4380006790161133 3.2910828590393066 2.9558701515197754
3.277630090713501 3.137317657470703 2.782651424407959
3.5102665424346924 3.2865984439849854 2.7790980339050293
2.2178423404693604 2.1130211353302 1.7760487794876099
1.658577799797058 1.5724201202392578 1.1694958209991455
2.1695330142974854 1.9824695587158203 1.673903465270996
1.3391636610031128 1.3059823513031006 1.0037931203842163
1.4797759056091309 1.4985578060150146 1.275362491607666
1.938672661781311 1.8505258560180664 1.557786226272583
1.778857946395874 1.7075629234313965 1.3111399412155151
1.6248388290405273 1.4166666269302368 1.0931849479675293
1.831907868385315 1.6727032661437988 1.301407814025879
2.3332977294921875 2.241586685180664 1.6542150974273682
2.950066328048706 2.8468451499938965 2.4014713764190674
2.6440846920013428 2.5462453365325928 2.1621320247650146
3.1586568355560303 2.9972498416900635 2.601411819458008
2.8533966541290283 2.7616653442382812 2.107682228088379
2.808934450149536 2.6828699111938477 2.394700527191162
2.701657295227051 2.5937564373016357 2.305492877960205
2.976808547973633 2.7941441535949707 2.1529064178466797
2.409095048904419 2.171156883239746 1.5051119327545166
1.808943271636963 1.4515385627746582 1.0918207168579102
1.4091578722000122 1.2525343894958496 0.9510142207145691
1.4524188041687012 1.4077093601226807 1.1777355670928955
1.2048989534378052 1.1985828876495361 0.9947665929794312
1.168459177017212 1.0155788660049438 0.7821657657623291
0.8586950302124023 0.8216236233711243 0.720469057559967
1.8607046604156494 1.7370208501815796 1.4163862466812134
1.7283023595809937 1.5747615098953247 1.2178499698638916
2.3080873489379883 2.1364989280700684 1.5704127550125122
3.1691627502441406 3.0235159397125244 2.621896743774414
3.167775869369507 3.041996955871582 2.7971785068511963
3.599038600921631 3.345398426055908 2.8577611446380615
3.6527926921844482 3.486124277114868 3.1079766750335693
3.504559278488159 3.375547170639038 2.9943323135375977
2.884035348892212 2.729811191558838 2.0666933059692383
1.3466416597366333 1.300624966621399 1.139792561531067
2.0423548221588135 1.9736716747283936 1.531578779220581
1.1668646335601807 1.1243188381195068 0.8362730741500854
1.9373226165771484 1.788223385810852 1.308514952659607
1.8924787044525146 1.782485008239746 1.4627938270568848
1.7303723096847534 1.647882342338562 1.3701890707015991
1.4631239175796509 1.3483525514602661 1.0908303260803223
2.3681743144989014 2.261416435241699 1.747155785560608
2.613179922103882 2.535233974456787 2.032392740249634
2.731388807296753 2.6342475414276123 2.059849977493286
2.441854476928711 2.3243939876556396 1.8022434711456299
2.385491371154785 2.342447280883789 2.017237663269043
2.1147665977478027 2.047717809677124 1.5249401330947876
2.5237979888916016 2.273998498916626 1.6118744611740112
2.03585147857666 1.8771936893463135 1.5022348165512085
2.725375175476074 2.4829535484313965 1.8616582155227661
2.237306833267212 1.897585391998291 1.4524282217025757
2.2941832542419434 2.2013940811157227 1.894491195678711
1.9394066333770752 1.8426496982574463 1.594100832939148
2.172550916671753 2.0847415924072266 1.796141266822815
1.7062662839889526 1.6828681230545044 1.4200613498687744
1.608718752861023 1.5765177011489868 1.2123897075653076
0.7670584321022034 0.7020573019981384 0.594368577003479
1.6426036357879639 1.5017380714416504 1.0611536502838135
1.575151801109314 1.378871202468872 1.0960043668746948
2.810201644897461 2.6964783668518066 2.056199073791504
2.723707437515259 2.6213185787200928 2.3604519367218018
3.0290980339050293 2.933168411254883 2.5837013721466064
3.3893368244171143 3.2250025272369385 2.7691328525543213
3.0902178287506104 2.9458134174346924 2.6553139686584473
3.361027240753174 3.2369017601013184 2.878887414932251
2.8954172134399414 2.8054380416870117 2.533853530883789
2.253401279449463 2.0995283126831055 1.5409564971923828
2.4897384643554688 2.3332462310791016 1.772659182548523
1.07375168800354 1.015492558479309 0.797078549861908
1.6042473316192627 1.5266273021697998 1.2341504096984863
1.481460690498352 1.4195237159729004 1.116855502128601
1.8576551675796509 1.6536221504211426 1.2818832397460938
1.2668761014938354 1.1702473163604736 0.9472463726997375
2.55491042137146 2.4482216835021973 1.8603790998458862
2.244633436203003 2.2034506797790527 1.764011025428772
1.6280051469802856 1.6042629480361938 1.348413109779358
1.8606035709381104 1.8044723272323608 1.513744831085205
1.994680643081665 1.9393271207809448 1.6513330936431885
2.095829725265503 2.027611255645752 1.7381895780563354
2.0983340740203857 1.7627325057983398 1.3233256340026855
2.232417583465576 2.101696014404297 1.5328105688095093
2.5737364292144775 2.5123744010925293 1.9286167621612549
2.413069486618042 2.3400871753692627 1.7943060398101807
2.7555489540100098 2.611754894256592 2.1341629028320312
2.110999584197998 2.025190830230713 1.6378628015518188
1.7967933416366577 1.7657809257507324 1.4354407787322998
2.9715042114257812 2.8430278301239014 2.4738028049468994
1.9394278526306152 1.8744994401931763 1.4221956729888916
1.3657703399658203 1.306959629058838 1.0359076261520386
2.003880500793457 1.8978291749954224 1.467187762260437
3.1001126766204834 2.9008893966674805 2.300769567489624
3.1836297512054443 2.9520225524902344 2.4042515754699707
2.868525743484497 2.7203524112701416 2.415370464324951
3.3008623123168945 3.1036500930786133 2.5479371547698975
3.1530675888061523 2.9694485664367676 2.28743839263916
2.508789300918579 2.3769779205322266 1.8971096277236938
3.3093421459198 3.116497039794922 2.6146225929260254
3.216543197631836 3.005478620529175 2.4264280796051025
2.0074048042297363 1.8528776168823242 1.4450817108154297
2.7901854515075684 2.675340175628662 2.252211570739746
1.7510418891906738 1.5094257593154907 1.153183102607727
1.5327880382537842 1.3282510042190552 1.001244306564331
1.735914945602417 1.6122400760650635 1.2364616394042969
1.6261036396026611 1.4443011283874512 1.0919023752212524
1.178452491760254 1.0843034982681274 0.8822398781776428
1.6026277542114258 1.5400629043579102 1.2195264101028442
1.9789491891860962 1.868477702140808 1.425805687904358
2.785965919494629 2.6697559356689453 2.1684539318084717
2.851198434829712 2.7457504272460938 2.323805332183838
1.7497599124908447 1.6920233964920044 1.2986879348754883
2.9576523303985596 2.834162712097168 2.285726308822632
2.332845687866211 2.2453372478485107 1.7564502954483032
2.6589643955230713 2.551976442337036 2.056140661239624
2.7248897552490234 2.614920139312744 2.019834518432617
2.319056510925293 2.084261655807495 1.6399585008621216
2.3597757816314697 2.2580621242523193 1.6647859811782837
2.5926690101623535 2.4884581565856934 2.1624906063079834
3.263248920440674 3.0817856788635254 2.620161533355713
2.9552128314971924 2.782320499420166 2.1963653564453125
1.7126919031143188 1.6414378881454468 1.2881969213485718
1.5683972835540771 1.4791487455368042 1.1984152793884277
2.342740535736084 2.2296090126037598 1.777860164642334
2.835965156555176 2.6906349658966064 2.2040157318115234
2.628016710281372 2.5199198722839355 2.0297560691833496
2.356868028640747 2.2479004859924316 1.8803625106811523
2.7724812030792236 2.5600626468658447 1.8959434032440186
2.9366281032562256 2.8429789543151855 2.353273868560791
2.7933149337768555 2.5722568035125732 1.9898439645767212
2.816984176635742 2.695289134979248 2.328909158706665
2.655970335006714 2.5275039672851562 2.117062568664551
2.549731492996216 2.4335548877716064 2.032175064086914
3.1862173080444336 3.0348868370056152 2.61627459526062
2.3273837566375732 2.184405565261841 1.669772744178772
2.7429330348968506 2.610548734664917 2.110722303390503
1.2908397912979126 1.2140498161315918 0.9537768959999084
2.1433167457580566 2.0307581424713135 1.5786113739013672
1.3476176261901855 1.267928957939148 1.0651236772537231
1.81843900680542 1.787900686264038 1.4368200302124023
1.461509346961975 1.4221776723861694 1.17444908618927
2.5567054748535156 2.4670684337615967 1.984925389289856
2.123147487640381 1.9643774032592773 1.5387144088745117
2.2032697200775146 2.1668412685394287 1.6909809112548828
1.663102388381958 1.5192840099334717 1.178731083869934
1.8987427949905396 1.752716064453125 1.318791389465332
2.5113472938537598 2.3894309997558594 1.7971878051757812
2.4862074851989746 2.367638349533081 1.9498683214187622
2.8688747882843018 2.726362943649292 2.214825391769409
1.979405403137207 1.9195303916931152 1.4536453485488892
2.661492347717285 2.5109431743621826 1.9191149473190308
3.0826780796051025 2.9163169860839844 2.4525578022003174
2.182156562805176 2.0939784049987793 1.5925630331039429
1.8571267127990723 1.7171505689620972 1.2767765522003174
1.5176422595977783 1.3104249238967896 1.0223790407180786
2.1432666778564453 1.967922329902649 1.5331157445907593
2.52466082572937 2.3558297157287598 1.7889875173568726
2.2178268432617188 2.101224422454834 1.7051283121109009
2.395073890686035 2.2418928146362305 1.6351135969161987
2.5815622806549072 2.4395594596862793 1.8659542798995972
2.7605419158935547 2.6345574855804443 2.1133739948272705
2.9517199993133545 2.7651383876800537 2.1490402221679688
3.049267292022705 2.845376491546631 2.2642171382904053
3.0564656257629395 2.914992332458496 2.41428279876709
2.920837163925171 2.786543846130371 2.225234031677246
3.2474162578582764 3.1162190437316895 2.762474536895752
3.111297607421875 2.9555935859680176 2.4912195205688477
2.6116409301757812 2.4667513370513916 1.9137074947357178
2.9510209560394287 2.806499719619751 2.3411777019500732
2.4221982955932617 2.3103513717651367 1.8399051427841187
