0.07124871571201878

0.24601399898529053 0.34370771050453186
0.20028536021709442 0.38676735758781433
0.2397950291633606 0.37789562344551086
0.15447066724300385 0.41413193941116333
0.22031249105930328 0.41642290353775024
0.1908470243215561 0.42126983404159546
0.20915184915065765 0.43588894605636597
0.1752127707004547 0.4440831243991852
0.18432410061359406 0.45522448420524597
0.161250039935112 0.4640619158744812
0.13799890875816345 0.4533524811267853
0.10788160562515259 0.45915326476097107
0.15191173553466797 0.4765513837337494
0.13341595232486725 0.4880360960960388
0.140928715467453 0.5079386234283447
0.10870236158370972 0.48831167817115784
0.11904164403676987 0.5129294395446777
0.09578119963407516 0.5083736777305603
0.10558027774095535 0.529924213886261
0.07933451235294342 0.5266104340553284
0.11291228979825974 0.5417370796203613
0.0968673974275589 0.5489455461502075
0.11661326885223389 0.5594062805175781
0.0822337344288826 0.5571029186248779
0.09375308454036713 0.5735699534416199
0.09030941128730774 0.5909456014633179
0.12019357830286026 0.5811182260513306
0.11247812211513519 0.5963981747627258
0.13365508615970612 0.615340530872345
0.16243185102939606 0.6337898969650269
0.30374881625175476 0.3053320050239563
0.28566431999206543 0.3462785482406616
0.27838975191116333 0.3762713074684143
0.2715950906276703 0.39161503314971924
0.2658878564834595 0.40907877683639526
0.24278073012828827 0.40014123916625977
0.2513723373413086 0.42134493589401245
0.23563222587108612 0.42578649520874023
0.22812065482139587 0.4398711323738098
0.21552298963069916 0.45163822174072266
0.21347127854824066 0.4613087773323059
0.19965386390686035 0.46565067768096924
0.18729174137115479 0.4742688834667206
0.1821901500225067 0.4866713583469391
0.17045840620994568 0.4838404953479767
0.16688163578510284 0.5013628005981445
0.14708921313285828 0.49802136421203613
0.15749895572662354 0.5142795443534851
0.15275289118289948 0.5235431790351868
0.13169004023075104 0.5351769924163818
0.15069636702537537 0.5409411191940308
0.13387714326381683 0.55201256275177
0.14784397184848785 0.5603561997413635
0.12668068706989288 0.5705230236053467
0.16268935799598694 0.5662578344345093
0.13690823316574097 0.5712882876396179
0.1543264538049698 0.5924341082572937
0.16235223412513733 0.6064843535423279
0.19416287541389465 0.6264758706092834
0.2050948143005371 0.655694305896759
0.3488250970840454 0.268135130405426
0.3195767402648926 0.34444066882133484
0.3167688548564911 0.36099252104759216
0.3036876916885376 0.3769383430480957
0.29546111822128296 0.38863518834114075
0.2911975383758545 0.39940714836120605
0.27835822105407715 0.41132718324661255
0.27076414227485657 0.42405450344085693
0.2608916163444519 0.43275076150894165
0.2558172941207886 0.44427892565727234
0.2483154982328415 0.45754849910736084
0.23291900753974915 0.4551762342453003
0.22756843268871307 0.4680039882659912
0.21726933121681213 0.47991836071014404
0.20668168365955353 0.48223114013671875
0.2047320008277893 0.49271366000175476
0.1986934393644333 0.5073591470718384
0.18514098227024078 0.5048375725746155
0.18888278305530548 0.5227915048599243
0.17157581448554993 0.5285001397132874
0.17422138154506683 0.5370821952819824
0.16419294476509094 0.5414940118789673
0.16834093630313873 0.5544579029083252
0.18152475357055664 0.5577947497367859
0.1899929642677307 0.5725255012512207
0.17503663897514343 0.586372435092926
0.20060564577579498 0.5939757227897644
0.21678954362869263 0.6142727732658386
0.22497618198394775 0.6397848725318909
0.24814429879188538 0.682717502117157
0.37020519375801086 0.31483665108680725
0.3386993408203125 0.32373037934303284
0.34159380197525024 0.35373052954673767
0.33341217041015625 0.37195515632629395
0.3252108693122864 0.3851008713245392
0.3126518130302429 0.39733824133872986
0.30496132373809814 0.4073348939418793
0.3010146915912628 0.41585129499435425
0.2969733774662018 0.42638394236564636
0.2818913757801056 0.43333494663238525
0.27094975113868713 0.44577765464782715
0.2690315842628479 0.4524303078651428
0.26099303364753723 0.4597857892513275
0.24346521496772766 0.4644203782081604
0.23867061734199524 0.4801763594150543
0.23445259034633636 0.493895560503006
0.22220046818256378 0.4950903356075287
0.21471862494945526 0.5049462914466858
0.20633865892887115 0.5225854516029358
0.21486014127731323 0.5382457375526428
0.19040752947330475 0.5344202518463135
0.20449014008045197 0.5465495586395264
0.21904003620147705 0.552151620388031
0.19652315974235535 0.5575230717658997
0.21811620891094208 0.5723677277565002
0.22968672215938568 0.5885369181632996
0.23820145428180695 0.6009603142738342
0.25549188256263733 0.6263025999069214
0.2797274589538574 0.6480711102485657
0.31257370114326477 0.7070985436439514
0.3956366181373596 0.24523888528347015
0.37806251645088196 0.33807530999183655
0.3633991479873657 0.3465754985809326
0.3580476641654968 0.36372703313827515
0.35149428248405457 0.3754679560661316
0.3437080681324005 0.3820379674434662
0.33329230546951294 0.394000768661499
0.3292471170425415 0.4039934277534485
0.31720873713493347 0.41305896639823914
0.30889737606048584 0.42868533730506897
0.29872676730155945 0.4423941373825073
0.2880340814590454 0.4490296542644501
0.2869686186313629 0.4621964991092682
0.27592578530311584 0.4686990976333618
0.26441049575805664 0.47737258672714233
0.253630667924881 0.4830310046672821
0.25662001967430115 0.49558839201927185
0.2489042431116104 0.5057885050773621
0.23798702657222748 0.5171015858650208
0.2232895940542221 0.5185945630073547
0.24301204085350037 0.5328279137611389
0.22603261470794678 0.5335890650749207
0.2516651153564453 0.5557234287261963
0.2405884712934494 0.5704312920570374
0.26625052094459534 0.5879097580909729
0.294228196144104 0.5848111510276794
0.28147849440574646 0.6183385252952576
0.3107048273086548 0.638273298740387
0.34109291434288025 0.6845451593399048
0.3637997508049011 0.7383968830108643
0.3928418755531311 0.2994906008243561
0.3972707986831665 0.32327497005462646
0.38546469807624817 0.34961023926734924
0.3728884160518646 0.3576265871524811
0.3660292625427246 0.36979731917381287
0.36253562569618225 0.3814428150653839
0.3527888059616089 0.3922615647315979
0.34662163257598877 0.40095216035842896
0.3427754044532776 0.40687233209609985
0.33603349328041077 0.4195408225059509
0.32456767559051514 0.4298039972782135
0.3138331174850464 0.43781816959381104
0.31734785437583923 0.44835105538368225
0.30888989567756653 0.45546889305114746
0.30531710386276245 0.46856850385665894
0.2930383086204529 0.481317400932312
0.27665382623672485 0.48685604333877563
0.26000136137008667 0.5063799619674683
0.2680003345012665 0.4960906207561493
0.2626202404499054 0.5365514755249023
0.283022403717041 0.5243725776672363
0.2753361165523529 0.5606473684310913
0.28911927342414856 0.5406491160392761
0.2975507378578186 0.5633322596549988
0.30514445900917053 0.6006812453269958
0.3369763493537903 0.6164835691452026
0.35629361867904663 0.6393423676490784
0.3628227412700653 0.6701472997665405
0.3827720284461975 0.7054398655891418
0.39603352546691895 0.7524693608283997
0.4283665120601654 0.29545339941978455
0.41464900970458984 0.31531596183776855
0.4047868847846985 0.33837881684303284
0.40038707852363586 0.35376861691474915
0.38817620277404785 0.36680445075035095
0.3814879059791565 0.3734041154384613
0.37760066986083984 0.3872336745262146
0.3714972734451294 0.397258460521698
0.36328038573265076 0.40595167875289917
0.3564673066139221 0.4163142442703247
0.34959298372268677 0.42363619804382324
0.34151431918144226 0.43395477533340454
0.33685302734375 0.4498395621776581
0.3322754502296448 0.461700975894928
0.32711881399154663 0.4692036211490631
0.32270264625549316 0.48100700974464417
0.31685417890548706 0.4960044026374817
0.29003220796585083 0.5084497332572937
0.3130759000778198 0.5124626755714417
0.3052249848842621 0.5265170931816101
0.3155790865421295 0.5547711253166199
0.3443961441516876 0.5377210378646851
0.33034464716911316 0.565334677696228
0.35051974654197693 0.5778998732566833
0.377223938703537 0.6169165372848511
0.3908964991569519 0.6307690739631653
0.3895657956600189 0.6617159247398376
0.39742040634155273 0.6950506567955017
0.4146122336387634 0.7240596413612366
0.4269697070121765 0.7727332711219788
0.44259244203567505 0.2682969868183136
0.43307656049728394 0.3192634582519531
0.4222950339317322 0.33215200901031494
0.41259050369262695 0.3436342775821686
0.41211774945259094 0.35937798023223877
0.4049040675163269 0.3702990710735321
0.3940580189228058 0.3826961815357208
0.39020583033561707 0.392973929643631
0.3854449689388275 0.3997955322265625
0.3809986710548401 0.41097357869148254
0.37372252345085144 0.42098304629325867
0.3715795874595642 0.43218645453453064
0.36620065569877625 0.4475776255130768
0.3525394797325134 0.43859872221946716
0.35641804337501526 0.46394896507263184
0.34827369451522827 0.4786570370197296
0.3412979543209076 0.4976014792919159
0.32976531982421875 0.5213937759399414
0.35782039165496826 0.5087695121765137
0.3593965470790863 0.5349117517471313
0.37492191791534424 0.5406176447868347
0.3821098208427429 0.5659706592559814
0.3961217403411865 0.5947611927986145
0.4157126843929291 0.6067720651626587
0.41734591126441956 0.6286435127258301
0.4077734351158142 0.6512143611907959
0.4164527654647827 0.6695595979690552
0.4197731614112854 0.6931068301200867
0.43029674887657166 0.7122032046318054
0.4375423192977905 0.7444882392883301
0.45666274428367615 0.28855469822883606
0.44489240646362305 0.3076859414577484
0.44676345586776733 0.3263130187988281
0.435271292924881 0.34165701270103455
0.42698198556900024 0.35076668858528137
0.42378515005111694 0.36761578917503357
0.41768231987953186 0.3741673231124878
0.41254371404647827 0.3831743597984314
0.4097258448600769 0.3884279131889343
0.39523956179618835 0.4047256410121918
0.3996177613735199 0.4185355603694916
0.38641294836997986 0.4288497269153595
0.393738716840744 0.4367314577102661
0.38000935316085815 0.4513862133026123
0.3802528977394104 0.46807047724723816
0.36729922890663147 0.49115172028541565
0.39051973819732666 0.4943578839302063
0.39623329043388367 0.5099481344223022
0.4207260310649872 0.5421544909477234
0.4173048436641693 0.560594916343689
0.41333848237991333 0.5809312462806702
0.4317913353443146 0.5994028449058533
0.43216776847839355 0.6145362854003906
0.4362923502922058 0.6366573572158813
0.42690399289131165 0.652039110660553
0.4368906617164612 0.6571893095970154
0.43794211745262146 0.6844266653060913
0.44303610920906067 0.7019627094268799
0.45427554845809937 0.7285546064376831
0.4589671492576599 0.7938385009765625
0.4619085192680359 0.22902433574199677
0.47102147340774536 0.2993963062763214
0.4616013169288635 0.32037216424942017
0.4548613131046295 0.3375667631626129
0.44867566227912903 0.35051390528678894
0.4396094083786011 0.3588348925113678
0.4473622143268585 0.3620932400226593
0.4298100173473358 0.3771399259567261
0.4283978343009949 0.38950926065444946
0.4256055951118469 0.3947911262512207
0.4188585579395294 0.407198965549469
0.4066771864891052 0.4272176921367645
0.4226565957069397 0.4422871768474579
0.4080300033092499 0.45483800768852234
0.40326979756355286 0.4764775335788727
0.42203986644744873 0.4845055341720581
0.4313484728336334 0.5086601972579956
0.44672858715057373 0.5218703746795654
0.44023749232292175 0.5391981601715088
0.44919610023498535 0.5565106868743896
0.4384404122829437 0.5761794447898865
0.4492724537849426 0.5896730422973633
0.4444180428981781 0.6084372401237488
0.44459205865859985 0.6386319994926453
0.4575224220752716 0.6447181701660156
0.452670693397522 0.6738204956054688
0.469831645488739 0.677975594997406
0.4601351320743561 0.6940083503723145
0.47617045044898987 0.7294546961784363
0.45653241872787476 0.7550687193870544
0.48194313049316406 0.27598637342453003
0.48619431257247925 0.30755916237831116
0.4741264879703522 0.31733253598213196
0.47169750928878784 0.32934436202049255
0.4649864137172699 0.34228435158729553
0.4634530544281006 0.3539595305919647
0.4582963287830353 0.36516106128692627
0.4550171494483948 0.3738306760787964
0.4491186738014221 0.38164788484573364
0.4480062425136566 0.39037516713142395
0.4402335286140442 0.40157023072242737
0.43052008748054504 0.4162232577800751
0.44106215238571167 0.42993998527526855
0.4333316683769226 0.45885664224624634
0.4520723819732666 0.47843897342681885
0.4542832672595978 0.49941036105155945
0.47049784660339355 0.507330060005188
0.4610343873500824 0.5280418395996094
0.46419405937194824 0.5461035370826721
0.46303361654281616 0.5641109347343445
0.4598890244960785 0.5776971578598022
0.461355596780777 0.5951782464981079
0.45981696248054504 0.6131832003593445
0.4686085879802704 0.6221000552177429
0.48468610644340515 0.6496713757514954
0.47403833270072937 0.6564489603042603
0.4840605854988098 0.685736358165741
0.46635955572128296 0.7080551981925964
0.48219600319862366 0.7132372260093689
0.4772770404815674 0.7675278186798096
0.517593502998352 0.2304992377758026
0.4942680597305298 0.2921805679798126
0.4892387092113495 0.32069993019104004
0.49521562457084656 0.32789427042007446
0.4864543378353119 0.3344966769218445
0.47972920536994934 0.3498646318912506
0.4824901819229126 0.369484007358551
0.4719953238964081 0.3657796084880829
0.47462961077690125 0.38022202253341675
0.4633120000362396 0.38690757751464844
0.46740108728408813 0.39577752351760864
0.4518393874168396 0.41249001026153564
0.4571785032749176 0.438454270362854
0.4690713584423065 0.4657648503780365
0.4728379249572754 0.49062925577163696
0.48852846026420593 0.5075157284736633
0.4769892394542694 0.5237261652946472
0.48886024951934814 0.5283169746398926
0.47866833209991455 0.5511013269424438
0.48200514912605286 0.570111095905304
0.47728022933006287 0.5824676156044006
0.4869956374168396 0.6051476001739502
0.4827441871166229 0.6154531836509705
0.490918904542923 0.6290905475616455
0.4922620356082916 0.6532718539237976
0.48714229464530945 0.6646102666854858
0.4869166910648346 0.6974141597747803
0.5060194134712219 0.7003509402275085
0.4944865107536316 0.7186844348907471
0.5014297962188721 0.7897130846977234
0.5009539127349854 0.2632023096084595
0.5104575157165527 0.2818601429462433
0.5106930732727051 0.3081967830657959
0.502679705619812 0.32417845726013184
0.5073099732398987 0.33967646956443787
0.4918975830078125 0.34487250447273254
0.4909170866012573 0.354602187871933
0.4931454658508301 0.36237460374832153
0.49544182419776917 0.3748033046722412
0.48479753732681274 0.395626038312912
0.4679963290691376 0.41093921661376953
0.48289138078689575 0.42274346947669983
0.4803442060947418 0.4401308596134186
0.4959254860877991 0.4721367359161377
0.4987929165363312 0.4923847019672394
0.5095924735069275 0.5034727454185486
0.4986783266067505 0.5172056555747986
0.5034154057502747 0.5378522872924805
0.495051771402359 0.5539380311965942
0.5017874240875244 0.5632848739624023
0.49573397636413574 0.5779099464416504
0.4945973753929138 0.5933589935302734
0.49895620346069336 0.6114473342895508
0.49979737401008606 0.63523930311203
0.500906229019165 0.6612919569015503
0.49664396047592163 0.6740387678146362
0.5031624436378479 0.6908608078956604
0.5097513794898987 0.7211537957191467
0.49689987301826477 0.7387861013412476
0.5139979720115662 0.7456930875778198
0.5306968092918396 0.27276602387428284
0.5160821676254272 0.29657480120658875
0.5300548672676086 0.30726656317710876
0.5224058628082275 0.3178573548793793
0.5188189744949341 0.33303412795066833
0.5104998350143433 0.3505392372608185
0.5131155848503113 0.3570607304573059
0.5059643983840942 0.368010550737381
0.5186408758163452 0.38242512941360474
0.5011065602302551 0.3849668800830841
0.512081503868103 0.4028646945953369
0.5070624947547913 0.42482200264930725
0.5075802803039551 0.45079049468040466
0.5164570808410645 0.47495293617248535
0.5165563225746155 0.4896092712879181
0.5212011933326721 0.510643720626831
0.5204729437828064 0.5258929133415222
0.5073142051696777 0.530622661113739
0.5118669867515564 0.5451292395591736
0.5094037652015686 0.5696893930435181
0.5174015164375305 0.5846242308616638
0.5052133202552795 0.6009560823440552
0.5136376023292542 0.621534526348114
0.5094937682151794 0.6402493119239807
0.5155722498893738 0.6518697142601013
0.5164762735366821 0.6743870973587036
0.522890567779541 0.6870403289794922
0.520972490310669 0.7130813002586365
0.524864912033081 0.7299731373786926
0.5248796939849854 0.7592754364013672
0.5454567670822144 0.25287628173828125
0.5366150140762329 0.28594157099723816
0.5456875562667847 0.29900383949279785
0.5314415097236633 0.3253742754459381
0.5338591933250427 0.33724820613861084
0.5288569331169128 0.3425527811050415
0.5245447158813477 0.35259777307510376
0.5338854193687439 0.362822562456131
0.5218372344970703 0.3695150315761566
0.5321641564369202 0.3920113444328308
0.5279676914215088 0.4185965657234192
0.5218817591667175 0.44042113423347473
0.5365735292434692 0.45405006408691406
0.5325073599815369 0.4789837598800659
0.5330886840820312 0.4932878017425537
0.5308879613876343 0.507376492023468
0.5335263013839722 0.5188987851142883
0.5290096402168274 0.5428162217140198
0.5189928412437439 0.5579125881195068
0.5346006155014038 0.5604684948921204
0.5277950167655945 0.5800999402999878
0.521494448184967 0.6067754030227661
0.5299580693244934 0.6296724677085876
0.5284804701805115 0.6430531740188599
0.5218192934989929 0.6645114421844482
0.533302903175354 0.6734640598297119
0.5311108827590942 0.6976208686828613
0.5374463200569153 0.707060694694519
0.5359863638877869 0.7182829976081848
0.5312907099723816 0.7803526520729065
0.5647488236427307 0.26653024554252625
0.5518877506256104 0.27781549096107483
0.550933301448822 0.30752530694007874
0.5556979775428772 0.31500867009162903
0.5481452345848083 0.32747316360473633
0.5553377270698547 0.34173306822776794
0.5500450730323792 0.34954023361206055
0.5409194231033325 0.3555968403816223
0.5590974688529968 0.3752876818180084
0.5474984049797058 0.37864482402801514
0.5488426685333252 0.4092423915863037
0.5444085597991943 0.43637996912002563
0.5425841808319092 0.46345290541648865
0.5560483932495117 0.4644726514816284
0.5452271103858948 0.49520471692085266
0.5421348214149475 0.5056948661804199
0.5511370301246643 0.530074417591095
0.5408514142036438 0.5311471223831177
0.5406529903411865 0.5523418188095093
0.5385178923606873 0.5761104822158813
0.5441136360168457 0.5957280993461609
0.5353096723556519 0.6033338904380798
0.5401968955993652 0.6362736225128174
0.5457015633583069 0.6482123136520386
0.5377998352050781 0.6613723039627075
0.5439406037330627 0.6793000102043152
0.5449718236923218 0.7023171186447144
0.5488774180412292 0.7237293720245361
0.54204922914505 0.7405116558074951
0.543097198009491 0.801563024520874
0.574562132358551 0.21759068965911865
0.5584670305252075 0.29160115122795105
0.5675815343856812 0.29952681064605713
0.5739006996154785 0.30882033705711365
0.5619522333145142 0.3213755488395691
0.5696195960044861 0.33098524808883667
0.5646108388900757 0.34374937415122986
0.5611792206764221 0.3596738874912262
0.576736569404602 0.36759763956069946
0.5629076957702637 0.3914600610733032
0.5715765953063965 0.4047808051109314
0.5634863376617432 0.43904221057891846
0.5687493085861206 0.45366960763931274
0.5693482756614685 0.4712808430194855
0.5535111427307129 0.483797162771225
0.5639398097991943 0.5001575946807861
0.5569657683372498 0.5127007961273193
0.5615410804748535 0.5404119491577148
0.5500353574752808 0.5483316779136658
0.556907594203949 0.5723584890365601
0.5591632127761841 0.5904689431190491
0.5523971915245056 0.6174456477165222
0.556095540523529 0.638900637626648
0.5569250583648682 0.6527518630027771
0.5642461180686951 0.6654127836227417
0.5518916845321655 0.6830422878265381
0.5571907162666321 0.6938343644142151
0.5560867786407471 0.7078273296356201
0.5621614456176758 0.730716347694397
0.55548095703125 0.7686371803283691
0.5800763964653015 0.24432584643363953
0.5767712593078613 0.2869760990142822
0.5833460688591003 0.2978980839252472
0.5787097811698914 0.31838759779930115
0.5872142314910889 0.3269762396812439
0.5801365971565247 0.338117390871048
0.5878769159317017 0.35076701641082764
0.5705143213272095 0.35714074969291687
0.5843954682350159 0.3777877390384674
0.5819668769836426 0.38976559042930603
0.5795485377311707 0.42474350333213806
0.5855969190597534 0.4362996220588684
0.5799334049224854 0.45817819237709045
0.587041974067688 0.47188666462898254
0.5732724070549011 0.4884186089038849
0.5821347236633301 0.4957955777645111
0.5739004015922546 0.5198262333869934
0.5802268981933594 0.5337250232696533
0.5728514194488525 0.5464423894882202
0.5695768594741821 0.5693779587745667
0.5823118686676025 0.5852623581886292
0.575207531452179 0.6148343086242676
0.5810599327087402 0.6268959641456604
0.5711650252342224 0.6461356282234192
0.5776164531707764 0.6737694144248962
0.5764840841293335 0.6794254183769226
0.5693792104721069 0.6849450469017029
0.567903459072113 0.7126924395561218
0.5739191174507141 0.7295269966125488
0.5660694241523743 0.7492503523826599
0.5923386216163635 0.27421385049819946
0.5939804315567017 0.28340330719947815
0.6019487977027893 0.2954167425632477
0.5968080759048462 0.31091028451919556
0.5992256999015808 0.3297208249568939
0.5920664668083191 0.34345152974128723
0.6090263724327087 0.3461124300956726
0.6049097180366516 0.3616672158241272
0.5959478616714478 0.381610244512558
0.5997368097305298 0.3980698883533478
0.6061792969703674 0.415522962808609
0.6121221780776978 0.43427368998527527
0.5951820015907288 0.4454934895038605
0.6010439395904541 0.4613148868083954
0.610524594783783 0.479928582906723
0.595509946346283 0.48913225531578064
0.5914519429206848 0.5094528198242188
0.5993634462356567 0.5259732604026794
0.5996543765068054 0.5486811995506287
0.5866892337799072 0.5589593052864075
0.5973401069641113 0.6004543304443359
0.6023716926574707 0.6184300184249878
0.5951975584030151 0.6367180943489075
0.5819675922393799 0.657448410987854
0.5944427847862244 0.6644733548164368
0.5889929533004761 0.6827367544174194
0.5846067667007446 0.6939507722854614
0.5741621851921082 0.7015426158905029
0.5821595191955566 0.7175847291946411
0.5816314816474915 0.752927839756012
0.609338104724884 0.25410306453704834
0.6095943450927734 0.28621789813041687
0.6102904081344604 0.3018777370452881
0.6046770215034485 0.3181455433368683
0.6129687428474426 0.3254314363002777
0.6173421740531921 0.33847326040267944
0.6120936274528503 0.3556077778339386
0.6154307723045349 0.3709968626499176
0.6113274097442627 0.3895164430141449
0.6177685856819153 0.39950013160705566
0.6259903907775879 0.41108426451683044
0.6340559124946594 0.42584046721458435
0.6132449507713318 0.4520634114742279
0.6193395256996155 0.46466124057769775
0.6263812780380249 0.47380781173706055
0.6142634153366089 0.5006218552589417
0.6060871481895447 0.5139645338058472
0.6259379982948303 0.5158969759941101
0.6141270399093628 0.5367898941040039
0.616852879524231 0.5611175298690796
0.608031153678894 0.5788067579269409
0.6181941628456116 0.6038753390312195
0.6125587224960327 0.6318390965461731
0.6075916886329651 0.6478152871131897
0.6037467122077942 0.6622878313064575
0.6068922877311707 0.6776286363601685
0.6006002426147461 0.6866037845611572
0.5938208699226379 0.7100161910057068
0.5933475494384766 0.7314563393592834
0.5766212344169617 0.7915512919425964
0.6180770397186279 0.26851558685302734
0.6273159980773926 0.284363716840744
0.6197707653045654 0.31308168172836304
0.6257968544960022 0.3230603039264679
0.6303653120994568 0.33011287450790405
0.6232971549034119 0.3403198719024658
0.6268921494483948 0.3581869602203369
0.6341046690940857 0.3655998110771179
0.6325404047966003 0.3771919906139374
0.6382849216461182 0.392826646566391
0.6419451832771301 0.40825778245925903
0.6370299458503723 0.4393412172794342
0.6370254755020142 0.4558050036430359
0.6385331153869629 0.4667162299156189
0.6476221084594727 0.4816180467605591
0.6277178525924683 0.49098458886146545
0.6419134736061096 0.5040692687034607
0.6312466859817505 0.5283203125
0.6370935440063477 0.5494287014007568
0.6412943005561829 0.5696560144424438
0.6377029418945312 0.5898934602737427
0.6333131790161133 0.6080985069274902
0.62781822681427 0.6259649395942688
0.6277942061424255 0.643379271030426
0.624618649482727 0.6563814878463745
0.619279146194458 0.6715604066848755
0.6123350262641907 0.6910289525985718
0.6061726808547974 0.7012343406677246
0.6004122495651245 0.7183334231376648
0.596984326839447 0.7722799777984619
0.6369563937187195 0.22980549931526184
0.6256191730499268 0.2962958514690399
0.6348134279251099 0.30440571904182434
0.6416852474212646 0.31636562943458557
0.6444534659385681 0.3365945518016815
0.6406895518302917 0.34683912992477417
0.6463204622268677 0.35785290598869324
0.6468051075935364 0.3706805408000946
0.6515839695930481 0.3859720528125763
0.6566907167434692 0.4029625952243805
0.6480909585952759 0.422139436006546
0.6518756151199341 0.4337508976459503
0.6616197824478149 0.44938600063323975
0.674923837184906 0.45609307289123535
0.6657440662384033 0.47205060720443726
0.67535400390625 0.4955892264842987
0.6595606803894043 0.5076378583908081
0.6653814315795898 0.5250877737998962
0.6552637219429016 0.5431421995162964
0.6659131050109863 0.5573580861091614
0.6616638898849487 0.5851792097091675
0.6564292311668396 0.6020589470863342
0.6468522548675537 0.6215377449989319
0.6465980410575867 0.6373776793479919
0.6391709446907043 0.6490853428840637
0.6350710988044739 0.6668969988822937
0.6275951266288757 0.685125470161438
0.6223326325416565 0.7020885348320007
0.6124513745307922 0.7115688323974609
0.6056536436080933 0.7385204434394836
0.6391945481300354 0.27537038922309875
0.6472026109695435 0.2945065498352051
0.6533055901527405 0.308625191450119
0.6495343446731567 0.32370907068252563
0.653786838054657 0.3448124825954437
0.6601490378379822 0.3493745028972626
0.6575655341148376 0.3613274395465851
0.6685422658920288 0.3766328990459442
0.6646181344985962 0.3853927254676819
0.6728779077529907 0.3984174430370331
0.6693834662437439 0.41510745882987976
0.671649158000946 0.4266117513179779
0.6774367690086365 0.4412841498851776
0.6831452250480652 0.467429518699646
0.678266167640686 0.4820292294025421
0.6918338537216187 0.4992140233516693
0.6810374855995178 0.5193703174591064
0.6870760321617126 0.5308237671852112
0.6762497425079346 0.5387309193611145
0.6775756478309631 0.5639787912368774
0.6717302203178406 0.5776610970497131
0.674045979976654 0.5959977507591248
0.6625125408172607 0.61360102891922
0.6574901938438416 0.6308730244636536
0.6529547572135925 0.6461769342422485
0.6444764733314514 0.6609513759613037
0.6421799659729004 0.676460325717926
0.6379971504211426 0.6935309767723083
0.6333205103874207 0.7225061655044556
0.6181018948554993 0.7248183488845825
0.6479461193084717 0.2595181167125702
0.6609770655632019 0.2925912141799927
0.6649876832962036 0.3158986270427704
0.6599161624908447 0.33476579189300537
0.6701174974441528 0.3414851725101471
0.671901285648346 0.35921117663383484
0.6786115765571594 0.36585700511932373
0.6802984476089478 0.37932053208351135
0.6844468116760254 0.39507681131362915
0.685929000377655 0.40817609429359436
0.6893396377563477 0.42052164673805237
0.6923100352287292 0.43409085273742676
0.6942937970161438 0.44992244243621826
0.7012686729431152 0.46600884199142456
0.6982885003089905 0.4767422676086426
0.7016153335571289 0.5050679445266724
0.6956537961959839 0.5110794305801392
0.6998872756958008 0.5269795656204224
0.6901426911354065 0.5482295751571655
0.6911587715148926 0.5575346946716309
0.682482898235321 0.5733445286750793
0.6861635446548462 0.5902121067047119
0.6734215021133423 0.6053745150566101
0.6682549715042114 0.6263050436973572
0.665565550327301 0.6425654888153076
0.6584503650665283 0.6550120115280151
0.6560596823692322 0.672008216381073
0.6478868126869202 0.686853289604187
0.6473150253295898 0.709534764289856
0.6229252219200134 0.7497939467430115
0.6672564148902893 0.28147512674331665
0.667896032333374 0.3034173548221588
0.6792997717857361 0.31317272782325745
0.6770361661911011 0.3281088173389435
0.6826429963111877 0.34436672925949097
0.687686026096344 0.35646143555641174
0.6894189119338989 0.36860910058021545
0.6925263404846191 0.38823556900024414
0.6953775882720947 0.394012987613678
0.6977613568305969 0.4038698375225067
0.705332338809967 0.4172227382659912
0.7016875743865967 0.4282802641391754
0.7052332758903503 0.4457497000694275
0.7087641358375549 0.4598388075828552
0.7135754227638245 0.47671493887901306
0.7058092355728149 0.4866456389427185
0.7130429148674011 0.4994730055332184
0.707122266292572 0.5201677083969116
0.7032480239868164 0.5332518815994263
0.6991071701049805 0.5534318685531616
0.7001391649246216 0.571020781993866
0.6927989721298218 0.5878840088844299
0.6880033612251282 0.5969451069831848
0.6814063787460327 0.6180147528648376
0.6730554699897766 0.6366357803344727
0.6690610647201538 0.6522641777992249
0.6681186556816101 0.6662208437919617
0.6619158983230591 0.6860268712043762
0.6572098135948181 0.7129442691802979
0.6299174427986145 0.7865490913391113
0.6816018223762512 0.2427949160337448
0.684749960899353 0.30047789216041565
0.6938872337341309 0.3217836022377014
0.6916115283966064 0.3376697301864624
0.6978073120117188 0.3534930348396301
0.6996724605560303 0.3608725965023041
0.7079111337661743 0.37241798639297485
0.704808235168457 0.38411399722099304
0.7089363932609558 0.3991163671016693
0.7140800952911377 0.41479048132896423
0.7187368273735046 0.425730437040329
0.7105761170387268 0.4356319308280945
0.7158018946647644 0.45283243060112
0.7230693101882935 0.45724713802337646
0.7218031287193298 0.4756600856781006
0.7184895873069763 0.4926283061504364
0.7202580571174622 0.5057410001754761
0.7175461649894714 0.5123019814491272
0.7151387929916382 0.5369035601615906
0.7097619771957397 0.5488917231559753
0.7061930298805237 0.5617873668670654
0.7034001350402832 0.5819255709648132
0.6992714405059814 0.6031099557876587
0.694934606552124 0.6151805520057678
0.6882580518722534 0.629076361656189
0.682547390460968 0.6417468786239624
0.6807289123535156 0.6586844325065613
0.6738513112068176 0.6798019409179688
0.6607424020767212 0.6991841793060303
0.6549097895622253 0.7310810685157776
0.6887404918670654 0.28937503695487976
0.7010474801063538 0.31158170104026794
0.7053996324539185 0.3256555199623108
0.7109270691871643 0.3372834026813507
0.7135825157165527 0.34778982400894165
0.7124338746070862 0.36258241534233093
0.7163900136947632 0.37681081891059875
0.7184799909591675 0.3890829384326935
0.7242186069488525 0.40271759033203125
0.7267011404037476 0.4198875427246094
0.7315800786018372 0.4278954565525055
0.7270053625106812 0.44281548261642456
0.7343923449516296 0.45182308554649353
0.7297523617744446 0.46255961060523987
0.7335655689239502 0.4806772768497467
0.7274360060691833 0.4901001751422882
0.7305693626403809 0.503568708896637
0.7379370331764221 0.520399808883667
0.7264903783798218 0.5290074944496155
0.7238237857818604 0.5469883680343628
0.7187998294830322 0.5665289163589478
0.715210497379303 0.5784748196601868
0.7127392888069153 0.5935696363449097
0.7074329257011414 0.6063787937164307
0.7057848572731018 0.6234670877456665
0.6999247670173645 0.6390463709831238
0.6918904185295105 0.6500601768493652
0.6862850785255432 0.6707891821861267
0.6822662353515625 0.6923002600669861
0.6667932271957397 0.7662568688392639
0.697563886642456 0.2711889147758484
0.71642005443573 0.30560389161109924
0.720615029335022 0.32881081104278564
0.727189302444458 0.34184175729751587
0.7242466807365417 0.35612431168556213
0.7279186844825745 0.3689243197441101
0.7247473001480103 0.3813033699989319
0.7369350790977478 0.3942509889602661
0.7337155342102051 0.40842869877815247
0.742139458656311 0.41575539112091064
0.75223708152771 0.4305834472179413
0.736851692199707 0.43426913022994995
0.750342845916748 0.45488491654396057
0.7438076138496399 0.4706539809703827
0.7565868496894836 0.46738913655281067
0.7504790425300598 0.48673033714294434
0.7404826283454895 0.5001361966133118
0.7468493580818176 0.513347864151001
0.737065851688385 0.5331022143363953
0.7434805631637573 0.538171648979187
0.7338334321975708 0.5523623824119568
0.7238582372665405 0.5672343969345093
0.7279181480407715 0.584568440914154
0.7218582630157471 0.5955746173858643
0.717858076095581 0.6121351718902588
0.7136943340301514 0.6313161253929138
0.7085813879966736 0.647760272026062
0.7011405229568481 0.6629319787025452
0.6984056234359741 0.6945372819900513
0.6813398599624634 0.7140217423439026
0.7272745966911316 0.2735808193683624
0.7351822853088379 0.31353163719177246
0.7459796667098999 0.33434513211250305
0.7364905476570129 0.3486934304237366
0.7483794689178467 0.3630758821964264
0.7412886619567871 0.3734191954135895
0.7509896159172058 0.38791289925575256
0.7439239025115967 0.40128546953201294
0.7561960816383362 0.40650755167007446
0.7464396953582764 0.4217377007007599
0.7615923881530762 0.42430979013442993
0.7685903906822205 0.45181766152381897
0.7566058039665222 0.44592759013175964
0.7617071866989136 0.45992040634155273
0.7646102905273438 0.47844722867012024
0.7566737532615662 0.4956364035606384
0.7584913969039917 0.5080689191818237
0.7660195231437683 0.5209420323371887
0.7509580850601196 0.527560830116272
0.752794086933136 0.5447511076927185
0.7481019496917725 0.5564850568771362
0.7367573380470276 0.5626954436302185
0.7424240708351135 0.5767332315444946
0.7371169924736023 0.5925726294517517
0.7307908535003662 0.6071048974990845
0.7320420145988464 0.6231566667556763
0.7267884016036987 0.6397344470024109
0.7251206040382385 0.6592519879341125
0.7182604670524597 0.6862596273422241
0.7006931304931641 0.7440504431724548
0.7571702599525452 0.29590967297554016
0.7675142288208008 0.32676270604133606
0.8070230484008789 0.34238433837890625
0.7638691663742065 0.3537101149559021
0.7893457412719727 0.37046676874160767
0.7617820501327515 0.3756994307041168
0.7639015316963196 0.3914366364479065
0.7882542610168457 0.39527109265327454
0.7760329246520996 0.41786402463912964
0.8202381134033203 0.4104017913341522
0.7737156748771667 0.4338136613368988
0.7917125225067139 0.43732911348342896
0.8155735731124878 0.46641528606414795
0.7746267914772034 0.4626975655555725
0.7864330410957336 0.48433002829551697
0.7699008584022522 0.4895009696483612
0.7654480338096619 0.5012117028236389
0.7828262448310852 0.5147929787635803
0.8048982620239258 0.5267441272735596
0.7643622159957886 0.5357835292816162
0.7841311693191528 0.5490806102752686
0.7656366229057312 0.5650976896286011
0.7997419238090515 0.5790132284164429
0.7528296709060669 0.5835207104682922
0.774853527545929 0.6027929186820984
0.7509395480155945 0.6177179217338562
0.7885263562202454 0.6334455013275146
0.7527371644973755 0.6394155621528625
0.7575879096984863 0.6749637126922607
0.7405980825424194 0.719011664390564
