0.2752191389308665

6.7829742431640625 6.843043804168701 6.993922233581543
7.19805908203125 7.245981216430664 7.174793720245361
4.227163791656494 4.511450290679932 4.962883949279785
3.8959267139434814 3.819528579711914 3.274778366088867
7.8865532875061035 7.742937088012695 7.795182228088379
5.781810760498047 6.117770195007324 6.574991226196289
7.008027076721191 7.2709550857543945 7.560025215148926
5.449359893798828 5.818695545196533 6.360860347747803
7.192204475402832 7.373244762420654 7.581497669219971
4.683667182922363 5.0191850662231445 5.610579013824463
6.75651216506958 6.824337482452393 6.744819164276123
4.25941276550293 4.5377302169799805 4.600071430206299
7.21444034576416 7.2062788009643555 7.315531253814697
6.1488752365112305 6.400707721710205 6.9291768074035645
4.814289569854736 5.012350559234619 4.944775104522705
4.687402248382568 4.63350772857666 4.348907947540283
7.357213497161865 7.436791896820068 7.621542453765869
3.9212405681610107 4.018556594848633 3.652589797973633
6.890718460083008 6.688177108764648 6.740299224853516
4.4357829093933105 4.806143760681152 4.771931171417236
2.9144227504730225 2.912219285964966 2.2921106815338135
4.876890659332275 4.737936973571777 5.013625144958496
3.687721014022827 3.5968055725097656 2.942871570587158
3.2619822025299072 3.4959394931793213 3.40388822555542
4.805099964141846 5.094361782073975 5.273348808288574
5.593988418579102 5.638266563415527 5.723904132843018
4.171814918518066 4.246086597442627 3.659425973892212
5.786971569061279 5.912508010864258 6.257390022277832
5.351371765136719 5.5860185623168945 5.613198280334473
7.880106449127197 7.806041717529297 7.9810404777526855
7.688313007354736 7.451534748077393 7.241458415985107
7.149573802947998 7.02482271194458 6.92822790145874
8.138917922973633 8.146665573120117 8.093670845031738
5.220493316650391 5.570286750793457 5.82737398147583
4.181815147399902 3.944655656814575 3.281435966491699
4.026381492614746 3.721050262451172 3.0078930854797363
3.0904016494750977 3.005047559738159 2.6589694023132324
3.3743913173675537 3.2185468673706055 2.927748203277588
4.288431167602539 3.9515933990478516 3.738525867462158
3.931795597076416 4.2367024421691895 4.6726531982421875
3.5946812629699707 3.8076627254486084 3.9026505947113037
5.34022331237793 5.766711235046387 6.195803165435791
6.15938663482666 6.182377338409424 6.490816116333008
6.293447494506836 6.600330352783203 6.997533321380615
6.690764427185059 7.045475006103516 7.347541332244873
6.098275184631348 6.064488887786865 6.144103527069092
5.442526340484619 5.6712236404418945 5.845951080322266
2.581127405166626 2.573288917541504 2.082429885864258
2.583285331726074 2.768045425415039 2.743997812271118
3.8293917179107666 3.6585090160369873 2.9621057510375977
3.156703472137451 3.2769792079925537 3.1166231632232666
2.193073272705078 1.7796440124511719 1.6216472387313843
1.7926641702651978 1.931304693222046 1.559569001197815
2.285140037536621 1.7005629539489746 1.4270446300506592
2.57023286819458 2.036929130554199 1.6971241235733032
2.0616986751556396 2.156342029571533 2.054286479949951
1.6595429182052612 1.5534238815307617 1.3369313478469849
2.7619504928588867 3.058192014694214 2.924675941467285
2.6179327964782715 2.3544976711273193 1.9427939653396606
4.537758827209473 4.4227752685546875 3.5231714248657227
5.416249752044678 5.3309125900268555 5.228170394897461
6.51129150390625 6.419568061828613 6.228938579559326
6.137130260467529 6.046016693115234 5.791367053985596
7.2793779373168945 7.175426483154297 7.1712565422058105
8.4215087890625 8.416243553161621 8.281774520874023
6.984201908111572 6.995761871337891 7.063633441925049
4.97370719909668 5.39814567565918 5.477920055389404
5.216697692871094 5.112791061401367 5.449646472930908
4.603045463562012 5.008086204528809 5.191174507141113
4.515127182006836 4.837560176849365 5.226960182189941
4.648209095001221 5.063457012176514 5.426663398742676
5.112873554229736 5.18484354019165 5.0882568359375
4.999805450439453 5.310687065124512 5.790377140045166
6.287587642669678 6.128684043884277 5.838258743286133
6.983557224273682 6.86373233795166 6.995700836181641
6.554344177246094 6.631910800933838 6.339439392089844
2.866666316986084 3.043517827987671 3.0399169921875
5.565262317657471 5.673520565032959 5.45467472076416
2.89345383644104 2.9267783164978027 2.6099839210510254
1.748521089553833 1.457777738571167 1.1828436851501465
2.331648588180542 2.0401628017425537 1.8613766431808472
2.261307716369629 2.378371477127075 2.530500888824463
1.647194504737854 1.5917985439300537 1.5609174966812134
2.1626837253570557 2.163799285888672 2.2393064498901367
3.0094988346099854 3.143082857131958 2.7447617053985596
2.1843976974487305 2.330681324005127 2.0483667850494385
3.0992910861968994 2.402552366256714 1.9786443710327148
2.031113386154175 1.6827527284622192 1.2414848804473877
2.1880581378936768 1.8947770595550537 1.3966715335845947
2.0584285259246826 1.935570240020752 1.7573204040527344
3.7081034183502197 2.914569854736328 2.2046680450439453
3.3116087913513184 3.097397565841675 2.3751654624938965
4.583198547363281 4.58505916595459 4.39735221862793
6.2163543701171875 6.193516731262207 6.199832916259766
6.980615139007568 7.092116355895996 7.229576587677002
6.726243019104004 6.695553779602051 6.655155658721924
8.345664978027344 8.270578384399414 8.131865501403809
7.555126190185547 7.421508312225342 7.321320056915283
7.4052629470825195 7.1096673011779785 6.892030715942383
6.640624046325684 6.439136981964111 6.5392680168151855
5.754934310913086 6.005870342254639 6.274991035461426
6.949154853820801 7.028265953063965 6.804431915283203
7.282071113586426 6.862181186676025 6.251767635345459
5.8255133628845215 5.663191318511963 5.944705486297607
6.208553791046143 5.2807817459106445 4.731868743896484
5.300191402435303 4.441490173339844 3.887111186981201
4.191346168518066 3.4050581455230713 2.6446475982666016
3.505762815475464 2.9763920307159424 2.3459019660949707
5.256855010986328 5.466426849365234 5.483578205108643
4.098474502563477 4.282443046569824 4.10274600982666
2.611785888671875 2.662843942642212 2.238267421722412
3.769704580307007 3.873859405517578 4.233514785766602
3.3101391792297363 2.9852116107940674 2.977135181427002
1.9689593315124512 1.9457168579101562 2.0611987113952637
2.5431432723999023 2.0837550163269043 1.9143269062042236
2.8079113960266113 2.79244065284729 2.7334299087524414
2.4064950942993164 2.48071026802063 2.468508720397949
3.5911338329315186 3.33235764503479 3.328279972076416
2.8902554512023926 2.487032651901245 2.339102268218994
2.764298439025879 2.1395797729492188 1.761879801750183
2.8065993785858154 2.4342455863952637 1.8092684745788574
3.043302297592163 2.4983937740325928 2.0901951789855957
1.9804253578186035 1.8176803588867188 1.5021641254425049
3.4564218521118164 3.4582817554473877 2.9978036880493164
4.079329013824463 4.359466552734375 4.696743011474609
6.322132110595703 6.548173427581787 6.6070780754089355
7.831486701965332 7.644927978515625 7.493108749389648
8.375214576721191 8.238356590270996 7.649738788604736
8.52998161315918 8.423257827758789 8.145703315734863
8.44720458984375 8.099800109863281 7.674931526184082
8.142417907714844 8.072936058044434 7.944271564483643
7.558189868927002 7.598991394042969 7.681188106536865
8.0596284866333 7.849563121795654 7.6765241622924805
5.859226226806641 6.113891124725342 6.027456283569336
4.455482482910156 3.7698490619659424 3.165024995803833
4.883522987365723 4.882591247558594 4.1698760986328125
2.9096357822418213 2.741664409637451 2.265467882156372
4.410521984100342 4.641907691955566 4.04720401763916
3.244173049926758 3.1599619388580322 2.5545637607574463
3.515578269958496 3.427800178527832 2.9847655296325684
3.218172311782837 2.6477832794189453 2.069791316986084
4.046759605407715 3.8675918579101562 3.798699140548706
3.7977490425109863 4.137814044952393 4.648390293121338
3.753312826156616 3.5963921546936035 3.2851574420928955
1.9332631826400757 1.8518924713134766 1.6769944429397583
1.2136739492416382 1.163210391998291 1.0041321516036987
1.3373585939407349 1.2147119045257568 1.1092150211334229
2.7765393257141113 2.3846802711486816 2.3060436248779297
3.1046133041381836 3.192208766937256 3.3495569229125977
3.5642507076263428 3.4121904373168945 2.6317665576934814
1.6933387517929077 1.714902639389038 1.6170872449874878
1.4197317361831665 1.1843899488449097 0.9026750922203064
2.6038804054260254 2.703052282333374 2.422255516052246
3.6512749195098877 2.9904847145080566 2.5039079189300537
3.1090848445892334 3.293520212173462 3.026686906814575
2.6485297679901123 2.7397289276123047 2.7228012084960938
4.377498149871826 3.7951226234436035 3.3154897689819336
4.995519161224365 5.337622165679932 5.69877815246582
7.044984817504883 6.917779922485352 6.81707239151001
8.491534233093262 8.332416534423828 8.071784973144531
7.8719377517700195 7.7305827140808105 7.614205360412598
8.16242790222168 7.9441118240356445 7.646194934844971
8.075777053833008 7.73772668838501 7.370420455932617
6.654136657714844 6.733820915222168 6.694007396697998
7.223004341125488 7.290698051452637 6.741281986236572
7.005444049835205 6.6326751708984375 6.123883247375488
3.9753987789154053 3.216102123260498 2.544525623321533
4.416645526885986 3.6501286029815674 2.929835319519043
2.207597255706787 2.0171141624450684 1.6816813945770264
7.255631446838379 6.9813737869262695 6.410432815551758
7.84598445892334 7.239294052124023 6.789350986480713
4.729539394378662 4.16533088684082 2.972940683364868
2.7329509258270264 2.405423879623413 2.0662999153137207
2.512820243835449 2.195476770401001 1.7003185749053955
2.5771982669830322 2.709897756576538 2.5576794147491455
2.0048060417175293 1.9916622638702393 1.6357598304748535
1.78847074508667 1.769765853881836 1.8166837692260742
1.3931782245635986 1.3132638931274414 1.3116273880004883
0.9731282591819763 0.8902759552001953 0.7468262910842896
1.616917610168457 1.4574705362319946 1.0944321155548096
2.1755590438842773 2.385523796081543 2.2784011363983154
1.8407869338989258 1.9204984903335571 1.8934599161148071
1.9300698041915894 1.997323989868164 1.9442535638809204
1.3936073780059814 1.292344570159912 1.1920146942138672
2.4636645317077637 2.6117022037506104 2.670577049255371
3.6036300659179688 3.6159541606903076 3.78102445602417
3.100966691970825 2.7204477787017822 2.4677789211273193
2.8428919315338135 2.4874441623687744 2.1619744300842285
3.539523124694824 3.805027484893799 3.450875997543335
4.051999568939209 3.601818084716797 3.138004779815674
5.1155009269714355 5.319639205932617 5.037226676940918
7.213562965393066 7.332656383514404 7.485405445098877
6.12875509262085 6.509256362915039 6.319419860839844
6.375722885131836 6.566690921783447 6.623527526855469
7.689307689666748 7.353111743927002 6.677878379821777
6.0987653732299805 5.926460266113281 5.463649272918701
7.477282524108887 6.775384902954102 6.144784450531006
6.375967025756836 6.024603843688965 6.112800598144531
3.285951852798462 2.7861199378967285 2.1459884643554688
3.5982584953308105 3.1039462089538574 2.731038808822632
4.792232990264893 4.216413497924805 4.005252838134766
5.621415615081787 4.998607158660889 4.807016849517822
7.280971050262451 6.475353240966797 5.708634853363037
6.968669414520264 6.357063293457031 5.481714248657227
2.9852113723754883 2.5290989875793457 2.397625207901001
2.256978988647461 2.01999831199646 1.5169202089309692
1.6527812480926514 1.5496327877044678 1.4913475513458252
2.023512840270996 1.4882071018218994 1.1056867837905884
1.577211856842041 1.287328839302063 1.1097286939620972
1.0096157789230347 0.9842910170555115 0.9969391822814941
1.5241901874542236 1.3050365447998047 0.9442508220672607
1.9970225095748901 1.403181791305542 1.156339406967163
1.7744524478912354 1.318543553352356 1.0763729810714722
1.8108153343200684 1.6547694206237793 1.2601462602615356
2.387087345123291 2.017425298690796 1.6177315711975098
3.5524001121520996 2.7411065101623535 2.192430019378662
3.169116973876953 2.9378678798675537 2.8090853691101074
3.3064937591552734 3.2985239028930664 2.6794180870056152
4.007937431335449 3.2503204345703125 2.6093714237213135
3.6839606761932373 3.1815953254699707 2.7477619647979736
3.207768678665161 2.6766879558563232 2.197521686553955
3.933288335800171 4.097671031951904 4.197295188903809
4.603048801422119 4.947341442108154 5.3072381019592285
5.536266326904297 5.706680774688721 5.9793219566345215
4.9868388175964355 4.952167987823486 5.085655689239502
5.633608341217041 5.956360816955566 5.42822790145874
6.901284217834473 6.949521064758301 6.289964199066162
5.440175533294678 5.343850612640381 4.6016974449157715
7.954713344573975 7.598828315734863 7.142183303833008
5.916231632232666 5.631911754608154 4.662550449371338
6.781280517578125 6.071478843688965 5.455292701721191
4.814570426940918 4.053434371948242 3.4839425086975098
6.361131191253662 5.884044170379639 4.655356407165527
7.556920528411865 7.208804130554199 7.007163047790527
7.709073543548584 7.099123477935791 6.509897232055664
6.211550235748291 6.194337368011475 5.099986553192139
4.233006000518799 3.3409335613250732 2.457369327545166
1.8841850757598877 1.5631147623062134 1.4251492023468018
2.204111099243164 1.7115745544433594 1.3502373695373535
1.185853362083435 1.0938390493392944 0.9694658517837524
1.7554066181182861 1.625454306602478 1.3992429971694946
1.1120800971984863 0.9683117866516113 0.7829927206039429
2.169506072998047 1.8461718559265137 1.4018663167953491
2.3881664276123047 2.4121787548065186 1.9704771041870117
2.2233285903930664 1.5569164752960205 1.1724226474761963
2.4616007804870605 1.7878752946853638 1.446367621421814
3.8364453315734863 3.0126869678497314 2.2719812393188477
4.209362506866455 3.4926366806030273 3.1414830684661865
5.5098371505737305 5.340703964233398 5.420200347900391
5.182316303253174 5.155392646789551 4.450578689575195
4.751071453094482 4.74759578704834 3.915410280227661
4.8109822273254395 4.8996992111206055 4.462778568267822
6.131013870239258 6.375920295715332 6.680013179779053
2.984701156616211 3.0146172046661377 2.4757816791534424
4.048645496368408 4.195070743560791 3.9205455780029297
4.501354694366455 4.8363518714904785 5.004789352416992
5.629515647888184 5.667745113372803 5.658843994140625
6.946934223175049 6.627401828765869 5.957479476928711
7.3895416259765625 7.634210109710693 7.782801151275635
5.326392650604248 5.013889789581299 4.313532829284668
7.242777347564697 7.366302013397217 7.451027870178223
7.040526866912842 7.171433925628662 7.181632041931152
5.372601509094238 4.259468078613281 3.2029783725738525
5.505273818969727 4.740929126739502 4.362462520599365
4.794062614440918 5.235800266265869 5.329431056976318
6.56011438369751 6.462714195251465 5.964968681335449
6.365477085113525 6.538896083831787 6.850486755371094
6.413499355316162 6.752169132232666 7.173696041107178
4.879660606384277 3.6723856925964355 2.9887850284576416
2.369854688644409 1.900577425956726 1.532410740852356
1.7254767417907715 1.1974358558654785 0.9640824198722839
2.397345781326294 1.6585769653320312 1.2016944885253906
2.085216760635376 1.6243001222610474 1.3660274744033813
2.8156704902648926 2.0558340549468994 1.6181056499481201
3.748495578765869 3.08632493019104 2.807102918624878
3.4136040210723877 2.4987969398498535 1.9839571714401245
2.4625244140625 1.8963924646377563 1.3410803079605103
2.9756429195404053 2.686649799346924 1.9727039337158203
4.058383941650391 3.8819961547851562 2.975280523300171
5.392710208892822 4.892234802246094 4.761903762817383
6.1378021240234375 5.583416938781738 4.1669745445251465
4.920547008514404 4.38692569732666 3.6009681224823
5.852838039398193 5.772575378417969 5.827291011810303
5.990448951721191 6.1185784339904785 6.512310981750488
7.99566650390625 8.017645835876465 8.171609878540039
4.963359355926514 5.118453025817871 4.729130744934082
3.679948568344116 3.455683469772339 2.7326760292053223
4.208920478820801 4.129009246826172 3.1449830532073975
8.053593635559082 8.037339210510254 7.853670597076416
7.709695816040039 7.562221050262451 7.403025150299072
5.963284969329834 5.989839553833008 6.363576889038086
5.4732160568237305 5.643834114074707 6.0964179039001465
7.814941883087158 7.447052478790283 6.862478256225586
7.691863059997559 7.546032905578613 7.2645182609558105
5.7836432456970215 6.071868419647217 5.789422035217285
4.665359973907471 4.425004482269287 3.3117430210113525
5.887933731079102 5.325542449951172 4.3626484870910645
4.1396660804748535 3.345146894454956 2.866454601287842
5.636004447937012 5.442728519439697 5.786664962768555
5.122328758239746 5.461458683013916 5.942099094390869
4.753408908843994 4.8564534187316895 5.261139869689941
2.251652479171753 2.1551895141601562 2.080422878265381
2.505356550216675 1.8917754888534546 1.5340625047683716
2.82745623588562 2.295435667037964 1.736107587814331
3.313872814178467 2.371737241744995 1.8403228521347046
4.597482204437256 3.943899154663086 3.543316125869751
4.95713472366333 3.901477575302124 3.4685192108154297
3.4003589153289795 2.7884747982025146 2.4228289127349854
2.7174885272979736 2.254077196121216 1.853540062904358
4.101417064666748 3.1827614307403564 2.5741477012634277
7.173275947570801 6.976874828338623 6.025153160095215
7.832294464111328 7.627449035644531 6.780882358551025
7.435909748077393 7.220751762390137 6.52728796005249
6.646012306213379 6.888261318206787 7.24739408493042
8.178868293762207 8.179180145263672 8.112828254699707
8.124147415161133 7.802183151245117 7.289648532867432
7.819592475891113 7.747443675994873 7.790060997009277
7.32342529296875 7.519185543060303 7.764580249786377
7.792184829711914 7.701536178588867 7.258028984069824
7.949728012084961 7.5876030921936035 7.020469665527344
8.411609649658203 8.246870040893555 7.892591953277588
7.813164234161377 7.892312049865723 7.889680862426758
7.026611328125 6.939992427825928 6.577836036682129
5.112941741943359 5.339864253997803 5.561817169189453
8.531689643859863 8.301971435546875 7.899235248565674
8.56827163696289 8.3645601272583 7.987912654876709
5.46183967590332 5.72050666809082 5.158257484436035
3.5042238235473633 3.386884927749634 3.5734825134277344
3.6097912788391113 3.565094232559204 3.0004725456237793
2.9561140537261963 2.9401113986968994 2.3903284072875977
4.328660488128662 4.088838577270508 4.358370780944824
4.460698127746582 4.788279056549072 5.433690547943115
3.9155917167663574 3.2487599849700928 2.910404920578003
2.797253370285034 2.158475399017334 1.8185478448867798
4.001425743103027 3.0112624168395996 2.4388267993927
4.366266250610352 3.480530023574829 2.7942333221435547
3.8159871101379395 2.6775856018066406 2.1492128372192383
5.911540508270264 5.479132652282715 5.417651176452637
6.397830963134766 6.35580587387085 6.237955093383789
4.668596267700195 4.206552505493164 4.299181938171387
4.314442157745361 4.049877166748047 3.4361343383789062
6.334159851074219 6.069736480712891 6.054722785949707
7.4333086013793945 7.138951778411865 6.241866111755371
8.545029640197754 8.153213500976562 7.605609893798828
8.188499450683594 7.875969886779785 7.69053840637207
7.91139554977417 7.4051432609558105 6.493478298187256
8.50304889678955 8.554821968078613 8.561326026916504
8.689111709594727 8.454855918884277 7.985383033752441
8.840368270874023 8.655128479003906 8.23610782623291
8.336893081665039 8.321452140808105 8.28979778289795
8.669267654418945 8.694631576538086 8.605951309204102
8.584385871887207 8.587156295776367 8.211584091186523
4.867865562438965 5.128515720367432 5.137087345123291
5.77750301361084 5.942209720611572 6.073784351348877
6.120762348175049 6.494101524353027 6.051532745361328
4.64359712600708 4.579002380371094 3.2891201972961426
7.369070529937744 7.132672309875488 6.480722904205322
7.9034013748168945 7.788764476776123 7.48822546005249
6.299001693725586 6.6564507484436035 6.250393390655518
4.255127429962158 4.668503761291504 5.207530498504639
3.220837116241455 3.2521214485168457 3.4029452800750732
2.683588981628418 2.7346701622009277 2.7473196983337402
3.1013498306274414 2.904515266418457 3.079920768737793
4.1622819900512695 3.411505699157715 3.1950602531433105
5.0785322189331055 5.023056507110596 5.372622013092041
3.5954930782318115 2.6608660221099854 2.2121191024780273
4.2484354972839355 2.9028403759002686 2.1570565700531006
4.789736747741699 3.3941519260406494 2.525688409805298
2.953077793121338 2.0821566581726074 1.499416470527649
5.718527317047119 4.639493942260742 3.8787589073181152
4.507716178894043 3.2049920558929443 2.292880058288574
4.166243553161621 3.365590810775757 2.7364583015441895
4.484091281890869 3.6249125003814697 2.936218500137329
6.797471523284912 6.0551605224609375 5.0164666175842285
7.392653465270996 6.916721820831299 6.279660224914551
8.66504955291748 8.370640754699707 7.882890701293945
7.839101791381836 7.26204776763916 6.385637283325195
7.5455851554870605 7.419599533081055 7.224321365356445
8.87137222290039 8.772910118103027 8.403385162353516
8.888358116149902 8.833314895629883 8.562308311462402
8.811037063598633 8.706770896911621 8.307991981506348
8.477888107299805 8.279035568237305 7.713589668273926
8.728261947631836 8.55926513671875 8.017979621887207
8.937492370605469 8.827696800231934 8.432618141174316
5.588974475860596 5.616748332977295 5.420604228973389
4.852440357208252 4.81907844543457 3.8174760341644287
5.905080318450928 6.379049777984619 6.661696434020996
3.820770740509033 3.3801252841949463 2.477442502975464
4.287873268127441 3.620939254760742 2.5884594917297363
3.9928126335144043 4.019406795501709 2.9078266620635986
3.870358943939209 3.023630142211914 2.3074707984924316
2.537618398666382 2.4482903480529785 1.9066472053527832
1.6606051921844482 1.485879898071289 1.1428802013397217
1.4126864671707153 1.2294527292251587 1.0041242837905884
2.110668659210205 1.7742828130722046 1.2750451564788818
2.0581161975860596 2.05242919921875 1.9610244035720825
3.6506996154785156 3.24163556098938 2.8623578548431396
2.979438066482544 2.3943071365356445 2.0362915992736816
3.5360794067382812 2.4934678077697754 1.9476039409637451
3.910672187805176 2.585029363632202 1.9378137588500977
3.3973541259765625 2.3611581325531006 1.7572307586669922
3.72900390625 2.5267183780670166 1.8854080438613892
2.938040018081665 2.1932756900787354 1.780153512954712
3.798281669616699 2.857179641723633 2.3134565353393555
5.855265140533447 4.8045525550842285 4.312783241271973
6.604124069213867 5.7566142082214355 4.642394065856934
7.148075580596924 6.483242034912109 5.714912414550781
8.032273292541504 7.649713516235352 7.156959533691406
6.95395040512085 6.709254264831543 6.469565391540527
6.688563346862793 6.431281566619873 5.546389102935791
8.064925193786621 7.893796920776367 7.356503486633301
8.169017791748047 7.860597610473633 7.168811798095703
7.48724889755249 7.591035842895508 7.821409702301025
6.485491752624512 6.505414009094238 6.399855613708496
7.172584533691406 6.880116939544678 5.942975044250488
8.15056037902832 7.9536848068237305 7.698610782623291
7.957462310791016 7.594911098480225 7.049496650695801
6.898078441619873 7.012415409088135 6.993086338043213
6.445175647735596 6.604658126831055 6.840895652770996
4.592010021209717 4.527802467346191 4.8566813468933105
3.876389741897583 3.4977941513061523 3.2381393909454346
2.371779680252075 2.2440950870513916 1.9419134855270386
2.648944616317749 2.5001392364501953 2.2783682346343994
3.290133476257324 2.967925548553467 2.7967798709869385
1.9364184141159058 1.7697629928588867 1.691800594329834
1.4946305751800537 1.3383046388626099 1.2417778968811035
1.2605488300323486 1.008485198020935 0.817111611366272
3.4850265979766846 2.8010778427124023 2.3098514080047607
2.590960741043091 2.1695282459259033 2.064988613128662
4.630496501922607 3.249987840652466 2.426138401031494
4.430372714996338 3.0339367389678955 2.1993019580841064
5.1202569007873535 3.7785491943359375 3.0655698776245117
3.110114097595215 2.423187255859375 1.59969162940979
2.130391836166382 1.5795361995697021 1.1469309329986572
2.669813394546509 1.8286181688308716 1.376957654953003
2.476123332977295 1.9628154039382935 1.7274423837661743
4.615731239318848 4.636071681976318 3.562577962875366
6.127344131469727 5.070845127105713 4.1226725578308105
5.728771686553955 5.73562479019165 4.868095874786377
5.13139533996582 4.275321960449219 3.847749710083008
5.354403495788574 4.835610866546631 4.340322017669678
6.209890365600586 6.160444736480713 5.006764888763428
6.544112205505371 6.576081275939941 5.85359001159668
7.321476936340332 7.147662162780762 6.158421516418457
7.470742225646973 7.204949378967285 6.75429105758667
6.4604926109313965 6.729037761688232 6.933497428894043
5.928735733032227 6.139986515045166 5.932566165924072
7.655374526977539 7.385939121246338 6.514898300170898
6.248539447784424 6.290696144104004 6.478124141693115
4.611782073974609 4.889636039733887 5.213519096374512
4.351190567016602 4.55638313293457 4.73164176940918
3.7894115447998047 3.518018960952759 2.81508731842041
2.962817907333374 2.830434560775757 2.4342880249023438
2.2898120880126953 2.113231897354126 1.7371898889541626
2.1260600090026855 1.9197462797164917 1.4898033142089844
3.959554672241211 3.721161365509033 3.565171718597412
2.040022134780884 1.737198829650879 1.5089306831359863
1.6871010065078735 1.2977817058563232 1.0748300552368164
2.095874786376953 2.1161749362945557 1.617964267730713
1.6820530891418457 1.6211549043655396 1.5486239194869995
1.790120244026184 1.4615286588668823 1.1815166473388672
3.9717307090759277 2.9509711265563965 2.1116623878479004
3.7624053955078125 2.9971625804901123 2.5276756286621094
5.803337574005127 4.8823137283325195 4.041471004486084
5.2697296142578125 5.083652496337891 3.856374979019165
3.4267330169677734 2.8656530380249023 1.9690508842468262
1.4787094593048096 1.1462877988815308 0.8372696042060852
1.8101632595062256 1.3611791133880615 1.0127158164978027
2.8682589530944824 2.0055460929870605 1.450486660003662
4.540116786956787 3.3843307495117188 2.5461535453796387
5.6892194747924805 4.481808662414551 3.5369808673858643
4.700305461883545 3.8395535945892334 3.244976043701172
4.265144348144531 3.515690565109253 2.639333724975586
5.586763381958008 5.338532447814941 4.56989049911499
5.304308891296387 5.555500507354736 5.276017189025879
5.0604143142700195 5.296152591705322 5.264278411865234
5.528347015380859 5.5964579582214355 5.646398544311523
7.110326290130615 7.120541095733643 7.209006309509277
5.749230861663818 6.003708839416504 6.14932107925415
6.752260684967041 6.789718151092529 6.226818084716797
4.2092604637146 4.324109077453613 3.4058969020843506
3.4217233657836914 3.161590814590454 2.5466761589050293
3.514043092727661 3.4242746829986572 2.949963092803955
2.839468479156494 2.7657558917999268 2.2450432777404785
1.9579740762710571 1.599661946296692 1.25596022605896
1.8804042339324951 1.716770887374878 1.5058701038360596
2.748400926589966 2.6185004711151123 2.4489476680755615
4.6128973960876465 4.739931106567383 3.7601449489593506
3.5718891620635986 3.1061594486236572 2.098836660385132
2.38108229637146 2.4573936462402344 2.361393690109253
3.0209689140319824 2.694610357284546 1.978076696395874
2.126619577407837 1.8453831672668457 1.848518967628479
2.3020708560943604 2.369295835494995 2.135669708251953
2.9879539012908936 2.8135976791381836 2.7493643760681152
4.9198527336120605 4.578001976013184 4.905137538909912
4.875666618347168 5.319248676300049 4.699520587921143
5.069047927856445 4.64711856842041 4.047150611877441
4.123250484466553 3.259481430053711 2.5034332275390625
1.75775146484375 1.4508262872695923 1.3610395193099976
1.5045242309570312 1.2593070268630981 1.0202654600143433
1.5497320890426636 1.3678163290023804 1.3226854801177979
4.025326728820801 3.101050853729248 2.2532811164855957
4.845272064208984 3.906898021697998 2.894378662109375
3.8506574630737305 3.3899457454681396 3.0069332122802734
3.586287021636963 3.3083035945892334 2.256847858428955
5.7691121101379395 5.880290985107422 5.582605838775635
6.413481712341309 6.091005325317383 5.578319549560547
4.404759407043457 4.5787553787231445 4.45357608795166
5.178254127502441 5.4966630935668945 5.750372409820557
6.2580413818359375 6.38914155960083 6.521072864532471
5.924339294433594 5.87604284286499 5.101943492889404
7.06193733215332 6.978732109069824 6.373254776000977
5.466061115264893 5.440366268157959 5.7752275466918945
4.190763473510742 3.8320345878601074 3.229613780975342
4.127015590667725 4.085221767425537 3.7808837890625
3.5008950233459473 2.920046329498291 2.3487002849578857
3.0621447563171387 2.452876567840576 1.8630011081695557
2.3818857669830322 2.3077473640441895 1.6592223644256592
4.904042720794678 5.063061237335205 5.542660713195801
5.088563442230225 4.620824813842773 3.3402953147888184
2.509474992752075 2.003462314605713 1.6908111572265625
2.6984176635742188 2.017932415008545 1.5413106679916382
3.5402884483337402 3.718148946762085 4.030702590942383
5.162623882293701 4.297146797180176 3.26867938041687
4.7158589363098145 3.7040927410125732 2.6777451038360596
5.305773735046387 4.178497314453125 3.065188407897949
4.268887519836426 3.7305827140808105 2.498689889907837
5.682316780090332 5.289608955383301 5.437005519866943
7.390980243682861 6.513138771057129 5.274137496948242
4.053720474243164 3.7695841789245605 3.708427906036377
2.4245095252990723 2.123159646987915 1.6407874822616577
2.1904525756835938 1.7777000665664673 1.559064507484436
1.8482236862182617 1.5915625095367432 1.4614620208740234
3.9267804622650146 2.8657705783843994 2.1483259201049805
4.783237457275391 3.7028610706329346 2.724005699157715
3.3820221424102783 2.962864398956299 2.286552667617798
5.155256271362305 4.15757417678833 3.4213998317718506
6.957478046417236 6.741329669952393 5.484735012054443
4.613757133483887 4.795071601867676 4.661377429962158
3.8343746662139893 3.8737616539001465 3.2297494411468506
4.751098155975342 4.731066703796387 4.824100494384766
6.518570423126221 6.6963911056518555 6.269816875457764
6.512138366699219 6.426575183868408 5.733109951019287
6.756019592285156 6.703530788421631 6.515297889709473
7.481023788452148 7.357453346252441 6.850411891937256
4.9405517578125 5.376530170440674 5.190441131591797
5.883278846740723 6.090246677398682 5.756505012512207
6.314239501953125 6.602877616882324 6.394218921661377
5.207354545593262 5.488019943237305 5.173207759857178
4.715995788574219 5.121248245239258 4.369865417480469
5.847261428833008 5.678470611572266 5.890626430511475
4.205972194671631 4.410153865814209 3.4862685203552246
2.6846165657043457 2.337719202041626 1.6984407901763916
3.0378599166870117 2.408219337463379 2.060845375061035
4.189513683319092 4.360461235046387 4.921080112457275
3.739717960357666 3.372387647628784 2.3033435344696045
4.301898956298828 3.3611900806427 2.2721095085144043
7.4422831535339355 6.8368072509765625 5.6271867752075195
6.950922012329102 5.952416896820068 4.597097873687744
6.343964099884033 6.294605255126953 5.290299892425537
5.33496618270874 5.544513702392578 4.856359958648682
3.430453062057495 3.288370132446289 3.027526378631592
3.049779176712036 2.912912368774414 2.6305932998657227
2.3001832962036133 2.1049375534057617 1.821718454360962
2.6369690895080566 2.1394944190979004 1.723388910293579
5.224910259246826 4.054461479187012 2.9662652015686035
2.6478171348571777 2.371668577194214 1.990779161453247
2.8577449321746826 2.353336811065674 1.9844287633895874
2.285890817642212 1.7919793128967285 1.3885504007339478
3.9434642791748047 3.7892184257507324 2.651777744293213
4.499265193939209 4.305302143096924 3.9951798915863037
4.901490211486816 5.1076884269714355 5.32051420211792
5.997650146484375 6.172520637512207 5.409736156463623
7.437204837799072 7.333601474761963 7.201790809631348
7.053308963775635 6.786678791046143 5.875048637390137
6.983857154846191 6.933530807495117 6.850993633270264
6.844331741333008 6.8387627601623535 6.496359348297119
4.786312103271484 4.932707786560059 4.578497409820557
6.524294853210449 6.630862236022949 6.08909273147583
7.2342729568481445 6.740516662597656 6.132740020751953
6.029756546020508 6.091302871704102 6.069181442260742
7.127875328063965 6.844032287597656 5.515969276428223
5.4899983406066895 5.721123695373535 5.729371547698975
4.24738883972168 3.129441261291504 2.554265260696411
3.381173610687256 3.3910703659057617 2.6125636100769043
3.616542100906372 2.6499788761138916 2.1067047119140625
5.179702281951904 5.467928886413574 4.85529899597168
2.7749691009521484 2.5311992168426514 1.9311647415161133
2.499396324157715 1.7548964023590088 1.3682565689086914
2.329089879989624 1.6314445734024048 1.1243507862091064
3.8044588565826416 2.800887107849121 2.09814715385437
3.935873508453369 3.4663596153259277 2.4294421672821045
3.6917641162872314 3.638744592666626 3.138690233230591
3.2537922859191895 3.1522350311279297 2.907382011413574
2.607578992843628 2.3972342014312744 2.3375754356384277
2.3876307010650635 2.2307112216949463 2.110586166381836
3.354914426803589 2.437851905822754 1.867840051651001
5.452487945556641 4.712821006774902 3.3813297748565674
3.5685243606567383 2.502617597579956 1.863168716430664
3.4793570041656494 2.666937828063965 1.9564489126205444
5.002561569213867 4.852930068969727 3.718564033508301
5.388805866241455 5.191729545593262 4.277281761169434
5.443415641784668 5.676538467407227 4.962716102600098
6.179633617401123 5.860775470733643 4.594760894775391
7.393027305603027 6.998777866363525 6.136484622955322
8.346184730529785 7.997263431549072 7.331164360046387
7.892800331115723 7.70287561416626 7.080208778381348
7.386022090911865 7.255398750305176 6.273478984832764
6.976825714111328 7.0444655418396 6.259634494781494
5.380364894866943 5.377781867980957 4.842350006103516
5.45253324508667 5.77371883392334 5.467217922210693
6.845837593078613 5.964262962341309 4.800126552581787
6.078447341918945 6.175427436828613 5.2751665115356445
7.466095924377441 7.075047016143799 6.581360340118408
6.46700382232666 5.698275566101074 4.838667392730713
6.253195762634277 5.287419319152832 4.237594127655029
4.989899158477783 4.105396747589111 2.954164505004883
4.425712585449219 4.2516398429870605 2.991316795349121
3.8480515480041504 3.5677270889282227 2.6418378353118896
3.6367697715759277 2.8346312046051025 1.8915767669677734
2.2641184329986572 1.7245601415634155 1.1912906169891357
3.280344247817993 2.266246795654297 1.6333041191101074
4.6789774894714355 3.798065423965454 2.982283115386963
1.8769047260284424 1.706458568572998 1.6263978481292725
3.474533796310425 3.433828830718994 3.516767740249634
4.728869915008545 4.868124961853027 5.240551948547363
5.189051151275635 5.243319511413574 5.584279537200928
4.390039920806885 4.393858909606934 4.82101583480835
2.8680591583251953 2.784966230392456 2.0533294677734375
6.573442459106445 5.538518905639648 4.396217346191406
5.854164123535156 4.751157283782959 3.788407802581787
2.9106335639953613 2.5620639324188232 2.314617156982422
4.310503959655762 3.2709286212921143 2.340272903442383
7.5190534591674805 6.9077324867248535 5.889291763305664
6.399258613586426 6.312434673309326 5.190462112426758
7.092681884765625 6.60153341293335 6.0100417137146
8.117486953735352 7.708869457244873 6.807666301727295
8.646421432495117 8.29458236694336 7.610568523406982
8.707853317260742 8.413093566894531 7.790612697601318
7.520528793334961 7.310924530029297 6.483489036560059
6.757983684539795 6.8352813720703125 6.269765377044678
5.70365047454834 4.75572395324707 3.6769628524780273
6.518223762512207 6.7468647956848145 5.8573832511901855
6.838385581970215 6.450550079345703 5.263016223907471
8.180901527404785 7.860229969024658 6.890041828155518
7.638063907623291 7.104071140289307 5.774477005004883
3.3571085929870605 3.094104290008545 2.3083765506744385
3.8219566345214844 2.9891610145568848 2.165651321411133
4.640820503234863 3.6362571716308594 2.489572763442993
6.539753437042236 5.5573601722717285 4.297848701477051
4.071795463562012 3.0550379753112793 2.300690174102783
2.909928798675537 2.2296276092529297 1.5300488471984863
2.7479407787323 1.9215115308761597 1.3550797700881958
4.6801228523254395 4.412370681762695 2.947789192199707
4.676442623138428 4.907540321350098 4.028260707855225
6.970950126647949 6.898536682128906 6.880798816680908
6.177158355712891 6.097169399261475 6.3923773765563965
7.202325344085693 7.2470011711120605 7.22965145111084
7.116272449493408 6.961573600769043 6.844639778137207
6.766910076141357 6.801908016204834 6.596883773803711
3.3393101692199707 2.616265296936035 2.127627372741699
7.070485591888428 6.335029125213623 5.305460453033447
5.92710542678833 5.021882057189941 3.923015594482422
3.4966251850128174 3.0261409282684326 2.681307077407837
3.898350715637207 3.057840585708618 2.5089375972747803
3.4190285205841064 3.31304669380188 2.508744478225708
6.135416030883789 6.382564067840576 6.110195636749268
7.58526611328125 7.237669467926025 6.163736343383789
8.42757511138916 8.10308837890625 7.474862098693848
8.664572715759277 8.415375709533691 7.908177852630615
8.249795913696289 7.9972381591796875 7.35146427154541
7.659861087799072 7.420873641967773 6.657046794891357
7.1226043701171875 6.9539008140563965 6.503424644470215
6.275411605834961 6.3685832023620605 5.904375076293945
8.252839088439941 7.9271392822265625 7.341818332672119
5.273550510406494 5.606747627258301 5.318084239959717
3.8133163452148438 3.8765523433685303 2.863739490509033
3.657388210296631 3.006343126296997 2.540236473083496
3.458315849304199 2.804833173751831 2.0514798164367676
3.4028518199920654 2.6130688190460205 1.762433648109436
4.766092300415039 4.066790580749512 3.6601297855377197
8.001483917236328 7.4616217613220215 6.494442939758301
5.719816207885742 5.981383800506592 5.6291022300720215
5.069633483886719 4.938521862030029 4.892618656158447
3.0200107097625732 2.594857692718506 2.312483787536621
3.3809876441955566 3.049738645553589 2.1761724948883057
6.583789348602295 6.59300422668457 5.322243690490723
7.794961452484131 7.476428985595703 6.822044372558594
7.699426651000977 7.579813003540039 7.48881196975708
8.272332191467285 8.023201942443848 7.764669418334961
8.079938888549805 7.886239051818848 7.792774200439453
8.851506233215332 8.554672241210938 8.034563064575195
6.330497741699219 6.002987861633301 4.9825897216796875
6.467141151428223 5.781158447265625 4.863704681396484
6.990089416503906 6.182127952575684 4.787464141845703
4.998612403869629 3.8177061080932617 2.8534762859344482
3.183481454849243 2.472951650619507 1.765078067779541
4.350803375244141 4.29399299621582 3.0050387382507324
5.985024929046631 5.214416027069092 4.3829665184021
7.00836706161499 6.420711517333984 5.137559413909912
7.815271377563477 7.4304704666137695 6.90726375579834
7.971038818359375 7.814709663391113 7.530358791351318
7.719883441925049 7.489649772644043 7.320537567138672
7.4864182472229 7.239131927490234 7.033883094787598
6.4187164306640625 6.458484649658203 5.349969863891602
6.274712085723877 5.463594436645508 4.392430305480957
7.747928619384766 7.2041425704956055 6.039525985717773
5.945432662963867 5.9764275550842285 4.934995651245117
2.8634941577911377 2.350923538208008 1.6851516962051392
2.5761327743530273 2.1470370292663574 1.850530743598938
4.665980815887451 4.395927429199219 4.092639446258545
5.35623836517334 5.349302291870117 5.4548187255859375
6.29854679107666 5.973032474517822 6.0101094245910645
8.081596374511719 7.769228458404541 6.754302978515625
7.51582145690918 7.465022087097168 7.0936970710754395
6.670048236846924 6.833574295043945 6.355929851531982
3.5879931449890137 3.4051573276519775 2.7932205200195312
4.313066482543945 4.166880130767822 3.9988279342651367
6.700327396392822 6.813371658325195 5.850549697875977
7.6642279624938965 7.595911979675293 7.277571678161621
8.541412353515625 8.365428924560547 8.033123016357422
7.428810119628906 7.418380260467529 7.412062168121338
7.92731237411499 7.812312602996826 7.533843994140625
8.396919250488281 8.201680183410645 7.805059432983398
5.503985404968262 5.448314666748047 5.685112476348877
7.0811076164245605 6.897848129272461 5.591728210449219
6.177122116088867 5.2413811683654785 4.2503204345703125
4.86345911026001 4.558752059936523 3.062546730041504
4.089489459991455 3.7249510288238525 3.2342257499694824
4.857032775878906 5.016101360321045 5.056332111358643
4.777460098266602 4.639275550842285 3.3810184001922607
5.059223651885986 5.277169227600098 4.89003324508667
5.337345123291016 5.336165428161621 5.304298400878906
6.569032192230225 6.635428428649902 6.32459831237793
8.328031539916992 8.15443229675293 7.669693946838379
7.952134132385254 7.588101863861084 6.750237941741943
7.101956844329834 6.701062202453613 5.809359073638916
4.611515998840332 4.623744010925293 3.7171292304992676
7.176908493041992 6.382019519805908 5.248653888702393
5.211301326751709 4.317571640014648 3.545618772506714
2.3788130283355713 1.9493756294250488 1.5057686567306519
4.910559177398682 5.118356704711914 5.152013778686523
7.141970157623291 6.733636379241943 5.117602825164795
7.673696994781494 7.471014499664307 6.676661014556885
7.088293552398682 7.018397808074951 5.999957084655762
7.921045303344727 7.321278095245361 6.1767964363098145
7.217381954193115 7.13649320602417 7.052369594573975
6.4168219566345215 6.343689918518066 6.346014022827148
4.146420478820801 4.058883190155029 3.731654644012451
2.9134719371795654 2.892099142074585 2.294520378112793
6.324796676635742 6.570162296295166 5.902881145477295
7.8384857177734375 7.736194133758545 7.413358211517334
8.612101554870605 8.29269027709961 7.624391555786133
7.16025447845459 6.999913215637207 6.987412929534912
8.195305824279785 7.969542026519775 7.42777681350708
8.511052131652832 8.041348457336426 7.260695457458496
6.510101318359375 6.618168830871582 6.485789775848389
4.817046642303467 4.201379299163818 3.167419910430908
5.675874710083008 5.831270217895508 5.076004505157471
5.397154808044434 4.823766708374023 4.156373023986816
5.276867866516113 4.4552459716796875 3.4875268936157227
5.929158687591553 5.162424564361572 4.162010192871094
4.089116096496582 4.356245040893555 3.6290807723999023
3.65826153755188 3.4082205295562744 2.7787222862243652
3.2563023567199707 3.076456308364868 2.5053744316101074
5.928995609283447 5.868079662322998 5.784287929534912
7.668234825134277 7.505060195922852 7.196967124938965
7.805510997772217 7.505901336669922 6.567617893218994
5.314955234527588 4.866680145263672 3.5850911140441895
4.484312057495117 4.300395965576172 3.1786882877349854
4.736072063446045 4.455464839935303 3.261185646057129
4.329795837402344 3.9115936756134033 3.152916431427002
4.604578018188477 4.868289947509766 4.714725494384766
6.545815944671631 6.187421798706055 4.887706756591797
7.245349884033203 6.5804619789123535 5.658810138702393
7.275385856628418 7.2598772048950195 6.138821601867676
6.243812084197998 6.310541152954102 5.481485843658447
7.039276123046875 6.190825462341309 4.8624396324157715
6.9540510177612305 6.860090255737305 6.7144646644592285
5.220357418060303 5.382022857666016 5.242895126342773
3.8797550201416016 3.494053363800049 3.2408883571624756
1.984748363494873 1.3941428661346436 1.0363121032714844
5.874241352081299 5.89251708984375 5.304800033569336
7.333327293395996 7.0675458908081055 6.380414009094238
7.444249153137207 7.0593976974487305 5.901997089385986
8.046701431274414 7.619369029998779 6.598143577575684
8.050403594970703 7.79367733001709 6.930631637573242
8.081929206848145 7.66811990737915 6.72113561630249
5.807072162628174 5.981657028198242 5.864892959594727
4.413204669952393 4.192682266235352 3.9613184928894043
6.777653694152832 6.11440896987915 4.895249366760254
6.365087509155273 5.627548694610596 4.227692604064941
7.241687297821045 6.7458014488220215 5.409672737121582
7.348926544189453 7.084228515625 6.520841598510742
6.758827209472656 6.5828046798706055 5.4294538497924805
4.441524982452393 3.8114166259765625 3.0839650630950928
6.225987434387207 6.099658966064453 5.791700839996338
7.803579807281494 7.676804542541504 6.705926895141602
7.113467216491699 7.057938098907471 6.867842197418213
7.358576774597168 7.045965671539307 5.832754135131836
5.515503883361816 5.1792097091674805 4.28632116317749
5.6360931396484375 5.8012800216674805 5.048590660095215
5.82016658782959 4.974952697753906 3.91089129447937
4.623730659484863 3.8524515628814697 2.8000199794769287
3.9346938133239746 3.6796131134033203 2.7241852283477783
4.830935955047607 4.702938079833984 3.562366485595703
5.6497650146484375 4.968062400817871 4.092169761657715
5.765727519989014 5.2454681396484375 4.11838960647583
5.110347270965576 5.051155090332031 4.129919052124023
4.9486870765686035 4.684906482696533 3.756843328475952
5.793270111083984 5.612970352172852 4.5308332443237305
4.531203269958496 4.498950004577637 3.306349039077759
3.2399024963378906 3.191136360168457 2.627631187438965
2.7578999996185303 2.4883711338043213 2.094592332839966
2.084667444229126 1.8234091997146606 1.4815887212753296
5.12695837020874 5.217923164367676 5.146357536315918
6.471767425537109 5.817363739013672 4.438230991363525
7.4758076667785645 7.008558750152588 5.694056510925293
7.554113388061523 7.464693069458008 6.518199920654297
6.970704555511475 6.674026012420654 6.1745100021362305
5.0174078941345215 4.700066566467285 4.301033020019531
4.638769626617432 3.684812545776367 2.6500847339630127
5.39228630065918 5.134145736694336 3.6994192600250244
6.643428802490234 5.931893825531006 4.645695209503174
7.4728193283081055 7.24233341217041 5.985601425170898
7.813180446624756 7.321868896484375 6.133172988891602
6.372466564178467 6.442137241363525 6.081593036651611
5.71946907043457 5.436456680297852 4.411567211151123
6.796070098876953 6.368270397186279 5.280036926269531
5.68039608001709 5.691103458404541 5.505491733551025
6.983553409576416 6.73314094543457 5.546977519989014
7.141592502593994 6.922088146209717 5.931349277496338
5.219046592712402 4.8262434005737305 3.3538970947265625
6.256943702697754 5.854686737060547 4.606948375701904
6.123604774475098 5.767269611358643 5.285914421081543
6.747350215911865 6.133507251739502 4.794130325317383
4.193171501159668 3.709317922592163 2.658277988433838
4.174314975738525 3.444794178009033 2.360137701034546
4.400437831878662 3.59791898727417 2.5440890789031982
4.093108177185059 4.099085330963135 3.083033561706543
3.903156042098999 3.0076425075531006 2.088677167892456
5.898683071136475 4.85969352722168 3.7997524738311768
5.193731307983398 4.534163951873779 3.4081034660339355
4.052545547485352 3.256324529647827 2.164858341217041
3.6455678939819336 2.829926013946533 2.3114402294158936
2.4923202991485596 1.9998308420181274 1.5929114818572998
1.7983119487762451 1.6232166290283203 1.418784260749817
3.8572745323181152 3.5059938430786133 2.7378745079040527
3.262237787246704 2.974364757537842 2.4257912635803223
4.342652320861816 3.9607253074645996 2.6862590312957764
5.108984470367432 5.158546447753906 5.402594089508057
5.604220867156982 4.428180694580078 3.426652193069458
2.225813627243042 1.9679561853408813 1.5965614318847656
2.156505584716797 1.8200973272323608 1.3131024837493896
4.4272356033325195 3.4951272010803223 2.703806161880493
5.157100677490234 4.844156265258789 3.432420492172241
5.248894691467285 5.088754177093506 4.698991775512695
6.4570183753967285 6.019128322601318 4.622462272644043
4.859857082366943 4.763128280639648 4.235133171081543
3.0879011154174805 2.670457124710083 2.027864456176758
5.360074520111084 4.756326675415039 3.6008670330047607
4.351712703704834 4.2115912437438965 3.494295835494995
5.643159866333008 5.375055313110352 4.610813140869141
6.54902458190918 6.116769313812256 4.926696300506592
5.79874324798584 5.370519638061523 4.251810073852539
4.984223365783691 5.307109832763672 4.701637268066406
6.513269901275635 6.606820106506348 5.772153854370117
6.720284938812256 6.880514621734619 6.089626789093018
6.046920299530029 5.4436750411987305 4.325871467590332
4.7197442054748535 4.1313157081604 2.8254058361053467
3.7115650177001953 2.987588405609131 2.2469429969787598
3.1114842891693115 2.772925853729248 2.0543465614318848
3.7513022422790527 3.3566038608551025 2.487016201019287
5.515225410461426 4.591592788696289 3.6776297092437744
5.143178462982178 4.493546962738037 3.211007833480835
3.088658571243286 2.451432466506958 1.8305914402008057
4.457697868347168 3.5279784202575684 2.444732427597046
4.807688236236572 4.047568321228027 2.743980884552002
6.138513565063477 5.112588405609131 3.8963446617126465
5.232676982879639 4.919256687164307 3.6368558406829834
4.032176494598389 4.024655818939209 2.9986746311187744
2.6283717155456543 2.284438133239746 1.752586841583252
3.626415491104126 2.828299045562744 2.074699878692627
4.076274871826172 3.1186413764953613 2.256974935531616
2.4913787841796875 2.20654296875 1.588178038597107
3.393725872039795 2.843658685684204 2.149977207183838
4.004028797149658 3.7727558612823486 2.6418516635894775
5.851607322692871 5.743135929107666 4.651493549346924
4.589688301086426 4.085779190063477 2.8324668407440186
6.769128322601318 6.414144992828369 5.045578956604004
4.656190872192383 4.628818988800049 3.684892177581787
3.9278130531311035 3.3518033027648926 2.638032913208008
5.4481282234191895 5.16425895690918 4.270167827606201
6.102821350097656 6.078272342681885 5.178948402404785
6.302618503570557 5.774429798126221 4.6157917976379395
6.602889537811279 6.5797600746154785 5.736536979675293
5.822422981262207 5.944198131561279 5.351252555847168
5.976094722747803 6.1199774742126465 5.541656970977783
7.432648658752441 6.94301700592041 5.807229518890381
7.911646842956543 7.783569812774658 7.381405830383301
6.188422203063965 5.670250415802002 4.427349090576172
6.592578411102295 6.381819725036621 5.382916450500488
5.769918918609619 5.782090187072754 5.571792125701904
5.6566619873046875 5.2689738273620605 4.644322395324707
7.552705764770508 6.9957194328308105 6.281897068023682
5.82559871673584 5.695276260375977 5.026678085327148
6.236395359039307 6.470573425292969 5.5563507080078125
3.6689438819885254 3.2608907222747803 2.6606903076171875
6.080648899078369 5.597734451293945 4.319771766662598
5.499341011047363 5.435419082641602 5.193556308746338
6.8702712059021 6.356876850128174 5.038395404815674
7.841586589813232 7.26957893371582 5.991790294647217
6.999236106872559 6.819190979003906 5.5615234375
4.58711051940918 4.652768611907959 4.000985145568848
4.9985246658325195 5.122772693634033 4.594448089599609
3.8026123046875 3.1246609687805176 2.267475128173828
4.162741661071777 3.439879894256592 2.476508617401123
4.362382888793945 3.791088581085205 2.863067150115967
5.4978718757629395 5.314523220062256 4.500696659088135
6.221467971801758 6.110866069793701 5.805006980895996
6.5819807052612305 6.561079025268555 6.132969856262207
6.27451753616333 6.303879261016846 5.91566801071167
7.135103225708008 6.895496845245361 5.783615589141846
5.535915851593018 5.455723762512207 5.366979122161865
7.440376281738281 7.194396495819092 6.741549968719482
7.534162521362305 7.391420841217041 6.745105266571045
7.220812797546387 7.092596054077148 6.015380859375
7.49960994720459 7.17373514175415 6.034823894500732
6.7594146728515625 6.75834321975708 5.85377836227417
6.362734794616699 6.2813286781311035 5.552750110626221
7.514479637145996 7.379596710205078 6.557535648345947
7.171477317810059 7.1046648025512695 6.54469108581543
7.7221760749816895 7.289894104003906 6.385205268859863
7.873161792755127 7.463240623474121 6.692122936248779
7.073220252990723 6.76435661315918 6.004113674163818
7.248526096343994 7.093832969665527 6.300328254699707
7.766409397125244 7.476126194000244 6.471302509307861
6.267831325531006 6.507255554199219 6.051166534423828
6.007874011993408 5.987198352813721 5.859888076782227
7.1759257316589355 6.605716228485107 5.364078044891357
6.2978315353393555 6.083547592163086 5.013485908508301
6.5895233154296875 6.088445663452148 5.252690315246582
7.944019317626953 7.4950690269470215 6.402464389801025
7.854055404663086 7.639251708984375 6.925118923187256
7.690064430236816 7.489131927490234 6.876495361328125
7.034704685211182 6.95995569229126 5.893151760101318
6.290844917297363 6.25162410736084 6.121047496795654
4.942052841186523 4.139747619628906 3.142315626144409
5.766265869140625 5.094013214111328 4.060869216918945
4.863868713378906 4.462811470031738 3.3252739906311035
7.092362880706787 6.667176246643066 5.217641353607178
7.299777507781982 6.931528091430664 5.6952972412109375
6.80106782913208 6.754156589508057 5.680256366729736
6.969825744628906 6.791998386383057 6.364697456359863
7.024962425231934 6.9370927810668945 6.396711826324463
7.782147407531738 7.546195983886719 7.2076921463012695
7.6342692375183105 7.364250183105469 6.2303948402404785
7.972001075744629 7.804043292999268 7.442636489868164
7.892784595489502 7.712346076965332 7.101921558380127
8.251609802246094 8.0896635055542 7.5382866859436035
8.148368835449219 7.997020244598389 7.563625335693359
7.3287529945373535 7.208852291107178 6.401392936706543
7.789153099060059 7.6639885902404785 6.898866176605225
7.601990222930908 7.323257923126221 6.666280746459961
6.962532997131348 6.9705729484558105 6.302229881286621
7.081256866455078 6.645292282104492 5.884563446044922
8.33875846862793 8.091763496398926 7.600757598876953
7.952198505401611 7.713408470153809 6.841704368591309
7.627624034881592 7.183354377746582 6.21571683883667
6.623044490814209 6.567361831665039 5.896437644958496
6.5090179443359375 6.567985534667969 6.440716743469238
7.096724987030029 7.010833263397217 6.411929607391357
6.761452674865723 6.523441791534424 5.29234504699707
7.420560359954834 7.323713302612305 6.615815162658691
7.431690692901611 7.3084716796875 6.854784965515137
8.152573585510254 7.875514030456543 7.288649559020996
8.367223739624023 8.026453018188477 7.304921627044678
7.968762397766113 7.773305416107178 6.891292095184326
7.729334831237793 7.033041477203369 5.788527965545654
6.593451023101807 6.066573143005371 4.805986404418945
5.896883487701416 5.7735161781311035 5.626384258270264
6.233323097229004 5.683528900146484 4.4674072265625
7.626385688781738 7.157413005828857 5.979111194610596
7.587046146392822 7.09790563583374 6.307651519775391
6.68359899520874 6.52577018737793 5.726165294647217
7.261565685272217 7.1716766357421875 6.563399314880371
6.811090469360352 6.8445539474487305 6.0199127197265625
7.908944129943848 7.745218276977539 6.798791408538818
7.793337821960449 7.447052955627441 6.728638648986816
8.385714530944824 8.094430923461914 7.397351264953613
8.690184593200684 8.518928527832031 7.939980983734131
8.471941947937012 8.198060989379883 7.5270490646362305
7.734368324279785 7.503921985626221 6.752741813659668
7.872437953948975 7.558986663818359 7.063879013061523
6.962134838104248 6.915768146514893 6.135068893432617
8.14215087890625 7.942086219787598 7.427996635437012
6.5234527587890625 6.597569942474365 6.108968257904053
7.248992443084717 6.889996528625488 5.988560676574707
7.982028961181641 7.771822452545166 6.903593063354492
8.001702308654785 7.852404594421387 7.071519374847412
7.891983985900879 7.441549777984619 6.534727096557617
7.541078567504883 7.206001281738281 6.47495174407959
8.39626407623291 8.159398078918457 7.717728137969971
8.635872840881348 8.404611587524414 7.968131065368652
8.138336181640625 7.967945575714111 7.624973297119141
8.467913627624512 8.241846084594727 7.8133931159973145
8.574460983276367 8.310929298400879 7.8090596199035645
8.785467147827148 8.607450485229492 8.25520133972168
8.304109573364258 8.112142562866211 7.6862711906433105
8.38715648651123 8.116475105285645 7.47256326675415
8.202235221862793 7.866654396057129 6.796398639678955
7.377363681793213 6.937178611755371 6.095283031463623
6.446457386016846 6.325338840484619 5.236261367797852
7.513674259185791 7.393246650695801 6.200500011444092
7.866949081420898 7.4959516525268555 6.349459648132324
7.293728828430176 7.159936904907227 6.251648426055908
7.776536464691162 7.355784893035889 6.381289482116699
7.823511123657227 7.415870189666748 6.512763977050781
8.013538360595703 7.634576320648193 6.6874847412109375
7.906522274017334 7.583066940307617 6.564809322357178
7.925941467285156 7.7490129470825195 7.327646255493164
8.088814735412598 7.839257717132568 7.114097595214844
8.522390365600586 8.297382354736328 7.695444583892822
8.217646598815918 8.039569854736328 7.393500328063965
