0.2789893895847354

2.6493499279022217 2.7060387134552 2.6258137226104736
4.100902080535889 4.092444896697998 3.9784209728240967
3.786923408508301 3.792473554611206 3.7147626876831055
4.360262393951416 4.31093168258667 4.175821304321289
4.241372585296631 4.243433475494385 4.140048503875732
3.9799623489379883 4.004632949829102 3.900034189224243
3.3552281856536865 3.466374397277832 3.477414131164551
4.133478164672852 4.177698612213135 4.09855842590332
3.6290664672851562 3.7136917114257812 3.711484432220459
3.5674350261688232 3.587371826171875 3.4925148487091064
3.8611834049224854 3.949547529220581 3.909242868423462
3.1922428607940674 3.240217924118042 3.182908058166504
4.463986873626709 4.499378204345703 4.452325820922852
3.979112386703491 4.0494890213012695 4.021084308624268
4.26870059967041 4.350040435791016 4.34311056137085
3.5967156887054443 3.742211103439331 3.7666282653808594
2.3682546615600586 2.5014257431030273 2.4791195392608643
3.0917553901672363 3.24625301361084 3.2784693241119385
3.430154800415039 3.6089115142822266 3.630232810974121
3.634488582611084 3.665661573410034 3.5490970611572266
2.844836473464966 2.8715639114379883 2.6000194549560547
3.2600326538085938 3.3968005180358887 3.4149580001831055
3.8611273765563965 3.915480613708496 3.859182596206665
2.8043882846832275 2.9026975631713867 2.862396001815796
1.6791211366653442 1.8037751913070679 1.7384278774261475
2.185878276824951 2.047560453414917 1.889975905418396
2.27089524269104 2.4156627655029297 2.363823652267456
2.5680856704711914 2.6879003047943115 2.622154712677002
1.4315769672393799 1.3757058382034302 1.1068881750106812
1.7410475015640259 1.7940276861190796 1.5705846548080444
2.230858087539673 2.3174028396606445 2.2452986240386963
1.973594069480896 2.0658345222473145 1.7713154554367065
2.595407485961914 2.5815982818603516 2.355198860168457
2.219266891479492 2.2239484786987305 1.93619966506958
3.0349459648132324 3.144305467605591 3.0348589420318604
3.6138112545013428 3.657411813735962 3.572890281677246
3.1004340648651123 3.2392168045043945 3.2316291332244873
2.6712870597839355 2.80781626701355 2.8142170906066895
2.4003586769104004 2.4900546073913574 2.5081655979156494
3.859524726867676 3.843468189239502 3.7364091873168945
3.2917048931121826 3.363161563873291 3.3210842609405518
1.6396929025650024 1.7105441093444824 1.6631255149841309
2.13966965675354 2.213118076324463 2.17840838432312
4.440490245819092 4.456537246704102 4.358182430267334
4.141336441040039 4.143849849700928 4.046811580657959
4.40786075592041 4.427703857421875 4.300419330596924
4.275081157684326 4.262472629547119 4.112713813781738
1.391628384590149 1.3524445295333862 1.2072877883911133
1.8783332109451294 2.012502670288086 1.9552266597747803
2.287153720855713 2.2626094818115234 2.0080277919769287
2.728426933288574 2.69702410697937 2.5331099033355713
2.152545690536499 2.0847623348236084 1.9514098167419434
2.63393497467041 2.7427680492401123 2.755202531814575
2.9094998836517334 3.1013646125793457 3.156951665878296
2.3361454010009766 2.3069162368774414 2.1166470050811768
1.8822039365768433 1.8798786401748657 1.7132267951965332
1.4680380821228027 1.4965291023254395 1.3293700218200684
1.2124321460723877 1.1565954685211182 1.0082190036773682
1.1243120431900024 1.0789170265197754 0.9609505534172058
1.5529450178146362 1.6985070705413818 1.464473009109497
1.4223253726959229 1.4600505828857422 1.288764238357544
2.085719108581543 2.209225654602051 2.0942928791046143
1.5552011728286743 1.6066977977752686 1.3016172647476196
1.8602759838104248 1.8483984470367432 1.7176854610443115
2.0134031772613525 2.0408151149749756 1.9390180110931396
2.3623080253601074 2.4270384311676025 2.086400270462036
1.759605884552002 1.8512351512908936 1.812529444694519
3.3071329593658447 3.304213285446167 3.1458356380462646
2.8808791637420654 3.0194923877716064 3.0377933979034424
2.310215473175049 2.379223585128784 2.256416082382202
3.009935140609741 2.8912193775177 2.613006830215454
2.8347744941711426 2.7786669731140137 2.4461374282836914
3.188894510269165 3.1719462871551514 3.005608081817627
2.819101095199585 2.8949968814849854 2.75272798538208
1.9188258647918701 2.0485494136810303 2.0697145462036133
2.8477702140808105 3.021557092666626 3.065887689590454
4.275500297546387 4.313997268676758 4.245486736297607
4.188702583312988 4.038321018218994 3.776283025741577
3.4062414169311523 3.5104639530181885 3.5305733680725098
1.678842306137085 1.5907753705978394 1.314570665359497
1.4865516424179077 1.4721689224243164 1.4163212776184082
1.7433278560638428 1.7032642364501953 1.4616276025772095
3.1918888092041016 3.211277484893799 3.077336549758911
2.852202892303467 2.9639594554901123 2.9583563804626465
3.7188525199890137 3.8057727813720703 3.838998556137085
4.045934200286865 4.096752643585205 4.062321662902832
2.633775234222412 2.5362343788146973 2.2919692993164062
1.6054484844207764 1.698004126548767 1.55777108669281
2.050475835800171 1.992265224456787 1.6706699132919312
1.4174190759658813 1.22493314743042 1.0146269798278809
1.2721381187438965 1.2817771434783936 1.1574389934539795
1.692484974861145 1.6142834424972534 1.1979752779006958
2.5140366554260254 2.4519896507263184 2.183189630508423
3.3082809448242188 3.467705488204956 3.433465003967285
2.929076671600342 3.093933582305908 3.068617343902588
2.4090003967285156 2.5631496906280518 2.426896572113037
1.8816771507263184 1.9207770824432373 1.6287182569503784
1.667003870010376 1.620424509048462 1.3771319389343262
1.638136863708496 1.6501727104187012 1.590227484703064
3.4233977794647217 3.4777894020080566 3.37431263923645
3.1079633235931396 3.048063278198242 2.767303705215454
2.403183698654175 2.459913492202759 2.3247785568237305
2.0760064125061035 2.019152879714966 1.7731654644012451
2.0248539447784424 1.8551667928695679 1.5364173650741577
2.2472565174102783 2.163177490234375 1.8551627397537231
1.6912416219711304 1.544502854347229 1.3195581436157227
2.6175942420959473 2.585400342941284 2.50453782081604
2.568570852279663 2.648218870162964 2.707371234893799
2.211716413497925 2.3251404762268066 2.3904225826263428
1.2158644199371338 1.2303249835968018 1.1327149868011475
1.5357545614242554 1.6336437463760376 1.6153162717819214
1.392263412475586 1.175764799118042 1.0128041505813599
1.5566843748092651 1.4172557592391968 1.1738190650939941
1.7944635152816772 1.8774882555007935 1.8750790357589722
2.5164296627044678 2.602260112762451 2.5032458305358887
3.4611270427703857 3.4684462547302246 3.2960057258605957
4.395781993865967 4.438272953033447 4.363234519958496
4.203369617462158 4.292324066162109 4.289068698883057
3.372131586074829 3.304619789123535 3.1249136924743652
2.1984055042266846 2.0979790687561035 1.5986212491989136
2.5929739475250244 2.217027425765991 1.7718685865402222
1.294925332069397 1.0613514184951782 0.8336666822433472
1.837491512298584 1.9948512315750122 1.9009785652160645
3.605982780456543 3.7344930171966553 3.764237880706787
3.5478034019470215 3.6030595302581787 3.465967893600464
2.5706090927124023 2.712479591369629 2.4878764152526855
2.217581272125244 2.2432706356048584 2.000662088394165
1.8199408054351807 1.7506325244903564 1.3679275512695312
1.577275037765503 1.5198761224746704 1.226683497428894
1.4740968942642212 1.3152776956558228 1.0957165956497192
1.3489201068878174 1.3977608680725098 1.3306907415390015
2.1594693660736084 2.256070613861084 2.2301313877105713
1.4822059869766235 1.4876176118850708 1.3405163288116455
2.7911088466644287 2.918609619140625 2.832288980484009
3.466567277908325 3.4382238388061523 3.1741013526916504
2.924936056137085 2.5688092708587646 2.1710898876190186
1.3956739902496338 1.5189512968063354 1.5148134231567383
1.7640522718429565 1.7538483142852783 1.5941038131713867
1.7678380012512207 1.9175653457641602 1.9500044584274292
1.3626669645309448 1.417485237121582 1.3539599180221558
1.9151959419250488 1.7395148277282715 1.4403040409088135
0.786224365234375 0.7216749787330627 0.6768237352371216
1.0407118797302246 1.1223301887512207 1.1069369316101074
0.9768527746200562 0.8945189118385315 0.8528332710266113
2.1000945568084717 1.9915419816970825 1.7356816530227661
2.453425645828247 2.4587302207946777 2.268639326095581
1.9030680656433105 1.8487472534179688 1.6591898202896118
2.1108999252319336 2.283905267715454 2.28962779045105
3.097411632537842 2.9954748153686523 2.89292573928833
3.649228811264038 3.5200202465057373 3.2253799438476562
2.9387669563293457 2.915287494659424 2.4550492763519287
1.7529518604278564 1.6076899766921997 1.268756628036499
1.9631645679473877 1.7734977006912231 1.295069932937622
1.125847578048706 0.9781504273414612 0.8490610122680664
2.07842755317688 1.9081103801727295 1.4830982685089111
4.035255432128906 4.117811679840088 4.1021599769592285
3.8005189895629883 3.870389699935913 3.833447217941284
3.0918989181518555 3.244422674179077 3.2394533157348633
2.654444456100464 2.7971301078796387 2.66228985786438
1.7590874433517456 1.8798797130584717 1.5765916109085083
1.317004919052124 1.2180087566375732 1.0452460050582886
1.1397597789764404 1.0370550155639648 0.9059838652610779
1.0362836122512817 0.9043729901313782 0.8105462789535522
1.1619226932525635 1.1231327056884766 1.0466607809066772
2.6976675987243652 2.755506753921509 2.5707268714904785
3.637662172317505 3.6045737266540527 3.32254958152771
4.069689750671387 3.8627774715423584 3.5257012844085693
4.092703819274902 3.944028615951538 3.6885933876037598
3.8390326499938965 3.783250331878662 3.6808595657348633
3.1857283115386963 2.736666202545166 2.4048638343811035
2.4740920066833496 2.2460086345672607 1.9538328647613525
2.762657880783081 2.3962481021881104 2.0945699214935303
1.5787169933319092 1.5544466972351074 1.4487723112106323
1.0483094453811646 0.9669733643531799 0.938004195690155
1.2411270141601562 1.3569624423980713 1.3097760677337646
1.9754456281661987 2.152858018875122 2.185769557952881
2.0279507637023926 1.8086236715316772 1.5017836093902588
2.321312427520752 2.4514811038970947 2.4864566326141357
1.842057228088379 1.7048951387405396 1.5842572450637817
2.0187158584594727 2.039752721786499 1.9283446073532104
2.3882625102996826 2.2432124614715576 1.7626432180404663
3.8480372428894043 3.721602439880371 3.4380033016204834
3.1153321266174316 2.742199659347534 2.2218353748321533
2.482797622680664 2.01119065284729 1.6048554182052612
1.7046830654144287 1.4017292261123657 1.109395146369934
1.0044710636138916 0.8998371362686157 0.7949544191360474
1.520872950553894 1.4412460327148438 1.099166750907898
3.3598434925079346 3.474727153778076 3.275404691696167
1.9917640686035156 2.0835416316986084 2.002443313598633
2.876250982284546 2.7442140579223633 2.2395384311676025
2.9749250411987305 3.029709577560425 2.6725800037384033
2.804858922958374 2.923383951187134 2.8497183322906494
1.9964427947998047 1.9058904647827148 1.4304274320602417
1.8658994436264038 1.6612359285354614 1.2512986660003662
1.234660267829895 1.2771886587142944 1.229774832725525
1.7889612913131714 1.740231990814209 1.6113611459732056
3.338266372680664 3.220763921737671 2.8110311031341553
3.003023386001587 3.0212912559509277 2.6901423931121826
2.6739346981048584 2.567307472229004 2.3261067867279053
3.4134764671325684 3.0435714721679688 2.5352120399475098
3.9182841777801514 3.693655014038086 3.3658366203308105
3.7698709964752197 3.4406912326812744 2.9591829776763916
2.2423434257507324 1.9958027601242065 1.6155707836151123
1.1875532865524292 0.9662583470344543 0.8743821978569031
1.248565673828125 1.0750234127044678 0.9437774419784546
0.905201256275177 0.8288875222206116 0.7746305465698242
1.680840253829956 1.7598812580108643 1.8121544122695923
2.355790138244629 2.400719404220581 2.1122546195983887
2.689354181289673 2.8321428298950195 2.866610050201416
3.120168924331665 3.0501797199249268 2.7346179485321045
2.7866621017456055 2.7595221996307373 2.3399569988250732
3.321065902709961 3.26751446723938 2.932779550552368
2.7962663173675537 2.305408000946045 1.8676011562347412
3.249035358428955 2.9639437198638916 2.477457046508789
2.2760956287384033 1.8905197381973267 1.4443426132202148
2.9410829544067383 2.5589520931243896 2.037747383117676
0.8072768449783325 0.7152103781700134 0.691189706325531
0.9372377395629883 0.7843605875968933 0.7044063210487366
2.5540051460266113 2.461468458175659 1.8905988931655884
2.3617851734161377 2.231412649154663 1.6466313600540161
3.2258963584899902 3.1926708221435547 2.837822198867798
3.0061020851135254 3.1174631118774414 2.8878984451293945
3.2014477252960205 3.261303186416626 3.067052125930786
2.4431960582733154 2.4101176261901855 1.9228078126907349
1.9594289064407349 2.0831315517425537 1.6770979166030884
2.491140604019165 2.5130348205566406 2.221130132675171
2.199866771697998 2.131413221359253 1.674377679824829
2.4765734672546387 2.0751774311065674 1.621648907661438
2.9897162914276123 2.663480281829834 2.207881450653076
2.968533754348755 2.9084787368774414 2.4219019412994385
2.7359354496002197 2.552049398422241 2.108936309814453
3.537903070449829 3.2373056411743164 2.7745368480682373
3.3153796195983887 2.8736979961395264 2.34942889213562
4.241820812225342 4.128945350646973 3.887904644012451
1.358519196510315 1.2070754766464233 1.069808840751648
1.5333272218704224 1.4301468133926392 1.180836796760559
0.7165617942810059 0.6235207319259644 0.5830854773521423
0.9119139909744263 0.7325095534324646 0.651942253112793
2.825765609741211 2.7669100761413574 2.5651350021362305
3.859835624694824 3.8669321537017822 3.772505760192871
4.337843894958496 4.2296247482299805 3.9860408306121826
3.7952370643615723 3.6322739124298096 3.3097689151763916
4.075120449066162 3.902653455734253 3.6114137172698975
2.7506134510040283 2.510698080062866 2.027240753173828
1.0889272689819336 1.09725821018219 1.0663822889328003
1.576786756515503 1.2586666345596313 0.9906578063964844
2.1751902103424072 1.900149941444397 1.6184568405151367
2.002453565597534 1.84022855758667 1.4357043504714966
1.4307584762573242 1.5022180080413818 1.5320395231246948
1.8801673650741577 1.9327775239944458 1.7776565551757812
3.455367088317871 3.5570082664489746 3.453235626220703
2.7648115158081055 2.830850124359131 2.485356330871582
2.459580898284912 2.5614447593688965 2.3368701934814453
3.081019639968872 2.9634413719177246 2.474175453186035
2.6367814540863037 2.7026703357696533 2.263446092605591
3.5499229431152344 3.705052614212036 3.5609121322631836
1.70477294921875 1.7320994138717651 1.546859622001648
2.2806737422943115 2.344247341156006 2.048854112625122
1.773716926574707 1.5268157720565796 1.1621801853179932
1.5733941793441772 1.3374254703521729 1.0595706701278687
0.8821077942848206 0.7843455076217651 0.7058628797531128
1.2847528457641602 1.0156763792037964 0.8284851908683777
2.016317367553711 1.7255475521087646 1.330876111984253
2.814891815185547 2.351377248764038 1.9323554039001465
2.3865673542022705 1.8665354251861572 1.4444830417633057
2.2714695930480957 1.6767464876174927 1.313746690750122
1.7629412412643433 1.302793025970459 0.986278772354126
1.3702495098114014 1.0499683618545532 0.8576583862304688
1.7780343294143677 1.5694186687469482 1.2912566661834717
2.4850895404815674 2.118411064147949 1.7064772844314575
3.852510929107666 3.765065908432007 3.4844179153442383
4.178578853607178 3.9809412956237793 3.666525363922119
2.637510061264038 2.345024824142456 2.0196731090545654
3.502218723297119 3.2709662914276123 2.9624924659729004
3.1211140155792236 2.5902254581451416 2.152160406112671
1.8855170011520386 1.7553377151489258 1.3971248865127563
0.9198271632194519 0.9054402112960815 0.9101155996322632
1.5097824335098267 1.4649035930633545 1.3305583000183105
1.5302057266235352 1.589361310005188 1.5243579149246216
3.1996653079986572 3.3498756885528564 3.320200204849243
2.2193422317504883 2.313530445098877 2.148616075515747
2.2571020126342773 2.241413116455078 1.7730306386947632
3.935150623321533 3.9520814418792725 3.8314664363861084
3.7586710453033447 3.8099193572998047 3.655102252960205
3.7468082904815674 3.640111207962036 3.222006320953369
3.434117317199707 3.3748910427093506 2.913381338119507
3.22922420501709 3.1791434288024902 2.6451520919799805
2.944770574569702 2.9083712100982666 2.4328131675720215
3.581209659576416 3.490463972091675 3.096750497817993
3.379662036895752 3.3868799209594727 3.1071879863739014
2.1116905212402344 2.19498872756958 2.000371217727661
2.167379379272461 1.9584336280822754 1.5548887252807617
2.6892518997192383 2.3447158336639404 1.8072919845581055
1.5100151300430298 1.566924810409546 1.4990135431289673
2.2954635620117188 2.230816125869751 1.8817949295043945
2.4371023178100586 2.4186530113220215 2.1859657764434814
1.9727822542190552 2.0030429363250732 1.6756340265274048
2.0074820518493652 1.5824558734893799 1.1849111318588257
1.4839117527008057 1.257714033126831 1.0711623430252075
1.0420022010803223 0.8482049107551575 0.7703426480293274
1.1682660579681396 0.862132728099823 0.7381031513214111
2.591653823852539 2.438981294631958 2.3682785034179688
3.3390631675720215 3.3726351261138916 3.182910919189453
2.1715221405029297 2.2010200023651123 1.8159816265106201
1.5671905279159546 1.296073317527771 1.1044433116912842
2.8685805797576904 2.192903757095337 1.747496247291565
1.9125326871871948 1.5765602588653564 1.2617570161819458
1.26737642288208 1.1556090116500854 1.053405523300171
1.2025052309036255 0.943618893623352 0.7830963730812073
2.1083052158355713 1.6219531297683716 1.2268215417861938
1.3474786281585693 1.3861539363861084 1.3570325374603271
3.0657999515533447 3.18125057220459 3.088873863220215
2.357225179672241 2.3889384269714355 2.2470381259918213
2.326465129852295 2.0992114543914795 1.536022424697876
4.169965744018555 4.155844688415527 3.9217147827148438
3.944906711578369 3.8905818462371826 3.637028694152832
3.9825828075408936 4.050602436065674 3.9572629928588867
3.775937557220459 3.758023738861084 3.507999897003174
2.281775951385498 2.3443527221679688 1.80321204662323
2.0196268558502197 2.077277183532715 1.5939990282058716
4.059476852416992 3.99220871925354 3.785965919494629
3.846264123916626 3.7809157371520996 3.546140670776367
2.706172227859497 2.708613157272339 2.406028985977173
3.147794246673584 3.0567047595977783 2.615316390991211
3.581533908843994 3.324510097503662 2.831432342529297
3.5510776042938232 3.5578200817108154 3.404729127883911
3.7928876876831055 3.613050699234009 3.134976625442505
2.1878395080566406 1.8784425258636475 1.4411773681640625
2.6999857425689697 2.1568806171417236 1.6880570650100708
1.7891299724578857 1.6209100484848022 1.4503498077392578
2.9102745056152344 2.5389504432678223 1.9564515352249146
1.8606219291687012 1.767903447151184 1.6990773677825928
1.1574904918670654 1.178660273551941 1.215386152267456
1.564899206161499 1.0976123809814453 0.8275827169418335
3.589888095855713 3.059417724609375 2.5953023433685303
3.5653810501098633 2.964550733566284 2.45436954498291
2.180619478225708 1.8835853338241577 1.5062005519866943
2.3137550354003906 1.7701830863952637 1.369104266166687
1.2580519914627075 1.0370804071426392 0.8776458501815796
0.7033634185791016 0.5820148587226868 0.5465695858001709
1.0710153579711914 0.8199383616447449 0.6958888173103333
1.4142261743545532 1.127569556236267 0.9221360683441162
1.4772800207138062 1.30905020236969 1.1902382373809814
1.665608525276184 1.5523550510406494 1.1989004611968994
1.7251235246658325 1.7685290575027466 1.7067335844039917
1.7273257970809937 1.6066311597824097 1.3833563327789307
2.9018235206604004 2.982456684112549 2.6764001846313477
3.584263801574707 3.4637444019317627 3.0392544269561768
2.6952130794525146 2.5067713260650635 1.9290688037872314
3.0872855186462402 3.141294240951538 2.6813642978668213
2.6132030487060547 2.6743438243865967 2.089193820953369
1.4490454196929932 1.3823277950286865 1.1597840785980225
3.7818634510040283 3.7015202045440674 3.321911334991455
2.5732083320617676 2.4014015197753906 1.8975868225097656
2.7708723545074463 2.4943549633026123 2.023193359375
2.91262149810791 2.853729009628296 2.3241097927093506
3.147304058074951 3.1241564750671387 2.930356502532959
3.3361623287200928 3.103003978729248 2.6357977390289307
3.6239826679229736 3.448673725128174 3.0183966159820557
3.2542941570281982 3.0874547958374023 2.4486637115478516
2.8741648197174072 2.234205722808838 1.6790740489959717
1.6386427879333496 1.4416223764419556 1.2547578811645508
1.9703670740127563 1.3963382244110107 1.046946406364441
2.553539276123047 2.3717973232269287 1.8043750524520874
3.2383151054382324 3.090616464614868 2.8297278881073
2.2497239112854004 1.565445899963379 1.1532833576202393
3.251038074493408 2.551131248474121 2.02854323387146
3.741814613342285 3.352125883102417 2.8928589820861816
2.589167833328247 1.949384093284607 1.4609605073928833
1.6382862329483032 1.402173399925232 1.2353819608688354
1.0784187316894531 0.9993143081665039 0.9478897452354431
0.8742541074752808 0.8154844641685486 0.8045943975448608
0.7626230120658875 0.6930426955223083 0.6737863421440125
1.29301118850708 1.2719742059707642 1.1541528701782227
1.7738916873931885 1.4456478357315063 1.054915428161621
1.8315284252166748 1.7205193042755127 1.3790229558944702
1.9382364749908447 1.9377206563949585 1.6119927167892456
2.376746654510498 2.477973699569702 2.024658441543579
3.6577401161193848 3.73876953125 3.591308116912842
3.325573444366455 3.3483402729034424 2.974374771118164
2.949845314025879 2.8125545978546143 2.2851483821868896
2.0440495014190674 1.8942856788635254 1.419862985610962
1.2296661138534546 1.172914743423462 1.0293232202529907
1.1086050271987915 0.9653729200363159 0.8480319380760193
3.4109106063842773 3.245713472366333 2.76385498046875
1.904586672782898 1.8629206418991089 1.4189308881759644
2.3063628673553467 2.014512538909912 1.507595181465149
1.3907527923583984 1.1743731498718262 0.9596048593521118
2.3913209438323975 2.197120189666748 1.6539332866668701
3.2306127548217773 2.8006513118743896 2.1939122676849365
2.1260225772857666 2.144996404647827 1.6121177673339844
1.9565613269805908 1.9723422527313232 1.8853240013122559
1.3502863645553589 1.330419659614563 1.2641817331314087
2.0225706100463867 1.6957621574401855 1.450070858001709
2.4091320037841797 2.0574045181274414 1.6311908960342407
3.0114071369171143 2.782318115234375 2.3459982872009277
2.3196444511413574 2.316179037094116 2.239112138748169
1.0534497499465942 0.7465324401855469 0.6138935089111328
3.0088703632354736 3.0176005363464355 2.5846951007843018
3.990933895111084 3.709702253341675 3.3091037273406982
2.4647295475006104 2.1786153316497803 1.8770992755889893
1.1091022491455078 0.9003036618232727 0.8261858820915222
0.8707299828529358 0.7200736403465271 0.682007372379303
1.5572447776794434 1.1345616579055786 0.8963225483894348
1.8761194944381714 1.5502527952194214 1.1227692365646362
3.6720783710479736 3.673541784286499 3.422804832458496
3.4306535720825195 3.2788422107696533 2.736978530883789
4.1642327308654785 4.0836262702941895 3.7597641944885254
4.015255928039551 4.0477519035339355 3.910196542739868
3.5832223892211914 3.327761173248291 2.8077917098999023
3.6115975379943848 3.6073100566864014 3.349618911743164
4.307620525360107 4.3499650955200195 4.251540184020996
3.27396297454834 3.3893942832946777 3.1979761123657227
3.43398118019104 3.5667080879211426 3.4084975719451904
2.740189790725708 2.7682130336761475 2.348191499710083
2.097801923751831 2.2001144886016846 1.8103551864624023
2.7154908180236816 2.670931816101074 2.156087875366211
1.0889132022857666 0.9628416299819946 0.847967803478241
1.2435240745544434 1.105167031288147 0.9385597109794617
1.0576422214508057 0.8723078966140747 0.7594684362411499
1.6806005239486694 1.5784105062484741 1.2968800067901611
1.7413464784622192 1.4217321872711182 1.0133657455444336
1.514612078666687 1.4147653579711914 1.2316808700561523
1.0461207628250122 1.0142267942428589 0.9606484174728394
0.8612204194068909 0.7088145613670349 0.6235308051109314
1.272646427154541 0.8854438662528992 0.7404122948646545
1.7373857498168945 1.2190241813659668 0.8782967925071716
1.3579766750335693 1.156321406364441 0.9917348623275757
0.7396857738494873 0.7101739645004272 0.7031666040420532
0.8531796336174011 0.6361124515533447 0.5553022623062134
1.38674795627594 0.9661988019943237 0.7831247448921204
3.692312240600586 3.5403146743774414 3.239971160888672
2.253032684326172 1.951521396636963 1.6422052383422852
1.2049338817596436 0.872633695602417 0.7060490846633911
0.7802501916885376 0.6294983625411987 0.6082941293716431
2.1689724922180176 1.5641679763793945 1.112763524055481
2.7845005989074707 2.11352276802063 1.6344308853149414
2.7279109954833984 2.6951358318328857 2.2033023834228516
3.216649293899536 3.190993070602417 2.6879754066467285
3.689819097518921 3.5872445106506348 3.1244099140167236
3.893162250518799 3.8341705799102783 3.5089497566223145
3.210495948791504 3.199606418609619 2.8865418434143066
4.09614372253418 3.897913694381714 3.4617605209350586
3.844001531600952 3.8712706565856934 3.6857385635375977
4.117298126220703 4.168417453765869 4.050540447235107
3.9331576824188232 3.9987988471984863 3.8548989295959473
3.8431077003479004 3.827418088912964 3.554978609085083
3.7005491256713867 3.7021501064300537 3.400825262069702
3.0134499073028564 2.9471912384033203 2.4834275245666504
2.384401321411133 2.2980899810791016 1.8251043558120728
1.8201252222061157 1.6755338907241821 1.2853336334228516
1.3769769668579102 1.2777725458145142 1.1271730661392212
3.735259532928467 3.4036474227905273 2.894695997238159
1.5815002918243408 1.2607330083847046 0.9697740077972412
1.9653955698013306 1.5642081499099731 1.1391417980194092
0.8795102834701538 0.8009742498397827 0.7497416734695435
0.7964918613433838 0.6060581207275391 0.5343828201293945
0.6408839225769043 0.5262888669967651 0.4836331605911255
0.7653224468231201 0.5638593435287476 0.4924262762069702
0.6901457905769348 0.6070497632026672 0.5797585248947144
0.6690776944160461 0.5318335294723511 0.5158213376998901
0.6106066107749939 0.48799610137939453 0.4803808629512787
1.2853938341140747 1.2673107385635376 1.1297775506973267
3.3824291229248047 3.1775565147399902 2.717616081237793
2.15024471282959 1.7174054384231567 1.3370378017425537
2.036653518676758 1.4121168851852417 1.080567717552185
1.5223618745803833 1.0095930099487305 0.7566226720809937
2.3764166831970215 1.6873154640197754 1.1847093105316162
3.2575786113739014 2.688591480255127 2.17923641204834
3.321946144104004 3.00209641456604 2.5483081340789795
3.9257543087005615 3.653716564178467 3.126854181289673
3.538158893585205 3.227977752685547 2.6230719089508057
3.8504858016967773 3.5205078125 2.969935894012451
3.5113327503204346 3.5336086750030518 3.268521308898926
3.9187490940093994 3.727710485458374 3.2289180755615234
3.9647679328918457 3.8204946517944336 3.3538637161254883
4.257469654083252 4.224636077880859 3.9104151725769043
4.273137092590332 4.277261257171631 4.092597961425781
4.092163562774658 4.021140098571777 3.6985528469085693
4.166812896728516 4.1335768699646 3.876835823059082
3.665806293487549 3.5743727684020996 3.2449095249176025
3.359635829925537 3.2990503311157227 3.009699821472168
3.7433958053588867 3.7212183475494385 3.459754228591919
3.9759607315063477 3.894836664199829 3.6646969318389893
4.16670560836792 4.100972652435303 3.9478073120117188
4.2671918869018555 4.175640106201172 3.964751720428467
3.996901273727417 3.730112314224243 3.272710084915161
2.333059549331665 1.6523667573928833 1.1863107681274414
1.1293445825576782 0.9845651984214783 0.8425344228744507
2.756054162979126 2.6375842094421387 2.2448010444641113
1.167845606803894 1.11496901512146 1.0630128383636475
1.4966994524002075 1.525999665260315 1.4398447275161743
0.933359682559967 0.7674835920333862 0.6946497559547424
1.1182403564453125 0.8282079100608826 0.6747180223464966
1.6649278402328491 1.5948762893676758 1.4255813360214233
2.8719918727874756 2.393955945968628 1.9185104370117188
3.127096176147461 2.416459798812866 1.936820387840271
2.477827548980713 1.8360811471939087 1.3081161975860596
1.0168577432632446 0.7639319896697998 0.6611854434013367
1.3209972381591797 1.050916075706482 0.8337919116020203
3.1037306785583496 2.9622437953948975 2.407162666320801
3.9635844230651855 3.8281784057617188 3.4345154762268066
3.4804868698120117 3.108293294906616 2.5061824321746826
3.395291328430176 2.8541886806488037 2.256225347518921
3.5864176750183105 3.446708917617798 3.00221848487854
2.855295181274414 2.863619327545166 2.1749916076660156
3.690934419631958 3.488333225250244 2.857172727584839
4.156954288482666 4.105522155761719 3.7772610187530518
4.388395309448242 4.408697128295898 4.247399806976318
4.069110870361328 3.958402156829834 3.5767440795898438
3.9064605236053467 3.7492566108703613 3.2674529552459717
3.6612472534179688 3.603433609008789 3.2110509872436523
3.6690096855163574 3.5490448474884033 3.0889194011688232
3.6017067432403564 3.3150808811187744 2.757514715194702
3.8861420154571533 3.7235934734344482 3.300759792327881
3.9057376384735107 3.825673818588257 3.560051441192627
4.143470764160156 4.02301025390625 3.7963709831237793
4.064431190490723 3.968015670776367 3.726019859313965
4.119357109069824 3.930912971496582 3.589949369430542
3.4803502559661865 3.4540562629699707 3.2423057556152344
2.64750599861145 2.1790034770965576 1.5941187143325806
3.620692014694214 3.564101457595825 3.3237409591674805
3.7438735961914062 3.676924467086792 3.419299364089966
2.232330560684204 2.3074285984039307 2.16782283782959
0.7477629780769348 0.6639702916145325 0.6542898416519165
0.9794735908508301 0.9286779165267944 0.8928694725036621
1.5602481365203857 1.1818336248397827 0.9795539975166321
1.8508682250976562 1.3971529006958008 1.1457816362380981
2.7833163738250732 2.056776285171509 1.528488039970398
1.7567307949066162 1.1873399019241333 0.8408544063568115
1.2248245477676392 0.9136803150177002 0.7215094566345215
1.6448384523391724 1.287257194519043 1.0592175722122192
3.632293224334717 3.2712128162384033 2.694706678390503
3.7855451107025146 3.475801944732666 2.9384117126464844
3.729128122329712 3.346343994140625 2.7835142612457275
3.7924487590789795 3.677903413772583 3.2442638874053955
3.9983749389648438 3.9438860416412354 3.622128963470459
3.09775972366333 3.055710792541504 2.461836814880371
3.2754385471343994 3.149487257003784 2.472249984741211
3.8314688205718994 3.6658215522766113 3.15824818611145
3.934467077255249 3.906789779663086 3.624391794204712
3.961948871612549 3.864835739135742 3.4251084327697754
3.6731393337249756 3.543423891067505 3.034428358078003
3.426281213760376 3.3786003589630127 2.911571502685547
3.3265457153320312 3.1299068927764893 2.5842888355255127
3.4962925910949707 3.169842481613159 2.675140857696533
3.629901885986328 3.418667793273926 2.9445464611053467
3.8200113773345947 3.641277313232422 3.256904125213623
3.8551387786865234 3.606368064880371 3.100965738296509
3.964346170425415 3.784172773361206 3.3912835121154785
3.7928693294525146 3.7538111209869385 3.494281768798828
2.9801008701324463 2.861112594604492 2.1245713233947754
2.550337314605713 2.5276918411254883 2.0082995891571045
3.932431936264038 3.8195672035217285 3.508241653442383
3.957742929458618 3.872218370437622 3.6407761573791504
2.0247983932495117 2.043067216873169 1.9004253149032593
0.8914875984191895 0.863530695438385 0.8144267797470093
1.173649787902832 0.9975302815437317 0.8729425668716431
1.8577096462249756 1.313788652420044 0.9635974168777466
2.4125559329986572 2.1159932613372803 1.596184253692627
1.2130334377288818 1.060211420059204 0.9595614075660706
1.3997386693954468 1.1676026582717896 1.0064524412155151
1.790331482887268 1.5526158809661865 1.3233853578567505
1.9096676111221313 1.3233729600906372 0.9491447806358337
2.947354793548584 2.3531529903411865 1.826149582862854
3.119802474975586 2.5909693241119385 2.0081188678741455
3.5075886249542236 3.421143054962158 2.845778703689575
3.71474289894104 3.5903031826019287 3.0326931476593018
3.7799506187438965 3.7436819076538086 3.392117977142334
3.038302183151245 2.9619715213775635 2.3185551166534424
3.0154519081115723 2.570181131362915 1.8928850889205933
3.451228380203247 3.4645192623138428 3.124837875366211
3.8313887119293213 3.7785253524780273 3.482884168624878
3.7569823265075684 3.685509443283081 3.310455083847046
3.3351266384124756 3.3144490718841553 2.723276376724243
3.536316394805908 3.515437364578247 3.109356164932251
3.1995534896850586 3.09666109085083 2.614856481552124
3.33842396736145 3.2277228832244873 2.783224582672119
3.512888193130493 3.361633062362671 2.8962953090667725
3.4762868881225586 3.4415152072906494 3.089022397994995
3.734774112701416 3.5119831562042236 2.978355884552002
3.705378532409668 3.337454319000244 2.814103364944458
3.541560173034668 3.1893482208251953 2.6311194896698
2.537606716156006 1.9557791948318481 1.4355998039245605
1.9258067607879639 1.3661786317825317 0.9607847332954407
3.639097213745117 3.365569829940796 2.9541218280792236
3.8585681915283203 3.670985221862793 3.1829652786254883
1.4234813451766968 1.4421838521957397 1.3428850173950195
1.4377909898757935 1.0330941677093506 0.8419440388679504
1.9648818969726562 1.9045604467391968 1.7548073530197144
1.580277442932129 1.35256028175354 1.1423207521438599
1.9751163721084595 1.6698064804077148 1.329142689704895
1.1103878021240234 0.8099220395088196 0.6382754445075989
1.3379600048065186 0.9373641610145569 0.6933229565620422
2.5809266567230225 2.5180294513702393 2.0521774291992188
2.9528324604034424 2.7958014011383057 2.0740084648132324
3.178647756576538 2.951915979385376 2.3023581504821777
2.6499717235565186 2.0065689086914062 1.4668148756027222
3.3676984310150146 3.007120132446289 2.33913254737854
3.4740891456604004 3.1841561794281006 2.5957069396972656
3.6976969242095947 3.6216182708740234 3.232959747314453
2.7209911346435547 2.385369300842285 1.7574025392532349
2.718632936477661 2.6660046577453613 2.154195785522461
3.5558371543884277 3.4204297065734863 2.906972885131836
3.7641046047210693 3.6083498001098633 3.123009443283081
3.4384872913360596 3.2936887741088867 2.604043483734131
3.1571946144104004 3.1321816444396973 2.555938243865967
3.2400400638580322 3.222506284713745 2.6813173294067383
3.2061264514923096 3.19856333732605 2.7201881408691406
3.1143875122070312 3.012152671813965 2.4571990966796875
3.322108030319214 3.127786874771118 2.443906784057617
3.294238328933716 2.982879161834717 2.323477268218994
3.416002035140991 3.247983932495117 2.6634650230407715
3.5247154235839844 3.057751417160034 2.4626502990722656
3.041494131088257 2.4770917892456055 1.8815163373947144
0.9771167039871216 0.8110054135322571 0.7206203937530518
2.1204965114593506 1.5894218683242798 1.2082970142364502
3.1542582511901855 3.0278587341308594 2.4023349285125732
3.3338446617126465 3.256878137588501 2.932837963104248
1.6443464756011963 1.6726493835449219 1.6168315410614014
0.8971815705299377 0.6557410955429077 0.5312185287475586
2.4288699626922607 2.416179656982422 1.8736997842788696
2.0185165405273438 1.7769689559936523 1.576636552810669
2.4818973541259766 2.49588942527771 2.3965835571289062
0.6390289068222046 0.5278600454330444 0.5163164138793945
0.8719509243965149 0.6917130351066589 0.6268075108528137
3.147136926651001 3.1419577598571777 2.8151655197143555
3.640822649002075 3.5529730319976807 3.0889456272125244
3.5073390007019043 3.5380373001098633 3.198768138885498
2.6825571060180664 2.7016942501068115 2.530689239501953
3.133294105529785 3.1357192993164062 2.5963563919067383
3.221412420272827 2.81835675239563 2.1319286823272705
3.641071319580078 3.460731029510498 2.911837577819824
2.7324538230895996 2.2709386348724365 1.6694172620773315
3.1859042644500732 3.1785213947296143 2.652780055999756
3.367907762527466 3.38299298286438 3.005103588104248
3.5480222702026367 3.373192310333252 2.740320920944214
3.067235231399536 2.837411642074585 2.133467435836792
2.7811362743377686 2.6769704818725586 1.945528268814087
3.073026418685913 3.036046028137207 2.3374645709991455
2.9869120121002197 2.903968334197998 2.297675848007202
3.1258716583251953 3.0079193115234375 2.2896037101745605
2.66469144821167 2.5882747173309326 1.969804048538208
3.0761749744415283 2.8576953411102295 2.156890869140625
3.1228537559509277 2.671297550201416 1.9985204935073853
2.84437894821167 2.3346848487854004 1.7346549034118652
1.6283793449401855 1.1969248056411743 0.8636261820793152
1.0187729597091675 0.7237685918807983 0.5961615443229675
1.2063748836517334 0.868091344833374 0.7176002860069275
3.395130157470703 2.906484842300415 2.2795205116271973
2.944226026535034 2.813079357147217 2.5550925731658936
1.7880488634109497 1.5074797868728638 1.272704005241394
2.1616034507751465 2.1263604164123535 1.5654311180114746
2.9455883502960205 2.9031729698181152 2.270047426223755
2.295361280441284 1.7980948686599731 1.4315812587738037
2.1056439876556396 1.438057541847229 1.0198177099227905
1.5859181880950928 1.090216040611267 0.7810046672821045
1.7178478240966797 1.7028744220733643 1.5776727199554443
3.3711886405944824 3.3061513900756836 2.921598196029663
2.978619337081909 2.9793474674224854 2.775663137435913
2.9631235599517822 2.7681009769439697 2.234839677810669
2.9575204849243164 2.9169399738311768 2.47987961769104
2.430370330810547 2.360719680786133 2.0034737586975098
2.250685453414917 2.2429449558258057 1.8404171466827393
2.682864189147949 2.684818983078003 1.9752569198608398
2.796351909637451 2.8399858474731445 2.43173885345459
3.274979829788208 3.3019614219665527 2.798217296600342
3.405606985092163 3.3306405544281006 2.783884286880493
3.005721092224121 3.0622878074645996 2.598886013031006
3.014810800552368 2.9408228397369385 2.1768393516540527
3.2218852043151855 3.0666823387145996 2.367405652999878
2.8472564220428467 2.8204188346862793 2.1094374656677246
2.7774386405944824 2.640040159225464 2.015639543533325
2.8783626556396484 2.8139712810516357 2.2820849418640137
2.0242159366607666 1.918682336807251 1.4469715356826782
2.4624838829040527 2.489248275756836 2.2366063594818115
2.3530962467193604 2.160660743713379 1.6442923545837402
2.258341073989868 1.8650554418563843 1.3650537729263306
0.7896474599838257 0.6963865160942078 0.6267428398132324
1.386027216911316 0.9781902432441711 0.7591540813446045
2.433884620666504 1.8626527786254883 1.3082513809204102
3.469346761703491 3.4062767028808594 2.948613405227661
2.6821606159210205 2.6260275840759277 2.4201197624206543
2.2269883155822754 2.1885876655578613 2.028019905090332
3.717038631439209 3.598271131515503 3.1028215885162354
3.5317130088806152 3.204838752746582 2.5174615383148193
2.570070743560791 1.9098647832870483 1.346168041229248
3.0059518814086914 2.3874213695526123 1.7051711082458496
2.060879945755005 2.0935752391815186 1.9856983423233032
1.3088003396987915 1.3086243867874146 1.2306150197982788
3.226839303970337 3.1434836387634277 2.5838685035705566
3.1266541481018066 3.021916627883911 2.4619646072387695
2.7318289279937744 2.5837152004241943 2.106050968170166
2.2144925594329834 2.022763252258301 1.5965267419815063
1.99928879737854 1.4958561658859253 1.0467125177383423
2.4160349369049072 1.8492692708969116 1.3001863956451416
2.6606462001800537 2.127310037612915 1.5765446424484253
3.5288634300231934 3.328899383544922 2.7037220001220703
3.4262750148773193 3.1063315868377686 2.4689486026763916
2.950672149658203 2.976914167404175 2.452801465988159
3.139289379119873 3.0578479766845703 2.524524688720703
2.613023281097412 2.571821451187134 2.0534772872924805
3.0063796043395996 2.942589044570923 2.382014751434326
3.3041326999664307 3.1855030059814453 2.5285866260528564
2.579075813293457 2.5011439323425293 1.9514274597167969
2.123056650161743 2.02056884765625 1.5431849956512451
2.9114627838134766 2.8018505573272705 2.1126039028167725
2.6638834476470947 2.275860548019409 1.6455618143081665
3.3227529525756836 3.0717787742614746 2.4001219272613525
2.916865825653076 2.5221354961395264 1.8054800033569336
1.5182584524154663 1.3291510343551636 1.1228458881378174
2.086749315261841 1.5091522932052612 1.0443601608276367
2.6825411319732666 2.048675537109375 1.4412195682525635
3.629474639892578 3.316845178604126 2.7337324619293213
3.076140880584717 3.0304067134857178 2.691181182861328
3.4632928371429443 3.089107036590576 2.3999485969543457
3.7635703086853027 3.678144693374634 3.2524302005767822
3.4247307777404785 3.2781360149383545 2.713416576385498
2.776515245437622 2.7195985317230225 2.117003917694092
2.8298535346984863 2.233872652053833 1.6465038061141968
2.3347067832946777 2.314455986022949 1.9246501922607422
3.102349042892456 2.6159961223602295 1.9124767780303955
3.5247421264648438 3.2537126541137695 2.6151480674743652
3.547450065612793 3.416684150695801 2.843090772628784
2.4077446460723877 2.1250531673431396 1.6420965194702148
2.076033353805542 1.8750743865966797 1.535976767539978
2.2140417098999023 1.7936012744903564 1.2375749349594116
2.446293830871582 2.0926716327667236 1.524053931236267
2.8016300201416016 2.7829840183258057 2.19844651222229
3.344046115875244 3.2638132572174072 2.69930100440979
3.1807925701141357 3.024505853652954 2.3143482208251953
2.7452750205993652 2.7895538806915283 2.2993252277374268
2.9709010124206543 2.7991697788238525 2.0542216300964355
2.849804401397705 2.5684196949005127 1.8509597778320312
2.4996209144592285 2.575798749923706 2.1047933101654053
2.9104623794555664 2.8513011932373047 2.2774624824523926
2.4845151901245117 2.2712604999542236 1.6922370195388794
2.148836135864258 2.131859064102173 1.7838687896728516
1.8388019800186157 1.797405481338501 1.4878488779067993
2.4764885902404785 2.0667614936828613 1.4555472135543823
3.2183008193969727 2.990670919418335 2.259336233139038
2.287172794342041 1.6718941926956177 1.1779747009277344
1.4072387218475342 1.1381474733352661 0.8960450887680054
1.817924976348877 1.8367576599121094 1.6345977783203125
3.068800449371338 2.645388126373291 1.950561761856079
3.2407264709472656 2.88564395904541 2.1457860469818115
2.989274501800537 2.861191749572754 2.1306092739105225
3.288463830947876 3.168246269226074 2.560087203979492
3.740868091583252 3.507291078567505 2.9690258502960205
3.5503811836242676 3.471996307373047 3.072606086730957
2.937580108642578 2.6218531131744385 1.8819352388381958
2.4811058044433594 2.438413143157959 2.1558115482330322
3.093151092529297 3.0520222187042236 2.319150686264038
2.8536980152130127 2.3745696544647217 1.7073999643325806
3.3990588188171387 3.1824827194213867 2.5680458545684814
3.350621461868286 3.0699923038482666 2.421208620071411
2.814387559890747 2.7516918182373047 2.0130374431610107
2.269657850265503 1.6695680618286133 1.1629607677459717
1.755423665046692 1.417801022529602 1.1078081130981445
1.7467029094696045 1.3289328813552856 0.9718654155731201
2.5704293251037598 2.585458517074585 2.293588876724243
3.2912635803222656 3.197688579559326 2.5950284004211426
3.0975446701049805 2.933974266052246 2.1952338218688965
2.780900001525879 2.756768226623535 2.1123807430267334
2.5989253520965576 2.5504815578460693 1.8784139156341553
2.110974073410034 2.106926441192627 1.7125009298324585
2.3867032527923584 2.3213374614715576 1.8779655694961548
2.7898921966552734 2.7000179290771484 2.0399062633514404
2.8221991062164307 2.7120423316955566 2.2323389053344727
2.304765462875366 2.275996446609497 1.9032680988311768
1.982369065284729 1.9702935218811035 1.6950914859771729
3.2160534858703613 3.0991737842559814 2.5663576126098633
2.15004825592041 1.8508353233337402 1.2838106155395508
1.6698046922683716 1.6501048803329468 1.3881335258483887
1.0028259754180908 0.9327914118766785 0.830001950263977
2.6056618690490723 2.462947130203247 1.839412808418274
2.073662757873535 2.0730738639831543 1.7698556184768677
2.8076798915863037 2.71103572845459 2.1566481590270996
1.9699980020523071 1.4972503185272217 1.1247905492782593
3.266913890838623 3.200309991836548 2.6963999271392822
3.6256349086761475 3.4095377922058105 2.822131633758545
3.2277636528015137 2.8356587886810303 2.1561365127563477
2.847013235092163 2.8212850093841553 2.274719476699829
2.7257728576660156 2.5785303115844727 1.9037235975265503
2.375795602798462 1.7571510076522827 1.218094825744629
2.6511435508728027 2.4771218299865723 1.7932692766189575
3.0837364196777344 2.8207576274871826 2.0592918395996094
3.201824188232422 2.9740149974823 2.2507002353668213
2.9596121311187744 2.908687114715576 2.2035281658172607
2.661914587020874 2.269627571105957 1.5863474607467651
2.0046684741973877 1.6460795402526855 1.310805082321167
2.4834659099578857 2.056565761566162 1.3945889472961426
3.086937427520752 2.986661195755005 2.3707056045532227
3.2271900177001953 3.0959761142730713 2.4267842769622803
3.086338520050049 2.876185655593872 2.14347505569458
2.9687840938568115 2.7136611938476562 1.9937809705734253
2.570143938064575 2.337423324584961 1.6778565645217896
2.4157893657684326 2.1516356468200684 1.5182757377624512
2.3775179386138916 2.310265064239502 1.6893668174743652
2.7066338062286377 2.6190733909606934 1.9835665225982666
3.341874837875366 3.217984914779663 2.6161890029907227
2.495453357696533 2.3988099098205566 1.8075261116027832
2.466968297958374 2.379274845123291 2.013199806213379
3.052215576171875 2.9611587524414062 2.4395203590393066
1.7258527278900146 1.3832213878631592 1.028130292892456
1.9886884689331055 1.670660138130188 1.1771903038024902
1.221421241760254 1.1406611204147339 1.0071511268615723
0.9539945125579834 0.7308326959609985 0.6044222712516785
1.8499654531478882 1.5697953701019287 1.0935734510421753
2.747382879257202 2.197394371032715 1.6031252145767212
2.6459436416625977 2.637489080429077 2.106194496154785
3.50105357170105 3.2357609272003174 2.6165919303894043
2.3647289276123047 2.267961025238037 1.8181265592575073
3.3094305992126465 3.05407977104187 2.3456437587738037
2.231215476989746 1.9602453708648682 1.529776692390442
1.9514625072479248 1.8412556648254395 1.4677373170852661
0.9931697845458984 0.7246946692466736 0.6077783107757568
2.4210050106048584 1.9665937423706055 1.354709506034851
2.4998321533203125 2.35738205909729 1.7580163478851318
2.2677619457244873 2.2417237758636475 1.7450346946716309
2.5554466247558594 2.5477488040924072 2.0104658603668213
2.076007843017578 1.5785754919052124 1.1376538276672363
1.9714748859405518 1.9818133115768433 1.8009480237960815
2.3106913566589355 1.976475477218628 1.498768925666809
2.8669450283050537 2.5840022563934326 1.8937780857086182
2.93387770652771 2.8619697093963623 2.193467378616333
2.633108615875244 2.648573637008667 2.0829246044158936
2.2840075492858887 2.2485711574554443 1.8941473960876465
2.4365813732147217 2.5024540424346924 2.0173215866088867
2.696453332901001 2.4503369331359863 1.7909733057022095
2.524197816848755 2.481081485748291 1.7767850160598755
2.505821466445923 2.4778029918670654 1.9035922288894653
3.1685657501220703 3.016636610031128 2.3972954750061035
2.7602474689483643 2.640498638153076 2.025958776473999
2.632143259048462 2.6369361877441406 2.197848320007324
3.102078914642334 2.8927500247955322 2.1703312397003174
2.731945037841797 2.3701260089874268 1.7516355514526367
0.7625328302383423 0.652531087398529 0.5828051567077637
1.1177974939346313 0.9827178716659546 0.8347911834716797
1.1553369760513306 0.8495686054229736 0.6909900903701782
2.478607416152954 2.2930707931518555 1.6165642738342285
2.0317935943603516 1.8669910430908203 1.5534420013427734
1.8246675729751587 1.3705331087112427 0.9665821194648743
2.979569911956787 2.9675302505493164 2.4724128246307373
3.5154783725738525 3.3609778881073 2.8652799129486084
2.396636962890625 2.081692695617676 1.4787636995315552
2.118007183074951 1.7282302379608154 1.2141937017440796
1.2177791595458984 1.120178461074829 0.9872362017631531
0.7129204273223877 0.6101093292236328 0.5864070653915405
1.515810251235962 1.2998138666152954 1.0582959651947021
2.5497028827667236 2.2016797065734863 1.5446417331695557
1.8469330072402954 1.6904774904251099 1.3216201066970825
1.8050446510314941 1.7897326946258545 1.5405007600784302
1.762028694152832 1.531600832939148 1.24161958694458
1.2872810363769531 1.1554903984069824 1.0010740756988525
2.1963443756103516 1.7608343362808228 1.309936761856079
2.392270803451538 2.3985958099365234 1.882676601409912
2.701747179031372 2.5163984298706055 1.8670198917388916
2.45082950592041 2.2091896533966064 1.660752773284912
2.2804272174835205 1.9775805473327637 1.3848061561584473
2.198272466659546 2.0769901275634766 1.490264654159546
2.212745428085327 2.2089524269104004 1.6757659912109375
2.042848587036133 1.884430170059204 1.4016927480697632
2.075309991836548 2.0220742225646973 1.5611952543258667
2.283909797668457 2.0679237842559814 1.4579861164093018
2.016082763671875 1.8124171495437622 1.2664366960525513
2.6934921741485596 2.525249719619751 1.9168754816055298
2.8977203369140625 2.677103281021118 2.0122125148773193
2.9371020793914795 2.8255703449249268 2.271751880645752
2.8156661987304688 2.577714681625366 1.862961769104004
0.9316613078117371 0.850228488445282 0.718016505241394
1.2875356674194336 0.9898032546043396 0.7669951915740967
2.3711705207824707 1.9641386270523071 1.380009651184082
0.7070596814155579 0.5961693525314331 0.5351030826568604
0.6457485556602478 0.5310972332954407 0.4833500385284424
2.5907530784606934 2.4963204860687256 2.0615832805633545
3.0967187881469727 2.8539388179779053 2.160447835922241
1.7450916767120361 1.2936384677886963 0.9258267283439636
1.2263630628585815 0.9624660015106201 0.7528712153434753
1.0218751430511475 0.9636140465736389 0.8755738735198975
0.6240497827529907 0.4889122545719147 0.46987655758857727
1.2256159782409668 0.8973761796951294 0.6681628227233887
1.0215110778808594 0.8650348782539368 0.749314546585083
1.192624568939209 1.0072957277297974 0.8210451006889343
1.4610142707824707 1.169472098350525 0.9101567268371582
0.9148662090301514 0.8142735362052917 0.7961405515670776
1.413705825805664 1.4848295450210571 1.2735224962234497
2.142984628677368 2.1417980194091797 1.8314460515975952
1.6090071201324463 1.2334115505218506 0.8872501850128174
1.9466183185577393 1.559374213218689 1.11081862449646
1.9496644735336304 1.9606167078018188 1.4889811277389526
2.057779550552368 1.7481472492218018 1.2210527658462524
1.629240870475769 1.5206713676452637 1.1563230752944946
1.7216205596923828 1.6957550048828125 1.4180110692977905
1.8409720659255981 1.6200764179229736 1.2134381532669067
1.8640142679214478 1.783582091331482 1.3536453247070312
1.6567628383636475 1.5139261484146118 1.2111304998397827
1.8832783699035645 1.6806232929229736 1.1803919076919556
2.1962993144989014 2.1692636013031006 1.6580559015274048
2.42323899269104 2.210287094116211 1.6182606220245361
2.043973922729492 2.049471855163574 1.628875494003296
2.314059257507324 2.3134212493896484 1.9317375421524048
1.0994073152542114 1.081801176071167 0.9467357397079468
1.6074070930480957 1.2514742612838745 0.8861411809921265
1.5522792339324951 1.537771224975586 1.3248835802078247
1.7951295375823975 1.446974277496338 1.047674298286438
0.8017856478691101 0.7338440418243408 0.6726976037025452
1.9817839860916138 2.0038645267486572 1.5125044584274292
1.733492374420166 1.6791290044784546 1.3763799667358398
1.534049153327942 1.1942633390426636 0.8613418936729431
1.4265064001083374 1.0846120119094849 0.8226863741874695
1.3095475435256958 1.275740146636963 1.1274631023406982
0.7975882291793823 0.6483929753303528 0.5424164533615112
1.4020843505859375 1.035374641418457 0.7313787341117859
1.8983722925186157 1.4869720935821533 1.0081794261932373
1.5971226692199707 1.6007474660873413 1.3876572847366333
1.6800179481506348 1.3416610956192017 0.9667375087738037
1.1384087800979614 0.8679336905479431 0.6932520270347595
0.7409006953239441 0.6092438101768494 0.5601875185966492
1.0432509183883667 1.01140558719635 0.9368585348129272
0.8088710308074951 0.6689310073852539 0.6128846406936646
1.2606583833694458 0.9676282405853271 0.7616981267929077
1.58573317527771 1.5349854230880737 1.3399207592010498
1.5578858852386475 1.313860297203064 0.9711217880249023
1.3486850261688232 1.100819706916809 0.8431504964828491
1.1381765604019165 0.9445315003395081 0.7467355132102966
1.0507762432098389 0.9836503267288208 0.8835332989692688
1.4904588460922241 1.4138602018356323 1.1984059810638428
1.2998758554458618 1.142803430557251 0.8922742605209351
1.458214282989502 1.295778512954712 0.9831055402755737
1.5572923421859741 1.3631634712219238 1.0638008117675781
1.8174585103988647 1.8255388736724854 1.3730343580245972
1.7789287567138672 1.566409945487976 1.1147866249084473
1.3610832691192627 1.2410527467727661 0.9757769107818604
1.5280709266662598 1.490059494972229 1.1477786302566528
1.9947482347488403 1.8242331743240356 1.3149749040603638
1.3658486604690552 1.326084017753601 1.1457951068878174
0.9672091603279114 0.7890545129776001 0.6254326105117798
1.5774891376495361 1.3381867408752441 1.0003187656402588
2.504666328430176 2.212414026260376 1.5271738767623901
2.213444232940674 2.1674036979675293 1.8180210590362549
2.083759069442749 1.6682419776916504 1.1488409042358398
1.705884575843811 1.5651895999908447 1.2321633100509644
1.5392355918884277 1.4488037824630737 1.2277042865753174
0.8508518934249878 0.8059532046318054 0.7411361932754517
1.7343307733535767 1.4657481908798218 1.0382062196731567
2.3263068199157715 2.1115949153900146 1.5209636688232422
1.985108494758606 1.9064358472824097 1.4628784656524658
1.9208576679229736 1.663074016571045 1.1554661989212036
1.0481749773025513 0.7852463722229004 0.6163764595985413
0.666159987449646 0.5443214178085327 0.5020200610160828
1.014961838722229 0.8905866146087646 0.779003918170929
0.9284080266952515 0.7949605584144592 0.6946089267730713
1.474206566810608 1.1513030529022217 0.844180703163147
1.320150375366211 1.2970234155654907 1.0961872339248657
1.1792975664138794 1.1709554195404053 1.0177843570709229
1.1918503046035767 1.0689047574996948 0.8497370481491089
0.9934648871421814 0.8517058491706848 0.7111201286315918
0.9209557175636292 0.7361636757850647 0.6319521069526672
1.381380558013916 1.281447172164917 0.9790290594100952
1.7619822025299072 1.7122297286987305 1.2900865077972412
1.9636541604995728 1.9350829124450684 1.4390366077423096
2.1710922718048096 1.8992851972579956 1.3658947944641113
2.5665173530578613 2.4676828384399414 1.8421062231063843
2.2321250438690186 2.041541814804077 1.5542062520980835
2.5053021907806396 2.3357255458831787 1.683221459388733
2.295468330383301 2.224181890487671 1.7157469987869263
2.4976720809936523 2.464280128479004 1.9498494863510132
2.1654508113861084 2.0158469676971436 1.4629484415054321
1.323747158050537 1.1452268362045288 0.8983293175697327
1.0551491975784302 0.9362323880195618 0.7618257999420166
1.9074114561080933 1.7771669626235962 1.285426139831543
3.1824538707733154 3.1006665229797363 2.4904720783233643
1.8508856296539307 1.6495636701583862 1.1917405128479004
2.255300521850586 2.1783015727996826 1.6194524765014648
2.0915944576263428 1.9660301208496094 1.4064881801605225
2.0820095539093018 2.0481820106506348 1.6500964164733887
2.431527614593506 2.408731460571289 1.8700590133666992
2.22639799118042 1.932917594909668 1.348368763923645
2.6295111179351807 2.3967909812927246 1.762372612953186
1.3569531440734863 1.2447268962860107 0.9769281148910522
0.8724391460418701 0.7044490575790405 0.5905871391296387
1.1384013891220093 1.1138423681259155 0.9176229238510132
1.7963520288467407 1.5272639989852905 1.0696330070495605
2.1870038509368896 2.0633394718170166 1.5069434642791748
2.390704393386841 2.155956983566284 1.5878483057022095
2.2458341121673584 1.9862947463989258 1.3736698627471924
1.9824833869934082 1.964073657989502 1.6113123893737793
2.401690721511841 2.3367910385131836 1.7152256965637207
1.6194268465042114 1.4675158262252808 1.046189308166504
1.864307165145874 1.8474587202072144 1.4904346466064453
1.6975007057189941 1.6244449615478516 1.2720487117767334
2.7174737453460693 2.583057403564453 2.0061914920806885
3.025007724761963 2.924643039703369 2.2935283184051514
2.8814852237701416 2.738837242126465 2.1219284534454346
2.9717109203338623 2.8221118450164795 2.2018637657165527
3.2743101119995117 3.1173994541168213 2.494666576385498
3.4167428016662598 3.282317638397217 2.700455904006958
3.1403229236602783 2.945967674255371 2.2904751300811768
2.9621334075927734 2.755845308303833 2.109175682067871
2.7207400798797607 2.6134562492370605 2.014749050140381
2.820448875427246 2.6783409118652344 2.0306429862976074
2.6867103576660156 2.4991180896759033 1.8692079782485962
2.4249889850616455 2.2876052856445312 1.745328426361084
3.0737597942352295 2.970442533493042 2.3444650173187256
2.8824424743652344 2.8138813972473145 2.2168731689453125
2.892221450805664 2.7691829204559326 2.127246141433716
3.3185200691223145 3.1774182319641113 2.500352382659912
2.832679033279419 2.6621291637420654 2.0226752758026123
1.8423519134521484 1.7847204208374023 1.3916465044021606
2.7193899154663086 2.5627832412719727 1.949772834777832
2.97255277633667 2.8892464637756348 2.2891671657562256
2.330868721008301 2.219536304473877 1.7112832069396973
1.5891952514648438 1.4372915029525757 1.0835213661193848
2.7469613552093506 2.640467405319214 2.036195755004883
2.8910770416259766 2.7899668216705322 2.1174118518829346
2.5746726989746094 2.4560539722442627 1.8394838571548462
2.4229416847229004 2.3398067951202393 1.7955313920974731
1.9540616273880005 1.863372564315796 1.3433917760849
1.431232213973999 1.3881102800369263 1.1444288492202759
1.792917013168335 1.7168883085250854 1.2575725317001343
1.9613877534866333 1.7582676410675049 1.261995553970337
2.2400577068328857 2.1458537578582764 1.6136468648910522
2.1035962104797363 1.9396284818649292 1.4179773330688477
