0.09214766349277992

0.17176146805286407 0.1851450502872467
0.13039885461330414 0.2564830183982849
0.15383043885231018 0.31409671902656555
0.1848372519016266 0.33383065462112427
0.177429661154747 0.3651675879955292
0.12425284832715988 0.36184781789779663
0.16270460188388824 0.39001208543777466
0.16950948536396027 0.4307878613471985
0.12669797241687775 0.41881728172302246
0.14970068633556366 0.4519718885421753
0.17745722830295563 0.458535760641098
0.10551226884126663 0.48365727066993713
0.15672577917575836 0.49110132455825806
0.16434960067272186 0.5161232948303223
0.12606781721115112 0.5280493497848511
0.14920280873775482 0.5515622496604919
0.11154325306415558 0.5700164437294006
0.16059623658657074 0.5810461640357971
0.1380472183227539 0.6061182618141174
0.15924842655658722 0.6356240510940552
0.12080860137939453 0.6397180557250977
0.11990614980459213 0.6904315948486328
0.17135697603225708 0.7072864174842834
0.14497657120227814 0.7222059369087219
0.15897762775421143 0.7579932808876038
0.12130903452634811 0.7763240933418274
0.15246757864952087 0.8199397921562195
0.14460107684135437 0.8727900385856628
0.22223113477230072 0.226473867893219
0.19539310038089752 0.27173784375190735
0.20671182870864868 0.3028950095176697
0.22170495986938477 0.32367628812789917
0.21577580273151398 0.3492690622806549
0.20162063837051392 0.3746412694454193
0.21455585956573486 0.3916943073272705
0.18703724443912506 0.39964237809181213
0.20083792507648468 0.4204176068305969
0.2009483426809311 0.4432784914970398
0.20228543877601624 0.4677693843841553
0.18364912271499634 0.4843456745147705
0.19951334595680237 0.5032361149787903
0.18450430035591125 0.5118440389633179
0.2004379779100418 0.5377842783927917
0.1781286597251892 0.5472014546394348
0.18995605409145355 0.5740373134613037
0.19880719482898712 0.5965829491615295
0.176652193069458 0.6016576290130615
0.1877271980047226 0.6246606707572937
0.18444658815860748 0.6570714712142944
0.16334481537342072 0.6680600047111511
0.18830855190753937 0.6883541345596313
0.19173663854599 0.7222092151641846
0.17945371568202972 0.7414464354515076
0.1758008450269699 0.7805243134498596
0.185783252120018 0.8084493279457092
0.18843992054462433 0.8497470021247864
0.24030503630638123 0.15419156849384308
0.24073882400989532 0.2727159261703491
0.25308918952941895 0.2942514717578888
0.2476813793182373 0.3239767849445343
0.24909017980098724 0.34897130727767944
0.2304808795452118 0.3671296536922455
0.24014317989349365 0.38453781604766846
0.22642283141613007 0.40779367089271545
0.2321346402168274 0.42535674571990967
0.22060582041740417 0.4363003373146057
0.22899653017520905 0.45948511362075806
0.2190331220626831 0.47592467069625854
0.22699576616287231 0.49819332361221313
0.21507762372493744 0.5174916386604309
0.22203375399112701 0.5345941781997681
0.217695951461792 0.5558205842971802
0.20760130882263184 0.5685642957687378
0.21952642500400543 0.5923964977264404
0.21529793739318848 0.6136837005615234
0.21600712835788727 0.6335859894752502
0.2054850161075592 0.6538105010986328
0.20672333240509033 0.6764551401138306
0.2111697793006897 0.6992101669311523
0.2069779932498932 0.7163664698600769
0.21403080224990845 0.7363035082817078
0.19829878211021423 0.7596268653869629
0.2028174102306366 0.79043048620224
0.21393197774887085 0.8284005522727966
0.3085385262966156 0.13330496847629547
0.2639865577220917 0.2423306703567505
0.27954307198524475 0.29021334648132324
0.27546223998069763 0.31361123919487
0.2690843939781189 0.3373515009880066
0.26468905806541443 0.3599398136138916
0.2630724608898163 0.3852323293685913
0.24960994720458984 0.40412798523902893
0.25807762145996094 0.41871967911720276
0.2516193985939026 0.44044414162635803
0.24474434554576874 0.45219361782073975
0.24958471953868866 0.4700183570384979
0.2458924502134323 0.48564454913139343
0.24597865343093872 0.5102102160453796
0.24119514226913452 0.5316717028617859
0.24083486199378967 0.5519963502883911
0.23183700442314148 0.5634555816650391
0.23158378899097443 0.5854729413986206
0.23845413327217102 0.607287585735321
0.23203791677951813 0.6217222809791565
0.22431731224060059 0.6479091048240662
0.2308453470468521 0.668753981590271
0.2260659784078598 0.6841571927070618
0.2286127358675003 0.7086207866668701
0.23121212422847748 0.7527358531951904
0.22058790922164917 0.76863032579422
0.22532516717910767 0.7976243495941162
0.20699408650398254 0.8888688683509827
0.2836400866508484 0.21391528844833374
0.2929060459136963 0.2641497254371643
0.3037845492362976 0.29853054881095886
0.2969326078891754 0.328021764755249
0.2887686491012573 0.34668073058128357
0.2860356271266937 0.36618146300315857
0.2831859290599823 0.37750259041786194
0.282971054315567 0.39719483256340027
0.28012973070144653 0.414347767829895
0.2749784588813782 0.4330289959907532
0.2720225155353546 0.4546385407447815
0.2635432481765747 0.46746906638145447
0.2580539286136627 0.49033018946647644
0.25978875160217285 0.5074642896652222
0.25649532675743103 0.5272786021232605
0.2544264793395996 0.5483846068382263
0.250853955745697 0.5715839266777039
0.2443704456090927 0.5816015005111694
0.2507292926311493 0.6006600856781006
0.25279685854911804 0.6306353211402893
0.2403264194726944 0.6398313641548157
0.246634840965271 0.6633853316307068
0.24342437088489532 0.6933699250221252
0.2439967393875122 0.7223135232925415
0.23654915392398834 0.7400195598602295
0.2411670833826065 0.7795416116714478
0.2520240247249603 0.813184380531311
0.23564741015434265 0.8531501293182373
0.3289332091808319 0.2024574875831604
0.3225610852241516 0.25869932770729065
0.32559308409690857 0.28413528203964233
0.3190710246562958 0.31419187784194946
0.314128041267395 0.34086132049560547
0.3117469549179077 0.35940641164779663
0.30342113971710205 0.3738681972026825
0.3037233054637909 0.3905467092990875
0.30340850353240967 0.40917494893074036
0.2986563444137573 0.42726224660873413
0.29439157247543335 0.4418870210647583
0.2885952591896057 0.46138110756874084
0.28185030817985535 0.4818035364151001
0.27433696389198303 0.5040334463119507
0.27249932289123535 0.5222148299217224
0.26672685146331787 0.5418111681938171
0.2683026194572449 0.5640954375267029
0.2708117365837097 0.5797761678695679
0.2613093852996826 0.5924412608146667
0.26403698325157166 0.6175503134727478
0.256730854511261 0.6494616270065308
0.26454123854637146 0.6732757687568665
0.2539576292037964 0.6802792549133301
0.25580790638923645 0.7108229398727417
0.2592846155166626 0.7348305583000183
0.25538134574890137 0.7630417943000793
0.2601810097694397 0.8351029753684998
0.2630320191383362 0.8972053527832031
0.3608523905277252 0.17251908779144287
0.34738004207611084 0.23575210571289062
0.3447270393371582 0.29074692726135254
0.3402186334133148 0.3173639476299286
0.33410292863845825 0.33357152342796326
0.3378596901893616 0.3504498302936554
0.327040433883667 0.36918967962265015
0.3286473751068115 0.39035555720329285
0.3260660171508789 0.40532276034355164
0.31855398416519165 0.42642462253570557
0.3188434839248657 0.44709691405296326
0.3078458607196808 0.46712300181388855
0.3076430559158325 0.4853987693786621
0.29416656494140625 0.4993254542350769
0.29896900057792664 0.5218926072120667
0.2951369285583496 0.5400726199150085
0.28806015849113464 0.5549655556678772
0.28918546438217163 0.5838029384613037
0.2799225449562073 0.6022325754165649
0.28577613830566406 0.6256784796714783
0.27201324701309204 0.6432759761810303
0.2790059447288513 0.6679536700248718
0.2692893147468567 0.6989396214485168
0.27798691391944885 0.7275067567825317
0.27396538853645325 0.7544240355491638
0.2642930746078491 0.7872107625007629
0.2719946801662445 0.8013333678245544
0.26894611120224 0.8606352210044861
0.38051480054855347 0.20448119938373566
0.3707810044288635 0.25606122612953186
0.3669162690639496 0.27623164653778076
0.35880088806152344 0.31103694438934326
0.36089053750038147 0.33069053292274475
0.3550921678543091 0.35402002930641174
0.3491337299346924 0.37035879492759705
0.345297247171402 0.38613197207450867
0.3490036129951477 0.4034416675567627
0.3400660753250122 0.415464848279953
0.33746302127838135 0.44053012132644653
0.33273860812187195 0.4575391411781311
0.33778080344200134 0.4790923595428467
0.32213294506073 0.49293047189712524
0.31641003489494324 0.5113886594772339
0.316476047039032 0.5348104238510132
0.31987476348876953 0.557004988193512
0.30074605345726013 0.57611083984375
0.3134547173976898 0.6008149981498718
0.2961268723011017 0.6113501787185669
0.3048793077468872 0.6351616978645325
0.2961486876010895 0.657252848148346
0.28925615549087524 0.6901376247406006
0.2916632890701294 0.7190746068954468
0.30076438188552856 0.7457733154296875
0.2905174791812897 0.772957980632782
0.28818878531455994 0.8106621503829956
0.29520943760871887 0.8401387929916382
0.39250537753105164 0.12691840529441833
0.3973666727542877 0.24747855961322784
0.3864988386631012 0.286721408367157
0.3804195523262024 0.30587953329086304
0.38446739315986633 0.3275923430919647
0.377814382314682 0.34328413009643555
0.3723742365837097 0.36337003111839294
0.3677355647087097 0.37690943479537964
0.37357303500175476 0.3952370882034302
0.3585653007030487 0.4192467927932739
0.3592761158943176 0.4379015862941742
0.36039823293685913 0.4577651619911194
0.3486614227294922 0.470773309469223
0.3561682105064392 0.49377864599227905
0.3406449854373932 0.5095251798629761
0.33605265617370605 0.527137041091919
0.3444797992706299 0.5527893304824829
0.3367122709751129 0.564944863319397
0.3250850737094879 0.5863480567932129
0.33202168345451355 0.6099774241447449
0.3260591924190521 0.6401651501655579
0.316264271736145 0.6643320918083191
0.3134157061576843 0.6868144869804382
0.31776943802833557 0.7156891822814941
0.3190384805202484 0.7570871710777283
0.315346896648407 0.7812348008155823
0.31242507696151733 0.8143935203552246
0.3084235191345215 0.8695293068885803
0.41230520606040955 0.20327401161193848
0.42285117506980896 0.23915529251098633
0.4147433638572693 0.2735929489135742
0.40098366141319275 0.3124711513519287
0.4040848910808563 0.32959315180778503
0.3961474895477295 0.351394921541214
0.39308422803878784 0.37042051553726196
0.38750961422920227 0.38309237360954285
0.3914925158023834 0.3980676531791687
0.38342490792274475 0.4152884781360626
0.37834441661834717 0.43115749955177307
0.3857441246509552 0.44777417182922363
0.3813770115375519 0.4664972722530365
0.3754790723323822 0.48434728384017944
0.37341055274009705 0.5025562644004822
0.3682049512863159 0.5220061540603638
0.36223074793815613 0.5434659123420715
0.36588817834854126 0.5722120404243469
0.3513205647468567 0.592232882976532
0.36713457107543945 0.616453230381012
0.3468474745750427 0.6312429904937744
0.34998437762260437 0.6604685187339783
0.33749625086784363 0.6813019514083862
0.34726032614707947 0.7105653285980225
0.3373703360557556 0.7425400018692017
0.33820074796676636 0.789750874042511
0.32889264822006226 0.8266001343727112
0.3316934406757355 0.8991785049438477
0.4324551224708557 0.1639147400856018
0.44675976037979126 0.2209644317626953
0.4357154369354248 0.2852065861225128
0.421531617641449 0.30846914649009705
0.4272627830505371 0.3239375948905945
0.41850045323371887 0.3420690596103668
0.4217472970485687 0.3626094460487366
0.4055277407169342 0.3732921779155731
0.41346275806427 0.39275723695755005
0.40195968747138977 0.41397300362586975
0.40761780738830566 0.42762553691864014
0.41393041610717773 0.44643157720565796
0.40207967162132263 0.460880309343338
0.39855021238327026 0.4858098030090332
0.3981534242630005 0.5081887245178223
0.40909186005592346 0.5299441814422607
0.3860679566860199 0.5394392013549805
0.40078654885292053 0.5639604330062866
0.38224485516548157 0.5785556435585022
0.3910943865776062 0.5992274880409241
0.38391539454460144 0.6297702193260193
0.37551283836364746 0.6526756882667542
0.3676222562789917 0.6785404682159424
0.36950984597206116 0.7059194445610046
0.3619771897792816 0.7388463616371155
0.35881558060646057 0.7739337086677551
0.3714545667171478 0.8338480591773987
0.34187737107276917 0.8577222228050232
0.46580323576927185 0.18291865289211273
0.4655592143535614 0.2408672273159027
0.4421330690383911 0.26000407338142395
0.450859934091568 0.29717111587524414
0.44903239607810974 0.31981161236763
0.4348420202732086 0.3468349575996399
0.4426630437374115 0.37107211351394653
0.43137121200561523 0.380571573972702
0.42937836050987244 0.4013863205909729
0.4409610629081726 0.4139421582221985
0.4257402718067169 0.4247432351112366
0.4300307333469391 0.44371309876441956
0.42318981885910034 0.4696737229824066
0.4174330532550812 0.4907492995262146
0.43309372663497925 0.49898314476013184
0.4264225363731384 0.5175099968910217
0.41819000244140625 0.5372534990310669
0.4326304495334625 0.5600939989089966
0.41346922516822815 0.5804646611213684
0.42655330896377563 0.6040939092636108
0.4065619111061096 0.6242886781692505
0.4095114767551422 0.6473858952522278
0.399661123752594 0.669969916343689
0.3941861093044281 0.6996902823448181
0.39243024587631226 0.7254114151000977
0.38521844148635864 0.7597172260284424
0.3735419809818268 0.8000582456588745
0.37976938486099243 0.8863464593887329
0.4747158885002136 0.1231895312666893
0.4811563789844513 0.21599729359149933
0.4751802384853363 0.2760004997253418
0.4670933783054352 0.30602630972862244
0.4744774103164673 0.3233519494533539
0.45612430572509766 0.3389624357223511
0.4665289521217346 0.35535499453544617
0.45796704292297363 0.3758273124694824
0.45264244079589844 0.3987123370170593
0.4564583897590637 0.41736698150634766
0.44698262214660645 0.4336785674095154
0.4551166892051697 0.4562138020992279
0.4405371844768524 0.46164804697036743
0.4418553113937378 0.4808696210384369
0.4564223885536194 0.4932972490787506
0.45217201113700867 0.5203304290771484
0.44074687361717224 0.53968745470047
0.45668739080429077 0.5529557466506958
0.4448374807834625 0.5775726437568665
0.4592575132846832 0.5958130955696106
0.4485970735549927 0.6150693297386169
0.4378463327884674 0.6415114998817444
0.42733606696128845 0.676085889339447
0.4231097996234894 0.7037219405174255
0.41548988223075867 0.7331901788711548
0.40819284319877625 0.7721587419509888
0.41350308060646057 0.8164864778518677
0.40624845027923584 0.8549748659133911
0.5025117993354797 0.19289523363113403
0.5054591298103333 0.23016218841075897
0.4981888234615326 0.26108160614967346
0.49313390254974365 0.2873151898384094
0.4973268210887909 0.31256893277168274
0.4869373142719269 0.3349497318267822
0.48207879066467285 0.35827094316482544
0.48469623923301697 0.38008376955986023
0.4713529050350189 0.3905881941318512
0.4759833514690399 0.40741145610809326
0.4717654883861542 0.4278203547000885
0.46954914927482605 0.44719451665878296
0.4768160283565521 0.4711799621582031
0.46507570147514343 0.4784752428531647
0.4705733358860016 0.5008450746536255
0.48276275396347046 0.5159224271774292
0.46704357862472534 0.5331776738166809
0.48307928442955017 0.5581862330436707
0.47287517786026 0.574925422668457
0.48088234663009644 0.5991731286048889
0.4771113097667694 0.6185842156410217
0.4697367250919342 0.6414029598236084
0.459933340549469 0.669688880443573
0.4642676115036011 0.6934863924980164
0.4496074616909027 0.7227209210395813
0.4447104036808014 0.7572551965713501
0.4321386516094208 0.7902790307998657
0.43493542075157166 0.9063465595245361
0.5175765156745911 0.15234141051769257
0.5324727892875671 0.2265002280473709
0.5228673219680786 0.25956645607948303
0.5171608328819275 0.2907938063144684
0.5194227695465088 0.31881600618362427
0.507132887840271 0.3402203917503357
0.513391375541687 0.35588178038597107
0.498473584651947 0.36720460653305054
0.5069006681442261 0.3849426507949829
0.4987657368183136 0.40553662180900574
0.491104394197464 0.4216850697994232
0.49706339836120605 0.4396131634712219
0.49154040217399597 0.4607631266117096
0.49719497561454773 0.48598116636276245
0.4927654564380646 0.5042445063591003
0.4960952699184418 0.5291959047317505
0.49111098051071167 0.5430267453193665
0.5069711804389954 0.56181401014328
0.4956668019294739 0.5773906707763672
0.5044544339179993 0.604027271270752
0.5076726078987122 0.6247216463088989
0.49722856283187866 0.6422788500785828
0.4973500967025757 0.6635939478874207
0.49551036953926086 0.6840202212333679
0.4790647625923157 0.7164239287376404
0.484774649143219 0.758554995059967
0.4645554721355438 0.8025441765785217
0.4490240216255188 0.843995213508606
0.5624240040779114 0.16745352745056152
0.5459034442901611 0.20031537115573883
0.547336220741272 0.2644227147102356
0.5453428030014038 0.28267738223075867
0.5340903401374817 0.3009166419506073
0.5415117740631104 0.3230195641517639
0.5373358726501465 0.3461398482322693
0.5282854437828064 0.3700072169303894
0.5284011363983154 0.39288222789764404
0.5171339511871338 0.41603922843933105
0.5271445512771606 0.4311240017414093
0.5152784585952759 0.44829902052879333
0.5095365047454834 0.4718283414840698
0.5256949663162231 0.4812000095844269
0.5175065398216248 0.4970654845237732
0.5140664577484131 0.5222639441490173
0.5303667783737183 0.535392165184021
0.5211338400840759 0.5542735457420349
0.533889651298523 0.5715664029121399
0.5199942588806152 0.5878769159317017
0.530601441860199 0.6093005537986755
0.5321416854858398 0.6340107321739197
0.5219874978065491 0.6537972688674927
0.5221739411354065 0.6789565086364746
0.5219022035598755 0.701651394367218
0.5027281045913696 0.7338215112686157
0.5062078833580017 0.7914751172065735
0.48518362641334534 0.8901354670524597
0.5778724551200867 0.11103405803442001
0.5729141235351562 0.221601203083992
0.5776070356369019 0.2527245283126831
0.5739039778709412 0.2933734953403473
0.5616289973258972 0.3070683181285858
0.5635547637939453 0.32993242144584656
0.5606140494346619 0.35016998648643494
0.5527631640434265 0.3750360608100891
0.5609143376350403 0.39160460233688354
0.5426965355873108 0.4052002727985382
0.5537629723548889 0.42191532254219055
0.5453282594680786 0.4437647759914398
0.5408629775047302 0.46475645899772644
0.5474821329116821 0.49042484164237976
0.5368152260780334 0.508304238319397
0.5522552728652954 0.5236301422119141
0.5455003976821899 0.5460218787193298
0.5555590391159058 0.5647269487380981
0.563286304473877 0.5865796208381653
0.5497245788574219 0.5953790545463562
0.5491398572921753 0.6175243258476257
0.5649580955505371 0.629180908203125
0.5542773008346558 0.6476935148239136
0.5460772514343262 0.670635998249054
0.5424492955207825 0.6952884197235107
0.5410849452018738 0.7290813326835632
0.526318371295929 0.7662055492401123
0.5095649361610413 0.8356112837791443
0.6139109134674072 0.1622215360403061
0.5964898467063904 0.19768185913562775
0.6064519882202148 0.2328103482723236
0.5921798944473267 0.27336403727531433
0.6051844358444214 0.29883643984794617
0.5830056667327881 0.31677621603012085
0.5840429067611694 0.33963721990585327
0.5830609202384949 0.3577146828174591
0.5794559717178345 0.38249048590660095
0.5865548253059387 0.40540412068367004
0.5701399445533752 0.4248388707637787
0.5793195962905884 0.44601717591285706
0.5589691400527954 0.4606795012950897
0.5705428719520569 0.48150235414505005
0.5639466047286987 0.5019779205322266
0.578517735004425 0.5282414555549622
0.5655796527862549 0.5409931540489197
0.5764790773391724 0.5582154989242554
0.5876309871673584 0.5801547169685364
0.5857016444206238 0.6006525754928589
0.5764934420585632 0.6107497215270996
0.5849835872650146 0.6351744532585144
0.5807296633720398 0.6546198725700378
0.5671910643577576 0.6747405529022217
0.569638729095459 0.6982094645500183
0.5634968280792236 0.7217077016830444
0.5514564514160156 0.7727522850036621
0.5603069067001343 0.8663374185562134
0.6432187557220459 0.12176855653524399
0.6385257244110107 0.20186370611190796
0.63560551404953 0.23503762483596802
0.6232540011405945 0.2630516588687897
0.6350362300872803 0.2805451452732086
0.6262799501419067 0.310500830411911
0.6122279763221741 0.33557358384132385
0.6256037950515747 0.35667741298675537
0.6091268658638 0.3691340982913971
0.6114371418952942 0.3954656720161438
0.6012396216392517 0.4256386160850525
0.6066085696220398 0.4532703757286072
0.5879814028739929 0.47163164615631104
0.6031936407089233 0.4883536100387573
0.5880067944526672 0.5086878538131714
0.6115904450416565 0.5189040899276733
0.6028943061828613 0.5473681688308716
0.6071466207504272 0.5668967366218567
0.613011360168457 0.5872446298599243
0.6013360619544983 0.6000864505767822
0.6108623743057251 0.6211435794830322
0.6023907661437988 0.6364156603813171
0.6100431680679321 0.6479142904281616
0.5947090983390808 0.6678657531738281
0.5887616276741028 0.704106330871582
0.5939897894859314 0.726965069770813
0.575872540473938 0.7463051676750183
0.5643661022186279 0.803890585899353
0.662935197353363 0.16392862796783447
0.6705226898193359 0.21043749153614044
0.6656506061553955 0.23751114308834076
0.6644894480705261 0.25776946544647217
0.6665114164352417 0.28234028816223145
0.6724326014518738 0.3082122504711151
0.6546766757965088 0.3244855999946594
0.663860023021698 0.3547196686267853
0.647837221622467 0.38697922229766846
0.6260290145874023 0.410400390625
0.6566007733345032 0.4226699471473694
0.6290432810783386 0.44564202427864075
0.6376556158065796 0.4732483923435211
0.6262293457984924 0.49705520272254944
0.6592720746994019 0.5162561535835266
0.6330931782722473 0.5374622941017151
0.648481011390686 0.5537692904472351
0.6447364091873169 0.5716982483863831
0.6368367075920105 0.5916266441345215
0.6472654342651367 0.6022201180458069
0.6268615126609802 0.6089410185813904
0.6352939605712891 0.6320902109146118
0.63145911693573 0.6468050479888916
0.6237702369689941 0.6637786030769348
0.6127169132232666 0.6870375275611877
0.622097373008728 0.7238865494728088
0.5969282984733582 0.7626622319221497
0.6038134694099426 0.8318862318992615
0.6834833025932312 0.18107682466506958
0.6929492950439453 0.21368010342121124
0.7001012563705444 0.23978479206562042
0.6914132237434387 0.2639335095882416
0.7018333673477173 0.2840128242969513
0.6887011528015137 0.30194714665412903
0.7024104595184326 0.3244573771953583
0.6965565085411072 0.3458786606788635
0.6871774196624756 0.37492576241493225
0.6988593339920044 0.3970504403114319
0.6979655623435974 0.4286388158798218
0.6815026998519897 0.4523901641368866
0.7117742896080017 0.465760201215744
0.675776481628418 0.48508021235466003
0.6958087086677551 0.5060767531394958
0.6905022859573364 0.5313902497291565
0.6712785363197327 0.5452960729598999
0.6808729767799377 0.5719498991966248
0.6645049452781677 0.582322359085083
0.6701401472091675 0.5969445705413818
0.6620694994926453 0.6121394038200378
0.6540169715881348 0.6211902499198914
0.6549838185310364 0.6440215706825256
0.6455247402191162 0.661157488822937
0.6417819261550903 0.6759178042411804
0.6327805519104004 0.700947642326355
0.6288049221038818 0.7586089968681335
0.6239870190620422 0.7970227003097534
0.6981068849563599 0.13507576286792755
0.7130331993103027 0.21983659267425537
0.7262913584709167 0.2441307157278061
0.7135165333747864 0.2660970389842987
0.7230640053749084 0.2943307161331177
0.730256199836731 0.31537339091300964
0.7254570126533508 0.3397679030895233
0.7331620454788208 0.3593272864818573
0.7455841898918152 0.37595105171203613
0.7209654450416565 0.3905161917209625
0.7463465929031372 0.4133685231208801
0.7249863743782043 0.4358786344528198
0.7344018816947937 0.4573422372341156
0.7316758632659912 0.4862346649169922
0.7288280725479126 0.5094711780548096
0.719460129737854 0.5244074463844299
0.710455596446991 0.5432131886482239
0.7027308344841003 0.5607811212539673
0.698935329914093 0.578198254108429
0.6911259889602661 0.5937017798423767
0.6853152513504028 0.6067500710487366
0.6771427392959595 0.6219475865364075
0.6724409461021423 0.6354468464851379
0.6717000007629395 0.6584408283233643
0.664988100528717 0.6791433691978455
0.6592007279396057 0.7003731727600098
0.6526283621788025 0.7270219922065735
0.6477829813957214 0.8664072155952454
0.7228439450263977 0.17079976201057434
0.7321231365203857 0.20307132601737976
0.7394961714744568 0.2568463385105133
0.7528199553489685 0.2763350307941437
0.7393001317977905 0.28801921010017395
0.7534576654434204 0.3110615909099579
0.7512073516845703 0.3319515287876129
0.7582671046257019 0.3651304841041565
0.7642974853515625 0.3906979560852051
0.7581368088722229 0.40788063406944275
0.7648523449897766 0.4218258261680603
0.7567532062530518 0.4435744881629944
0.7542867064476013 0.46004804968833923
0.7559532523155212 0.47711509466171265
0.7472937703132629 0.49898141622543335
0.7436535358428955 0.5178840756416321
0.7368901968002319 0.533410370349884
0.7318617701530457 0.552363395690918
0.7223254442214966 0.5693379640579224
0.71501624584198 0.5859774947166443
0.7088707089424133 0.5991265773773193
0.7046207189559937 0.6166964173316956
0.697596549987793 0.6306130886077881
0.6915103793144226 0.6493510007858276
0.6850195527076721 0.6723843812942505
0.6783384084701538 0.6960784196853638
0.6887316107749939 0.7353551983833313
0.6677877902984619 0.7699844241142273
0.7537578344345093 0.19016151130199432
0.7483581304550171 0.22562819719314575
0.764927327632904 0.24573355913162231
0.763914942741394 0.2832351326942444
0.7754648923873901 0.30680084228515625
0.7673894166946411 0.32333502173423767
0.7764701843261719 0.3390282690525055
0.7732788920402527 0.35722678899765015
0.777963399887085 0.3766443133354187
0.7762709259986877 0.3971462845802307
0.7845674753189087 0.4154810309410095
0.7705650925636292 0.4300467073917389
0.7721896171569824 0.4490810036659241
0.7752661108970642 0.4705163538455963
0.7653476595878601 0.48949068784713745
0.7608826160430908 0.5131019949913025
0.7560410499572754 0.5289668440818787
0.7468149065971375 0.5456228852272034
0.740734338760376 0.5617040395736694
0.7374184131622314 0.578935980796814
0.7318971157073975 0.595277726650238
0.7238234281539917 0.6115261912345886
0.7201291918754578 0.634026050567627
0.7150837779045105 0.6490367650985718
0.7114096879959106 0.6736485362052917
0.6983069777488708 0.6937218904495239
0.706572413444519 0.7158265113830566
0.6858687996864319 0.8131327629089355
0.7611520290374756 0.1358921229839325
0.7775837779045105 0.21336212754249573
0.7859930396080017 0.24119096994400024
0.7805655598640442 0.27198684215545654
0.784102737903595 0.29645052552223206
0.7899086475372314 0.32860928773880005
0.7945268154144287 0.3486923575401306
0.7978265285491943 0.3636927008628845
0.7896043062210083 0.3798554539680481
0.7901134490966797 0.40066853165626526
0.7992770671844482 0.41168296337127686
0.7909411191940308 0.4380165636539459
0.7826039791107178 0.4558793306350708
0.7868356704711914 0.47812777757644653
0.7813956141471863 0.4920113980770111
0.7711578011512756 0.503095805644989
0.7752096652984619 0.5195475220680237
0.7673508524894714 0.5367959141731262
0.7625359892845154 0.5567505359649658
0.7565582394599915 0.5727888345718384
0.7523045539855957 0.5894112586975098
0.7495470643043518 0.6065799593925476
0.7378110885620117 0.6234760284423828
0.7415164709091187 0.6414436101913452
0.7342991232872009 0.6590330004692078
0.7296658754348755 0.6920222640037537
0.7347622513771057 0.7367810010910034
0.7157329320907593 0.7752364873886108
0.7792260050773621 0.1742272675037384
0.8030593991279602 0.224834144115448
0.7919716238975525 0.25990262627601624
0.8057774901390076 0.282523512840271
0.8096482157707214 0.3008615970611572
0.8021034598350525 0.319509893655777
0.8129894137382507 0.3462783396244049
0.8106319308280945 0.3666508197784424
0.8040363192558289 0.3883737325668335
0.8167926073074341 0.402823269367218
0.8115139603614807 0.426395058631897
0.8003331422805786 0.4354858994483948
0.8102707862854004 0.4555533528327942
0.7967995405197144 0.4642918109893799
0.8051480650901794 0.48073840141296387
0.7970433831214905 0.49661391973495483
0.7960496544837952 0.519605815410614
0.7862482666969299 0.5372703075408936
0.7841998338699341 0.5523494482040405
0.7766788005828857 0.567636251449585
0.7810373902320862 0.5829423666000366
0.7711170315742493 0.5996333360671997
0.7658551931381226 0.6182375550270081
0.7713193893432617 0.6361574530601501
0.7525467872619629 0.6658633351325989
0.7603639960289001 0.687717080116272
0.7576741576194763 0.7161884903907776
0.7417768836021423 0.8461217284202576
0.8218544721603394 0.19855491816997528
0.8325328826904297 0.23005908727645874
0.8203995227813721 0.25628167390823364
0.8278579115867615 0.28715765476226807
0.8246558308601379 0.3143979012966156
0.8256755471229553 0.33342844247817993
0.8481670618057251 0.3390335142612457
0.832291841506958 0.35787340998649597
0.8250935673713684 0.37774911522865295
0.8399348258972168 0.392546683549881
0.8344587087631226 0.4086555242538452
0.8337541222572327 0.435308039188385
0.823519766330719 0.44795292615890503
0.8374992609024048 0.4633166491985321
0.8323333263397217 0.4818040132522583
0.8184127807617188 0.49207425117492676
0.8124427199363708 0.5136379599571228
0.8272335529327393 0.5305429100990295
0.8031678199768066 0.5453786849975586
0.8154070973396301 0.560308575630188
0.8102720975875854 0.5760603547096252
0.7977175712585449 0.5934997797012329
0.7928581833839417 0.6163415908813477
0.8037784099578857 0.6371610760688782
0.7822783589363098 0.6600673794746399
0.7933603525161743 0.6886610388755798
0.805495023727417 0.7263832688331604
0.775564968585968 0.7703582644462585
0.836026132106781 0.15466994047164917
0.8698057532310486 0.21919390559196472
0.8493831157684326 0.26547613739967346
0.8735677003860474 0.28630292415618896
0.8460245132446289 0.3033170998096466
0.8642167448997498 0.32289043068885803
0.8940626978874207 0.3531492054462433
0.8519916534423828 0.3649834096431732
0.8607555627822876 0.3859284222126007
0.8755502700805664 0.40074577927589417
0.8502914905548096 0.41848090291023254
0.8715194463729858 0.428963303565979
0.8522191047668457 0.444350004196167
0.8941136002540588 0.45697376132011414
0.855934202671051 0.47522735595703125
0.8684965372085571 0.4972150921821594
0.8427830338478088 0.5044909715652466
0.8522692918777466 0.5248963236808777
0.8815359473228455 0.5377821922302246
0.843845009803772 0.55666184425354
0.8474183082580566 0.5801761746406555
0.8765649199485779 0.5930928587913513
0.8280704021453857 0.6051163673400879
0.8356549739837646 0.630251944065094
0.8702449798583984 0.64600670337677
0.8240479826927185 0.670191764831543
0.8570409417152405 0.7133764028549194
0.8378069400787354 0.807417631149292
