0.08736270201952635

0.12985831499099731 0.21833409368991852
0.1459735631942749 0.2639252543449402
0.11437087506055832 0.29036402702331543
0.1424163281917572 0.32185009121894836
0.1121160238981247 0.3447616994380951
0.1512390375137329 0.3679216802120209
0.1299593150615692 0.38219597935676575
0.13764367997646332 0.404215544462204
0.15371327102184296 0.41842401027679443
0.10376852005720139 0.4251231551170349
0.13213202357292175 0.44976967573165894
0.14839032292366028 0.47102564573287964
0.10075616836547852 0.4843760132789612
0.14101335406303406 0.493661493062973
0.12286774069070816 0.5204559564590454
0.14543695747852325 0.5302571654319763
0.11158543825149536 0.5518763661384583
0.15845945477485657 0.5543113350868225
0.13669462502002716 0.5684134364128113
0.1532711237668991 0.5877776741981506
0.10813204199075699 0.6023203134536743
0.14379315078258514 0.6208246946334839
0.15551622211933136 0.6547031998634338
0.12730593979358673 0.6482753753662109
0.1220482811331749 0.686168909072876
0.15882804989814758 0.7015140652656555
0.13149194419384003 0.7424154281616211
0.1429678201675415 0.7936362624168396
0.1618902087211609 0.16031748056411743
0.17264822125434875 0.24639831483364105
0.16708822548389435 0.28668564558029175
0.17020095884799957 0.3078400790691376
0.17305099964141846 0.32985642552375793
0.16317972540855408 0.3546365797519684
0.17890630662441254 0.379928320646286
0.1630845069885254 0.39299431443214417
0.17507000267505646 0.41599658131599426
0.15697333216667175 0.43932417035102844
0.175839364528656 0.44944021105766296
0.16616970300674438 0.46548470854759216
0.17235587537288666 0.48490262031555176
0.15664860606193542 0.5033289194107056
0.1756056249141693 0.5114911794662476
0.18619920313358307 0.5249254107475281
0.16924776136875153 0.5376511216163635
0.18130408227443695 0.5558924078941345
0.17233063280582428 0.5729207396507263
0.17568957805633545 0.5936658978462219
0.19100499153137207 0.6049394011497498
0.1685551255941391 0.6176680326461792
0.18267996609210968 0.6331014037132263
0.18944910168647766 0.6563867330551147
0.17638908326625824 0.676384449005127
0.19378024339675903 0.7033838629722595
0.18556858599185944 0.730061948299408
0.19620166718959808 0.7703565359115601
0.20349480211734772 0.2018374800682068
0.19738632440567017 0.24190738797187805
0.19250652194023132 0.2737959921360016
0.19173569977283478 0.31488052010536194
0.19411537051200867 0.33837857842445374
0.18644464015960693 0.3516320288181305
0.18846073746681213 0.3735216557979584
0.195149227976799 0.3965853452682495
0.18738214671611786 0.4096302092075348
0.1885467767715454 0.43257376551628113
0.1905030459165573 0.4556909203529358
0.18779420852661133 0.47265028953552246
0.1983146369457245 0.48245057463645935
0.1948762983083725 0.4964015781879425
0.1928350031375885 0.5096024870872498
0.19763736426830292 0.531482458114624
0.20272569358348846 0.5438047051429749
0.1905800998210907 0.5633706450462341
0.2043590098619461 0.5692031979560852
0.19532588124275208 0.5853841304779053
0.20791397988796234 0.610660195350647
0.2123100906610489 0.6203515529632568
0.2020479142665863 0.6359410285949707
0.21039685606956482 0.6611438393592834
0.20721744000911713 0.6806797981262207
0.22103779017925262 0.7140316963195801
0.2228812575340271 0.7484017610549927
0.2029668241739273 0.8370136022567749
0.23615853488445282 0.2159016728401184
0.2195768654346466 0.26009243726730347
0.2214621603488922 0.2869027853012085
0.2038329690694809 0.2981109321117401
0.21047769486904144 0.32777395844459534
0.20713132619857788 0.3584681451320648
0.21203693747520447 0.36980125308036804
0.20458495616912842 0.3909623324871063
0.20937566459178925 0.4159298241138458
0.19983747601509094 0.42763960361480713
0.2109605222940445 0.4424716830253601
0.20810018479824066 0.46104109287261963
0.21579505503177643 0.4797954559326172
0.20904035866260529 0.4998279809951782
0.2099866271018982 0.5165404081344604
0.21755345165729523 0.5357112884521484
0.22244244813919067 0.5491390228271484
0.22963033616542816 0.5602445006370544
0.21503326296806335 0.5747346878051758
0.21809184551239014 0.5951099395751953
0.23067185282707214 0.6040933728218079
0.23368285596370697 0.6235184073448181
0.22158420085906982 0.641158938407898
0.22939012944698334 0.6640481948852539
0.23503084480762482 0.6799019575119019
0.2425711750984192 0.6982399225234985
0.2493223398923874 0.7266279458999634
0.23970960080623627 0.7869446277618408
0.24628864228725433 0.14590589702129364
0.24450500309467316 0.25459322333335876
0.2441553920507431 0.2834368944168091
0.2377621978521347 0.3073231279850006
0.22205977141857147 0.3213512897491455
0.22203673422336578 0.35380882024765015
0.22729042172431946 0.3777916431427002
0.21964891254901886 0.40112024545669556
0.22452165186405182 0.4223153591156006
0.23499658703804016 0.4369288384914398
0.22311002016067505 0.44839003682136536
0.22534571588039398 0.4669477641582489
0.2352200597524643 0.489783376455307
0.22323480248451233 0.5051223039627075
0.22855022549629211 0.5217674374580383
0.23958297073841095 0.5277908444404602
0.25096267461776733 0.5449548363685608
0.24777798354625702 0.5642435550689697
0.23850451409816742 0.5808035135269165
0.24672944843769073 0.5939293503761292
0.25512194633483887 0.612930953502655
0.24590279161930084 0.6306023597717285
0.24865031242370605 0.6477892994880676
0.2573702037334442 0.6612853407859802
0.2618933916091919 0.6814807057380676
0.26772141456604004 0.708285391330719
0.2590937912464142 0.7588768601417542
0.27658137679100037 0.8366501331329346
0.26444077491760254 0.1891448050737381
0.26187217235565186 0.22670303285121918
0.26837217807769775 0.2757202088832855
0.2564431130886078 0.30122947692871094
0.25407859683036804 0.33264511823654175
0.24279183149337769 0.3454870879650116
0.2476772516965866 0.36343827843666077
0.2399682104587555 0.3904324471950531
0.24097950756549835 0.4095509350299835
0.2510986328125 0.4294629991054535
0.2653254270553589 0.45481571555137634
0.2482018619775772 0.47630760073661804
0.2609489858150482 0.4961046874523163
0.2727784812450409 0.5060770511627197
0.25585341453552246 0.5137345790863037
0.27412956953048706 0.5352688431739807
0.2661321759223938 0.5562344789505005
0.2804621160030365 0.5704155564308167
0.26369723677635193 0.5820724368095398
0.27182313799858093 0.593544065952301
0.27169713377952576 0.6177508234977722
0.2820475697517395 0.6312801837921143
0.27013251185417175 0.6403064727783203
0.2856789529323578 0.6548242568969727
0.27516865730285645 0.6747051477432251
0.29141688346862793 0.6992334127426147
0.28511807322502136 0.7386444211006165
0.28299304842948914 0.7861425280570984
0.30302226543426514 0.18340067565441132
0.28703370690345764 0.24065430462360382
0.28959646821022034 0.2615920603275299
0.2905448079109192 0.29116934537887573
0.26906272768974304 0.3172662556171417
0.2785518169403076 0.3503263592720032
0.2660374343395233 0.3702613115310669
0.2625313401222229 0.3980299234390259
0.28302496671676636 0.4163346290588379
0.2792838215827942 0.4386007785797119
0.2947489619255066 0.45302197337150574
0.2789222300052643 0.47367608547210693
0.2958991825580597 0.4882379174232483
0.2961783707141876 0.5085352063179016
0.30516767501831055 0.522049069404602
0.28864502906799316 0.5379114151000977
0.29780712723731995 0.5520946383476257
0.301788330078125 0.5755520462989807
0.31255045533180237 0.5906339883804321
0.2873697876930237 0.5968391299247742
0.2941887080669403 0.6131641864776611
0.3009300231933594 0.6280823945999146
0.3086093068122864 0.6451151371002197
0.30090951919555664 0.6688384413719177
0.31485071778297424 0.6925855875015259
0.30579230189323425 0.7218684554100037
0.31682780385017395 0.7587890625
0.32792726159095764 0.8011837005615234
0.3124619424343109 0.14509287476539612
0.30945417284965515 0.231657013297081
0.3154912292957306 0.27052226662635803
0.31379246711730957 0.30656325817108154
0.2979629635810852 0.3290436863899231
0.3073893189430237 0.35889631509780884
0.3144945502281189 0.38494664430618286
0.2947959899902344 0.3950306475162506
0.314888060092926 0.421019047498703
0.3259102404117584 0.4456595182418823
0.31451332569122314 0.4669342041015625
0.3315817415714264 0.4756588041782379
0.31728395819664 0.49490419030189514
0.3365558683872223 0.5049424171447754
0.33535638451576233 0.5251860022544861
0.31641799211502075 0.5357385873794556
0.3196127116680145 0.557248055934906
0.3405219316482544 0.5714369416236877
0.32621538639068604 0.5797044634819031
0.3323861360549927 0.5977526903152466
0.31809288263320923 0.6144236326217651
0.32221102714538574 0.6276746392250061
0.3351835608482361 0.6444340944290161
0.32664480805397034 0.6698751449584961
0.3394818603992462 0.6883646845817566
0.3317762315273285 0.7146521806716919
0.3473965525627136 0.7417212724685669
0.3383331894874573 0.8662406802177429
0.3530309200286865 0.17470408976078033
0.3363201916217804 0.20482203364372253
0.3349416255950928 0.2506476044654846
0.342320054769516 0.28671205043792725
0.33904725313186646 0.3292554020881653
0.35243669152259827 0.3466213345527649
0.34407851099967957 0.37241414189338684
0.3454832136631012 0.40249499678611755
0.34436148405075073 0.4272635877132416
0.3594573140144348 0.4362999498844147
0.3524205684661865 0.4609108567237854
0.35591280460357666 0.48159539699554443
0.36458858847618103 0.4910687208175659
0.36075496673583984 0.5129273533821106
0.35182905197143555 0.5307139158248901
0.3655368387699127 0.544200599193573
0.34601157903671265 0.5504166483879089
0.3582496643066406 0.5620551705360413
0.35150420665740967 0.586831271648407
0.36095812916755676 0.6003715395927429
0.3417123556137085 0.6136806011199951
0.35348600149154663 0.6293269395828247
0.3661430776119232 0.6458165645599365
0.34935784339904785 0.6642886996269226
0.361225426197052 0.6816452145576477
0.3639771044254303 0.7172910571098328
0.35468384623527527 0.7726191282272339
0.37011435627937317 0.8272075653076172
0.3770548105239868 0.109318308532238
0.3713371455669403 0.23021283745765686
0.36556708812713623 0.2649424374103546
0.3819427788257599 0.29631751775741577
0.3618607819080353 0.3140205144882202
0.3784122169017792 0.34908273816108704
0.38254305720329285 0.3779548108577728
0.37216663360595703 0.3979225754737854
0.3823584318161011 0.4183463156223297
0.3790644407272339 0.4457498788833618
0.3866744637489319 0.46074947714805603
0.3768324553966522 0.4784258306026459
0.3874224126338959 0.49581828713417053
0.3874225914478302 0.5115914940834045
0.3782768249511719 0.5253891348838806
0.38692453503608704 0.5422832369804382
0.37246814370155334 0.5576996803283691
0.3830309808254242 0.5685924291610718
0.38914069533348083 0.5846382975578308
0.37858787178993225 0.5931313633918762
0.37352392077445984 0.6100950241088867
0.3807532787322998 0.6278546452522278
0.39315739274024963 0.644689679145813
0.3886880576610565 0.6659884452819824
0.3811517357826233 0.6879191398620605
0.3855665922164917 0.7256165146827698
0.3883052468299866 0.7538744807243347
0.39344507455825806 0.8035571575164795
0.4123189151287079 0.17717237770557404
0.39346420764923096 0.2043415606021881
0.39618006348609924 0.2568942904472351
0.4083545506000519 0.3058907985687256
0.395189106464386 0.33184897899627686
0.4057634770870209 0.3626757264137268
0.40186992287635803 0.3937035799026489
0.4150369167327881 0.4089861512184143
0.4014606475830078 0.4264961779117584
0.4144178330898285 0.4428209364414215
0.4007708728313446 0.47040051221847534
0.4135653078556061 0.4842299520969391
0.4040900468826294 0.49260419607162476
0.41312989592552185 0.5077887177467346
0.4076717793941498 0.5204896330833435
0.3992829918861389 0.5346083045005798
0.4103811979293823 0.5488719344139099
0.4039318859577179 0.5716492533683777
0.41259363293647766 0.5878884196281433
0.3967004120349884 0.6037335395812988
0.40910500288009644 0.6087707281112671
0.4045032262802124 0.6270225048065186
0.4163537621498108 0.6473900079727173
0.40945109724998474 0.6717490553855896
0.4015091359615326 0.696662962436676
0.4183175563812256 0.718112051486969
0.41523483395576477 0.7558104991912842
0.4245506227016449 0.7917471528053284
0.43403252959251404 0.13626833260059357
0.42576366662979126 0.23221702873706818
0.42803919315338135 0.2684039771556854
0.43879321217536926 0.3014095723628998
0.42454877495765686 0.33045947551727295
0.4349430501461029 0.356916218996048
0.43020927906036377 0.38354331254959106
0.43765756487846375 0.4126397967338562
0.42635273933410645 0.43239930272102356
0.43731051683425903 0.44887757301330566
0.4265199899673462 0.46101894974708557
0.4303123652935028 0.4781874120235443
0.42538002133369446 0.49698126316070557
0.43689024448394775 0.5053286552429199
0.4244723320007324 0.5282946825027466
0.43748125433921814 0.5395272374153137
0.4307957589626312 0.5540114641189575
0.4226720929145813 0.5661574602127075
0.4285232722759247 0.5811742544174194
0.43251991271972656 0.5961992740631104
0.42624107003211975 0.6144931316375732
0.4315018057823181 0.6295800805091858
0.44317391514778137 0.6531427502632141
0.4270799458026886 0.6645976305007935
0.4360716938972473 0.6895198225975037
0.4440218508243561 0.7206078171730042
0.4452335834503174 0.7490547895431519
0.4572179913520813 0.8227567076683044
0.4847530722618103 0.10104414820671082
0.45245474576950073 0.20494987070560455
0.45986616611480713 0.2548982799053192
0.4618537127971649 0.29617390036582947
0.45626047253608704 0.3379960358142853
0.4585248529911041 0.3634197413921356
0.44957780838012695 0.38830241560935974
0.4587738811969757 0.40108978748321533
0.4541592299938202 0.4231334626674652
0.4573039412498474 0.4397796392440796
0.45164790749549866 0.4617880880832672
0.44928282499313354 0.48485320806503296
0.4584154784679413 0.49392396211624146
0.4520174264907837 0.5139923095703125
0.44593361020088196 0.5255282521247864
0.45447495579719543 0.5431020259857178
0.4445396661758423 0.5576629042625427
0.4520590305328369 0.5659746527671814
0.44765621423721313 0.5863876342773438
0.4529014527797699 0.6023573875427246
0.4572192430496216 0.6203396916389465
0.4469907879829407 0.6311185359954834
0.4683731496334076 0.6466164588928223
0.4529675245285034 0.669269323348999
0.462247371673584 0.6903998255729675
0.47262948751449585 0.7135159373283386
0.46304380893707275 0.7762485146522522
0.42942455410957336 0.854193925857544
0.4855286478996277 0.16173377633094788
0.5020843744277954 0.19671081006526947
0.5063029527664185 0.24518224596977234
0.4896835386753082 0.28412288427352905
0.48467594385147095 0.3208458423614502
0.489092081785202 0.3497443199157715
0.4753497540950775 0.3771883547306061
0.48410284519195557 0.3954976499080658
0.47603920102119446 0.41424760222435
0.4809769093990326 0.4353582262992859
0.47429192066192627 0.45004746317863464
0.4652675688266754 0.46765458583831787
0.47761064767837524 0.48872625827789307
0.4706554412841797 0.5036930441856384
0.4736771583557129 0.5209341645240784
0.4674096703529358 0.5340429544448853
0.4749903678894043 0.5528846979141235
0.47008535265922546 0.5724056363105774
0.47311174869537354 0.588253378868103
0.4802113175392151 0.6030401587486267
0.4777682423591614 0.6168277263641357
0.4914208650588989 0.6275644898414612
0.48271510004997253 0.6542029976844788
0.48987913131713867 0.6701099276542664
0.49203452467918396 0.6911906003952026
0.4939754009246826 0.7273516058921814
0.48635783791542053 0.7518682479858398
0.4945624768733978 0.8047295212745667
0.5321937799453735 0.14526943862438202
0.5360495448112488 0.2178809940814972
0.5309083461761475 0.2587619423866272
0.5209672451019287 0.2945397198200226
0.5144331455230713 0.3282933831214905
0.5166187286376953 0.3522867262363434
0.5004761219024658 0.37242189049720764
0.5135014653205872 0.39348146319389343
0.5000465512275696 0.41888830065727234
0.5031871199607849 0.4418129622936249
0.4963778853416443 0.45702847838401794
0.49133315682411194 0.477821946144104
0.5021935105323792 0.49510809779167175
0.48747172951698303 0.5110105276107788
0.5036804676055908 0.5261498093605042
0.4952819049358368 0.5424660444259644
0.48797407746315 0.5617042779922485
0.4976280927658081 0.5737476348876953
0.49591314792633057 0.5922195911407471
0.49990084767341614 0.609247088432312
0.5085427761077881 0.6235086917877197
0.5029253363609314 0.6455389857292175
0.5110141634941101 0.661784291267395
0.5176123380661011 0.6809291839599609
0.5101968050003052 0.7008146643638611
0.5225800275802612 0.7231889367103577
0.513481616973877 0.7671331167221069
0.5146020650863647 0.8684601187705994
0.5636274218559265 0.10250875353813171
0.5560836791992188 0.18002495169639587
0.5615537166595459 0.2406463474035263
0.5488489270210266 0.2820453941822052
0.5460048913955688 0.3145546615123749
0.5435447692871094 0.3360815942287445
0.5383610725402832 0.3656024634838104
0.5311887264251709 0.388846755027771
0.5419520139694214 0.4142874777317047
0.5214105248451233 0.4260316789150238
0.5273858308792114 0.45207521319389343
0.5148133635520935 0.4648940861225128
0.52253258228302 0.4853207468986511
0.5153098702430725 0.5152661204338074
0.5270499587059021 0.5286300182342529
0.5125679969787598 0.5530973672866821
0.5316898226737976 0.5627439022064209
0.5141595602035522 0.5823724865913391
0.5307887196540833 0.595299243927002
0.5206349492073059 0.611285388469696
0.5372197031974792 0.6306784152984619
0.5262449979782104 0.6438524127006531
0.5358937382698059 0.6584411859512329
0.5413284301757812 0.6772041320800781
0.5345646739006042 0.6982185244560242
0.5391565561294556 0.7376097440719604
0.5389419794082642 0.7642127871513367
0.532079815864563 0.8185064792633057
0.594613254070282 0.15377502143383026
0.58392733335495 0.21305078268051147
0.5853219032287598 0.25505316257476807
0.5773475766181946 0.2897801995277405
0.5758448243141174 0.3125196695327759
0.5839625000953674 0.3398544490337372
0.5685045719146729 0.3577934801578522
0.5752435922622681 0.38636547327041626
0.5617280006408691 0.40133699774742126
0.5672662258148193 0.42825186252593994
0.549930214881897 0.4396754503250122
0.55901038646698 0.46131354570388794
0.5497185587882996 0.48614564538002014
0.5377615094184875 0.5003885626792908
0.5557349920272827 0.5229603052139282
0.544119656085968 0.5442361831665039
0.5644257664680481 0.5662148594856262
0.5463483929634094 0.577419638633728
0.5543893575668335 0.6003739237785339
0.5469260215759277 0.6140080690383911
0.5580167770385742 0.6324292421340942
0.5646220445632935 0.6478227376937866
0.5539998412132263 0.6645010709762573
0.5716882944107056 0.6829982995986938
0.5559368133544922 0.697195827960968
0.5606027245521545 0.720971941947937
0.5680446624755859 0.7498906850814819
0.557508111000061 0.7974205613136292
0.6311661601066589 0.12011551111936569
0.6137372851371765 0.19092372059822083
0.6245437264442444 0.23933561146259308
0.6135424375534058 0.27458056807518005
0.6186718344688416 0.30144643783569336
0.60991370677948 0.32860079407691956
0.6071175932884216 0.3501119315624237
0.5983709692955017 0.37982413172721863
0.5987164378166199 0.40229538083076477
0.5908192992210388 0.4219774901866913
0.5872631072998047 0.44673952460289
0.5793044567108154 0.47165992856025696
0.588465690612793 0.49149781465530396
0.5734872817993164 0.5079848170280457
0.5792093873023987 0.5320534706115723
0.5699769854545593 0.5500912666320801
0.592114269733429 0.5626564025878906
0.5772814154624939 0.5841799974441528
0.5803694725036621 0.6000789999961853
0.5723043084144592 0.6129447817802429
0.5861737728118896 0.6275688409805298
0.5945982336997986 0.6482281684875488
0.5781412124633789 0.6559509634971619
0.5858920812606812 0.672829806804657
0.5839649438858032 0.7040743231773376
0.592491090297699 0.7360311150550842
0.5786259770393372 0.7757259607315063
0.575362503528595 0.8517114520072937
0.6576634645462036 0.15755444765090942
0.6433857679367065 0.20545223355293274
0.6625617742538452 0.24070510268211365
0.6449832916259766 0.27582472562789917
0.6549047231674194 0.3084183633327484
0.6379203200340271 0.33282670378685
0.638307511806488 0.3594468832015991
0.6258658170700073 0.3817291855812073
0.6295010447502136 0.4076533913612366
0.6143747568130493 0.4302026629447937
0.6307403445243835 0.4512060880661011
0.608933687210083 0.46011149883270264
0.6158872246742249 0.48069649934768677
0.6231949925422668 0.5082395672798157
0.6051092743873596 0.5224405527114868
0.6076252460479736 0.5433171987533569
0.6217251420021057 0.5721479654312134
0.6062679886817932 0.5851954221725464
0.6093311905860901 0.6048797369003296
0.6159008145332336 0.6208312511444092
0.6060106158256531 0.6346456408500671
0.6232256889343262 0.6472160816192627
0.6150187253952026 0.6650426387786865
0.6041107773780823 0.6805187463760376
0.6090271472930908 0.7017955183982849
0.6132349967956543 0.7225287556648254
0.6071736216545105 0.7586604952812195
0.6008701324462891 0.8145580887794495
0.6842225790023804 0.1792667955160141
0.6842949390411377 0.21959581971168518
0.6930858492851257 0.2510043978691101
0.6717714667320251 0.264504611492157
0.6719396710395813 0.2931116223335266
0.6868614554405212 0.3201306164264679
0.6837977766990662 0.3498450517654419
0.6627967953681946 0.37122294306755066
0.6716658473014832 0.3952755033969879
0.6506133079528809 0.4193132817745209
0.6652191877365112 0.4414118528366089
0.6578296422958374 0.46767768263816833
0.6433276534080505 0.4908713400363922
0.6649643182754517 0.5083059072494507
0.6520543098449707 0.527698814868927
0.633222222328186 0.5515985488891602
0.6581091284751892 0.5645599365234375
0.6484754085540771 0.583175003528595
0.6397927403450012 0.5989801287651062
0.6356505751609802 0.6186204552650452
0.6528068780899048 0.6308856010437012
0.6443762183189392 0.6438140869140625
0.6376495361328125 0.6596089005470276
0.6316969990730286 0.682479202747345
0.6279048323631287 0.6974098086357117
0.6394433379173279 0.7296280860900879
0.629794716835022 0.7505393028259277
0.6244322061538696 0.7903730869293213
0.6975533366203308 0.11806986480951309
0.7095921635627747 0.19911040365695953
0.7235562205314636 0.23408326506614685
0.7113203406333923 0.269399493932724
0.7103500366210938 0.29989296197891235
0.7334098815917969 0.31109780073165894
0.7123783230781555 0.33404025435447693
0.7195929884910583 0.3641463816165924
0.7065578699111938 0.3914843499660492
0.7196887731552124 0.4145447313785553
0.6928433179855347 0.4338739216327667
0.712907075881958 0.4590257406234741
0.6871902346611023 0.4843623638153076
0.7145969867706299 0.5048297047615051
0.689754843711853 0.5246063470840454
0.7007767558097839 0.5448710322380066
0.6751272082328796 0.5529999136924744
0.6837217807769775 0.5798596143722534
0.6701666116714478 0.5971172451972961
0.6704630255699158 0.6131028532981873
0.6729364395141602 0.6320867538452148
0.666106641292572 0.6481068134307861
0.6619055867195129 0.6588466763496399
0.6494943499565125 0.6783623099327087
0.6606240272521973 0.6963680982589722
0.6488162875175476 0.7120612263679504
0.6549225449562073 0.768352746963501
0.639543890953064 0.8608050346374512
0.7344794273376465 0.16212952136993408
0.7424599528312683 0.2099175900220871
0.7442095279693604 0.24775195121765137
0.7362105846405029 0.28108566999435425
0.7554400563240051 0.29063770174980164
0.7501533627510071 0.3156415522098541
0.7429143190383911 0.34890052676200867
0.7582677006721497 0.3756382465362549
0.7450839281082153 0.38739776611328125
0.7534281015396118 0.40909481048583984
0.7364239692687988 0.43549007177352905
0.7461050748825073 0.45998823642730713
0.7267801761627197 0.4746546745300293
0.7383934855461121 0.5010691285133362
0.7355039119720459 0.5199115872383118
0.7286216020584106 0.53753662109375
0.7205965518951416 0.5570526719093323
0.7112102508544922 0.5762796401977539
0.702829897403717 0.5921823978424072
0.6975719332695007 0.6098102927207947
0.6949418187141418 0.6245371699333191
0.6864526271820068 0.6415160894393921
0.6892441511154175 0.6526466012001038
0.674017608165741 0.6745749711990356
0.6806504726409912 0.6946476101875305
0.6729411482810974 0.7206439971923828
0.6636256575584412 0.7378478646278381
0.6626349091529846 0.7901178598403931
0.7580984830856323 0.1886058747768402
0.7625637054443359 0.2189207673072815
0.7686550617218018 0.24282854795455933
0.7609437704086304 0.26798027753829956
0.7736425995826721 0.29434823989868164
0.7670304775238037 0.32613351941108704
0.7677833437919617 0.3415645658969879
0.7747800350189209 0.3708975613117218
0.7820504903793335 0.396335631608963
0.7704538702964783 0.4032735824584961
0.7723511457443237 0.4320967495441437
0.7674601674079895 0.4482209384441376
0.7718154191970825 0.47950848937034607
0.7609021663665771 0.49411702156066895
0.7673013806343079 0.5106785297393799
0.7536910772323608 0.5317498445510864
0.7461338639259338 0.5525465607643127
0.740576982498169 0.571084201335907
0.7352511882781982 0.5880424976348877
0.724124014377594 0.6036757826805115
0.7141574621200562 0.6168301105499268
0.7178104519844055 0.635416567325592
0.7117992043495178 0.6504857540130615
0.6993691325187683 0.6681375503540039
0.7028260827064514 0.6860233545303345
0.6939048767089844 0.7119336128234863
0.6892975568771362 0.7558037042617798
0.6758558750152588 0.82449871301651
0.7888432145118713 0.13538168370723724
0.7856562733650208 0.20722240209579468
0.7785935997962952 0.2536619007587433
0.7821682691574097 0.27624544501304626
0.7822205424308777 0.30727195739746094
0.7870784997940063 0.3253936469554901
0.788409948348999 0.3459092676639557
0.7900368571281433 0.3635326325893402
0.7920280694961548 0.38630416989326477
0.7927477955818176 0.41796407103538513
0.7895604968070984 0.4291623532772064
0.7876952886581421 0.45313435792922974
0.7814719676971436 0.47115159034729004
0.7851552367210388 0.49020788073539734
0.777502715587616 0.5071044564247131
0.7734007239341736 0.5271757245063782
0.7655794620513916 0.5443782806396484
0.7593080997467041 0.5635194778442383
0.7541070580482483 0.5790107846260071
0.7485936880111694 0.5952937602996826
0.7416911125183105 0.6113057136535645
0.7383071780204773 0.6273513436317444
0.7325649261474609 0.6432350277900696
0.7277474999427795 0.6591130495071411
0.7214961647987366 0.6826108694076538
0.7174656391143799 0.7114278078079224
0.7113252282142639 0.7321558594703674
0.7043732404708862 0.7867355942726135
0.7923436760902405 0.17749737203121185
0.7918933629989624 0.2327173799276352
0.796845555305481 0.2598332464694977
0.8022977709770203 0.28489863872528076
0.8031366467475891 0.3105727732181549
0.8022574782371521 0.3341083526611328
0.8067687749862671 0.3563786745071411
0.814573347568512 0.37504181265830994
0.8069154024124146 0.3916797935962677
0.8051148056983948 0.4080597460269928
0.8019831776618958 0.4381067752838135
0.8075307607650757 0.44769296050071716
0.7991161346435547 0.4658879339694977
0.7973806858062744 0.47989651560783386
0.7953163981437683 0.49848780035972595
0.7907236218452454 0.5216407775878906
0.7860981225967407 0.5386191606521606
0.7814350724220276 0.5553082227706909
0.7733139991760254 0.5721983909606934
0.7680757641792297 0.5888245701789856
0.7637746930122375 0.6077556610107422
0.7599846124649048 0.6212272644042969
0.7535420060157776 0.6415067911148071
0.7503089904785156 0.661761462688446
0.7422140836715698 0.676934540271759
0.7358039021492004 0.7015273571014404
0.726726770401001 0.7535163164138794
0.7352405190467834 0.844499945640564
0.8227566480636597 0.1983845829963684
0.8126100301742554 0.2209974080324173
0.8166083693504333 0.25713664293289185
0.8269088268280029 0.2757625877857208
0.8196936249732971 0.30002880096435547
0.8181000351905823 0.3222891390323639
0.8228771686553955 0.3449283242225647
0.8275802135467529 0.3806003928184509
0.8267472982406616 0.39848601818084717
0.8217908143997192 0.414582222700119
0.8262768387794495 0.43030819296836853
0.8179745078086853 0.4513956606388092
0.8211423754692078 0.46713757514953613
0.8119795918464661 0.48666155338287354
0.8174648880958557 0.5010959506034851
0.8062552809715271 0.5172235369682312
0.8081839084625244 0.5327829718589783
0.7998998761177063 0.547675371170044
0.7918155193328857 0.566371500492096
0.792959988117218 0.5853265523910522
0.7858022451400757 0.6000022888183594
0.7886693477630615 0.6191017627716064
0.7742972373962402 0.6374889016151428
0.7808991074562073 0.6589637994766235
0.7708092927932739 0.6792086362838745
0.7656269669532776 0.7061418294906616
0.7533367276191711 0.7323541045188904
0.7462365031242371 0.778286874294281
0.8313192129135132 0.16312605142593384
0.8371931910514832 0.2295217365026474
0.8405611515045166 0.25091826915740967
0.8469886183738708 0.2914738059043884
0.843793511390686 0.31448879837989807
0.8373761177062988 0.33155202865600586
0.8392212390899658 0.3542994558811188
0.8557748794555664 0.3611389398574829
0.8466302752494812 0.38413819670677185
0.8423643708229065 0.4076968729496002
0.8421450257301331 0.42677250504493713
0.8518559336662292 0.4457232356071472
0.8347095251083374 0.45788106322288513
0.8423847556114197 0.4784245193004608
0.8324899077415466 0.4944865107536316
0.8357813358306885 0.5113238096237183
0.8269951939582825 0.5268442630767822
0.8413481712341309 0.5433045625686646
0.8174178600311279 0.5564356446266174
0.8146470785140991 0.575435221195221
0.8238912224769592 0.5930681228637695
0.8114587068557739 0.6116226315498352
0.8197050094604492 0.6309363842010498
0.8044722080230713 0.6516396403312683
0.8062630891799927 0.6805613040924072
0.7962163686752319 0.7083166837692261
0.787628710269928 0.7579598426818848
0.7819581627845764 0.8072829246520996
0.876958966255188 0.17893187701702118
0.8710975050926208 0.2290746569633484
0.8630688786506653 0.26576322317123413
0.8878015279769897 0.2833329737186432
0.863677442073822 0.3044931888580322
0.8619841933250427 0.3321605622768402
0.8897390365600586 0.3407624065876007
0.8735990524291992 0.3709963858127594
0.8626404404640198 0.3926897346973419
0.8960412740707397 0.40245380997657776
0.85822594165802 0.4192188084125519
0.8767748475074768 0.43990591168403625
0.9017660617828369 0.4564070403575897
0.8610153794288635 0.46915140748023987
0.8677671551704407 0.4906238615512848
0.8933584094047546 0.5036311745643616
0.856316089630127 0.5187594294548035
0.8663447499275208 0.53957599401474
0.8976797461509705 0.5608444213867188
0.8456965088844299 0.5680056810379028
0.8695311546325684 0.589635968208313
0.8458088040351868 0.6046372652053833
0.8830704092979431 0.6311061382293701
0.8410654664039612 0.6408002972602844
0.8387522101402283 0.6758871078491211
0.8745073676109314 0.69718337059021
0.8382077813148499 0.735339343547821
0.8516055941581726 0.8190284371376038
