0.08585673574505594

0.14933070540428162 0.23272527754306793
0.14305080473423004 0.2972438633441925
0.1675783097743988 0.3315585255622864
0.10617412626743317 0.343921035528183
0.1505492776632309 0.36478590965270996
0.11648371070623398 0.39079418778419495
0.14481458067893982 0.40004268288612366
0.07809479534626007 0.4167866110801697
0.12978965044021606 0.4245322346687317
0.11812165379524231 0.45024171471595764
0.08943970501422882 0.45950010418891907
0.12067889422178268 0.4723236560821533
0.08165015280246735 0.49066251516342163
0.11280103772878647 0.49263280630111694
0.09465091675519943 0.5087397694587708
0.07479577511548996 0.5204144716262817
0.10233529657125473 0.5293242335319519
0.08912038803100586 0.5404461622238159
0.07026618719100952 0.5475508570671082
0.08009400218725204 0.5656722784042358
0.0944206491112709 0.5750560760498047
0.07161644101142883 0.5927839279174805
0.09971510618925095 0.5998414754867554
0.08286469429731369 0.6162188649177551
0.08142849057912827 0.6422443389892578
0.09807354211807251 0.6758175492286682
0.09125210344791412 0.724941074848175
0.13208319246768951 0.7851970195770264
0.22297008335590363 0.1694469153881073
0.20911972224712372 0.25960788130760193
0.20222438871860504 0.30321359634399414
0.20552915334701538 0.33896899223327637
0.19112946093082428 0.36595800518989563
0.20065806806087494 0.38688206672668457
0.17606811225414276 0.3922685980796814
0.17638251185417175 0.4167661964893341
0.16436392068862915 0.42889705300331116
0.17094509303569794 0.4458327889442444
0.14688700437545776 0.45267242193222046
0.1579136699438095 0.46654149889945984
0.14716994762420654 0.4774284362792969
0.14168187975883484 0.49039027094841003
0.13640578091144562 0.5041883587837219
0.12099757045507431 0.5117228627204895
0.1289035677909851 0.5252418518066406
0.13487301766872406 0.5378268957138062
0.11326839029788971 0.5434502363204956
0.10445652157068253 0.5567454695701599
0.11979582905769348 0.5737380385398865
0.13893818855285645 0.5891333818435669
0.13216501474380493 0.6184231638908386
0.11916294693946838 0.6357284784317017
0.1398298293352127 0.6566340327262878
0.14553125202655792 0.6839001178741455
0.1524488776922226 0.7240905165672302
0.1990472674369812 0.7816653847694397
0.2675260305404663 0.23041066527366638
0.25460314750671387 0.2712405025959015
0.24186936020851135 0.3026653826236725
0.2465842068195343 0.33183449506759644
0.2357448786497116 0.3535721004009247
0.23044531047344208 0.3765842616558075
0.22135485708713531 0.39562490582466125
0.21537800133228302 0.4099755585193634
0.20203082263469696 0.4251512587070465
0.20563296973705292 0.4388144016265869
0.19235746562480927 0.4494992196559906
0.18826352059841156 0.46211662888526917
0.18235920369625092 0.47396790981292725
0.1748935878276825 0.4846435487270355
0.1710815578699112 0.49614235758781433
0.16410399973392487 0.507970929145813
0.1530349850654602 0.5165337920188904
0.15670420229434967 0.5286142826080322
0.14831332862377167 0.5514575242996216
0.14170300960540771 0.5642110705375671
0.16590742766857147 0.5816057920455933
0.17558099329471588 0.6001526117324829
0.1591622531414032 0.615972101688385
0.17330773174762726 0.6381049156188965
0.17964021861553192 0.6642875671386719
0.18457329273223877 0.6920279860496521
0.20607203245162964 0.7329570651054382
0.23303276300430298 0.8500618934631348
0.2985515892505646 0.18451596796512604
0.2876942753791809 0.2805929183959961
0.2779903709888458 0.31025221943855286
0.2813514173030853 0.33218812942504883
0.27100369334220886 0.35250720381736755
0.26543137431144714 0.36983704566955566
0.2582297623157501 0.38764193654060364
0.24690289795398712 0.4002091884613037
0.24292896687984467 0.4149330258369446
0.23440931737422943 0.4316701591014862
0.22699052095413208 0.44145092368125916
0.2208992838859558 0.452440083026886
0.2145046889781952 0.4681831896305084
0.2063940465450287 0.47883984446525574
0.20157231390476227 0.4914166331291199
0.18984843790531158 0.49720609188079834
0.19559435546398163 0.5111947059631348
0.19027939438819885 0.531834065914154
0.17963729798793793 0.5459091067314148
0.18950289487838745 0.5636124014854431
0.20140065252780914 0.5774291157722473
0.20692501962184906 0.6057925224304199
0.21706601977348328 0.6299672722816467
0.20802657306194305 0.650079071521759
0.22254526615142822 0.6835518479347229
0.245562344789505 0.7113420963287354
0.25439634919166565 0.7527669072151184
0.28554651141166687 0.8016518950462341
0.3253110349178314 0.23700223863124847
0.32065603137016296 0.2634345591068268
0.313144326210022 0.29801344871520996
0.3088606297969818 0.32143133878707886
0.3048255741596222 0.34186673164367676
0.2958058714866638 0.3650173842906952
0.2915830612182617 0.3785315454006195
0.2808658480644226 0.3910215497016907
0.2734742760658264 0.40575748682022095
0.26498523354530334 0.4169568419456482
0.25963592529296875 0.4335721433162689
0.2524017095565796 0.44803938269615173
0.23818688094615936 0.4577622711658478
0.24717918038368225 0.46828463673591614
0.23250752687454224 0.4912906885147095
0.24559198319911957 0.5125723481178284
0.22423787415027618 0.5184904336929321
0.23942726850509644 0.5389732122421265
0.2185603827238083 0.5463916659355164
0.2338501662015915 0.5657868981361389
0.2412177473306656 0.5860634446144104
0.24836888909339905 0.6027272343635559
0.2621496617794037 0.6370642781257629
0.2677217423915863 0.6691538095474243
0.2797197699546814 0.6931186318397522
0.2989903390407562 0.7214605808258057
0.3051512837409973 0.7539955973625183
0.3186419606208801 0.8595442771911621
0.3464716076850891 0.13636304438114166
0.34878993034362793 0.2634246349334717
0.3417678475379944 0.29377442598342896
0.3394779562950134 0.31202974915504456
0.33079615235328674 0.3375319540500641
0.32420969009399414 0.3576689660549164
0.31914740800857544 0.37225309014320374
0.31172361969947815 0.38539978861808777
0.30252519249916077 0.3989100456237793
0.2975076735019684 0.41147828102111816
0.28936776518821716 0.42632827162742615
0.28413206338882446 0.4379066824913025
0.28179845213890076 0.4551100432872772
0.2734140455722809 0.47318965196609497
0.2637127637863159 0.4953281879425049
0.2800286114215851 0.5028677582740784
0.2655009925365448 0.5301058292388916
0.2989107668399811 0.5346711874008179
0.2692333161830902 0.5534586310386658
0.2831078767776489 0.5749436020851135
0.29685455560684204 0.5982726216316223
0.2960640788078308 0.6239126324653625
0.32731664180755615 0.6444171667098999
0.31743913888931274 0.6746968030929565
0.33307525515556335 0.6973822712898254
0.3449442386627197 0.7324570417404175
0.3361641466617584 0.7766253352165222
0.3546411097049713 0.818010687828064
0.3626776337623596 0.2131519764661789
0.3766559958457947 0.2706346809864044
0.36804232001304626 0.29443833231925964
0.3623400926589966 0.32023513317108154
0.35582447052001953 0.33996883034706116
0.35072436928749084 0.35320863127708435
0.3445777893066406 0.3666188418865204
0.340084046125412 0.38108187913894653
0.3311971426010132 0.391005277633667
0.32671016454696655 0.404257208108902
0.32456016540527344 0.4244770407676697
0.312711238861084 0.4368293583393097
0.3179207444190979 0.4561040699481964
0.3029322922229767 0.4710116684436798
0.312730610370636 0.48761966824531555
0.30507948994636536 0.5116751790046692
0.3312978744506836 0.5156794190406799
0.3280751705169678 0.5442173480987549
0.3369778096675873 0.5671208500862122
0.3323043882846832 0.58791583776474
0.34914955496788025 0.6134772300720215
0.36343085765838623 0.634385883808136
0.3561953604221344 0.6597580313682556
0.3645281195640564 0.6834192276000977
0.372816264629364 0.7024977207183838
0.3714578449726105 0.7404206395149231
0.3740333318710327 0.7882274985313416
0.38070136308670044 0.8791065812110901
0.398722767829895 0.16619929671287537
0.3868542015552521 0.24656082689762115
0.3955286741256714 0.2883225679397583
0.3809341490268707 0.31501907110214233
0.3866294324398041 0.33292385935783386
0.38047274947166443 0.34872961044311523
0.3717814087867737 0.36139699816703796
0.36964672803878784 0.3751647174358368
0.3636275827884674 0.38823896646499634
0.35857588052749634 0.3998296856880188
0.35514765977859497 0.4193918704986572
0.3497951030731201 0.43565550446510315
0.34128549695014954 0.45180216431617737
0.34977295994758606 0.4656403958797455
0.34098881483078003 0.4911881387233734
0.3663966655731201 0.5049817562103271
0.35625511407852173 0.5306850075721741
0.37468934059143066 0.5473048090934753
0.3699759840965271 0.5655113458633423
0.374999463558197 0.5916149020195007
0.3758869469165802 0.6113994121551514
0.3952319622039795 0.6284713745117188
0.3858151435852051 0.6533892154693604
0.39164599776268005 0.6757692098617554
0.3992239236831665 0.7131987810134888
0.3978802561759949 0.7471279501914978
0.40774452686309814 0.7843087911605835
0.4036819338798523 0.8295163512229919
0.41029754281044006 0.22041107714176178
0.4176369607448578 0.26717522740364075
0.41722944378852844 0.2874339818954468
0.4103308618068695 0.3110617995262146
0.40348848700523376 0.32538488507270813
0.4081696569919586 0.34303826093673706
0.4013184607028961 0.3583100438117981
0.39742374420166016 0.3709951639175415
0.3908155858516693 0.38579797744750977
0.3915548622608185 0.39736494421958923
0.37751641869544983 0.41454461216926575
0.3823292851448059 0.4361276626586914
0.39199069142341614 0.4549824893474579
0.37673601508140564 0.4688854217529297
0.38761407136917114 0.4877794682979584
0.39562299847602844 0.5171887278556824
0.40096765756607056 0.5424966216087341
0.4102506637573242 0.5619090795516968
0.3950623869895935 0.5784066915512085
0.4136215150356293 0.589712917804718
0.4095405340194702 0.6145660281181335
0.41077691316604614 0.6417472958564758
0.42506730556488037 0.657444417476654
0.41746869683265686 0.6830924153327942
0.42555058002471924 0.7046573758125305
0.42333224415779114 0.7432200908660889
0.4396759569644928 0.7724951505661011
0.4395143687725067 0.8130360245704651
0.4398882985115051 0.1987101137638092
0.43841150403022766 0.2519366145133972
0.4362311065196991 0.2904432415962219
0.43377092480659485 0.3088880181312561
0.43180331587791443 0.3278675377368927
0.42475736141204834 0.340109646320343
0.43057775497436523 0.3557882308959961
0.42450186610221863 0.37034720182418823
0.4149855077266693 0.3808234930038452
0.41963526606559753 0.3983112573623657
0.40505021810531616 0.4115440845489502
0.4164654016494751 0.43862882256507874
0.412956565618515 0.47080984711647034
0.428784042596817 0.4827194809913635
0.4099973440170288 0.49799901247024536
0.4254153072834015 0.5218672752380371
0.42208728194236755 0.5375988483428955
0.4353523850440979 0.5571692585945129
0.4315274953842163 0.5760248899459839
0.4281347393989563 0.5999922752380371
0.4357544481754303 0.6143825054168701
0.44291120767593384 0.6424291133880615
0.4476069211959839 0.6722064018249512
0.450172483921051 0.6901880502700806
0.4458479881286621 0.7186923623085022
0.452362596988678 0.7431522011756897
0.4619612395763397 0.8009534478187561
0.4475330114364624 0.8814412951469421
0.45543238520622253 0.13172927498817444
0.46039631962776184 0.22806991636753082
0.4517958462238312 0.27844753861427307
0.4616072177886963 0.30577564239501953
0.4513249397277832 0.3187175691127777
0.4474339485168457 0.3385806679725647
0.4537147879600525 0.3535291850566864
0.44621729850769043 0.3653690814971924
0.4374236762523651 0.38600191473960876
0.4439384341239929 0.40197455883026123
0.43294838070869446 0.4158363342285156
0.4451923966407776 0.4351795017719269
0.4375363886356354 0.4569954574108124
0.4540404677391052 0.48914626240730286
0.4396625757217407 0.5087085962295532
0.46323493123054504 0.5195093750953674
0.4492134153842926 0.5401085019111633
0.45765864849090576 0.5673285126686096
0.4478628635406494 0.5850993990898132
0.45230111479759216 0.602832555770874
0.45786336064338684 0.622715950012207
0.4692324697971344 0.6378819942474365
0.46346184611320496 0.660415768623352
0.4657578766345978 0.7053960561752319
0.4722014367580414 0.7278364300727844
0.4700462222099304 0.7602331638336182
0.48034101724624634 0.7834469676017761
0.4740978479385376 0.8468189835548401
0.48837998509407043 0.18253469467163086
0.46848174929618835 0.2633083760738373
0.4760741591453552 0.2854565680027008
0.4810164272785187 0.30125313997268677
0.47261619567871094 0.31840312480926514
0.4665790796279907 0.3411255478858948
0.47528788447380066 0.350734144449234
0.46824291348457336 0.3730691373348236
0.46070167422294617 0.38491329550743103
0.4767730236053467 0.399691641330719
0.47162121534347534 0.420967698097229
0.46894219517707825 0.4433857202529907
0.45916494727134705 0.46524468064308167
0.47970032691955566 0.4780564308166504
0.471059113740921 0.5011808276176453
0.4797975420951843 0.5287351012229919
0.46832725405693054 0.5481367111206055
0.48654353618621826 0.5549641847610474
0.47412383556365967 0.5757562518119812
0.47125470638275146 0.5979901552200317
0.48349833488464355 0.613770604133606
0.48015373945236206 0.6463533639907837
0.478326678276062 0.677123486995697
0.480400413274765 0.6942115426063538
0.49132591485977173 0.7268164753913879
0.4871044456958771 0.7518569231033325
0.5031259655952454 0.7909430265426636
0.4935363531112671 0.8208854794502258
0.5021849870681763 0.21524393558502197
0.4876022934913635 0.24135760962963104
0.49595245718955994 0.2681829631328583
0.5001586675643921 0.31431543827056885
0.4960123300552368 0.3219153583049774
0.48502182960510254 0.33443403244018555
0.49530234932899475 0.34436503052711487
0.4843091368675232 0.36772361397743225
0.4958217740058899 0.3856712579727173
0.4980023503303528 0.41087207198143005
0.48847976326942444 0.4304235279560089
0.48957353830337524 0.4516875743865967
0.5035386085510254 0.47052478790283203
0.49283602833747864 0.4946943521499634
0.4866558313369751 0.5115377902984619
0.5000601410865784 0.5209963917732239
0.4998689293861389 0.5419282913208008
0.49704113602638245 0.5661834478378296
0.49488335847854614 0.586365818977356
0.5027409791946411 0.6082484722137451
0.4963967800140381 0.6342337131500244
0.49054571986198425 0.6592011451721191
0.5010625123977661 0.6836093664169312
0.49673160910606384 0.704194188117981
0.5114848017692566 0.721928060054779
0.5028231143951416 0.7416728734970093
0.5062663555145264 0.7716618180274963
0.512297511100769 0.8851822018623352
0.5222007036209106 0.14318938553333282
0.5207573175430298 0.24818332493305206
0.5108733773231506 0.28225085139274597
0.5080126523971558 0.29867246747016907
0.5263137817382812 0.32517746090888977
0.5143312215805054 0.33059656620025635
0.5099489092826843 0.3498029410839081
0.5059252977371216 0.36187487840652466
0.5227039456367493 0.3831670582294464
0.508213996887207 0.39836323261260986
0.5143571496009827 0.42380765080451965
0.5218308568000793 0.4426296651363373
0.5126601457595825 0.45806190371513367
0.5187240242958069 0.48675665259361267
0.51161789894104 0.5016542077064514
0.5198006629943848 0.5154832005500793
0.5183941125869751 0.5437006950378418
0.5111278891563416 0.5593222975730896
0.516828179359436 0.5916564464569092
0.5253341794013977 0.6114055514335632
0.5121252536773682 0.6257206797599792
0.5164911150932312 0.6561340093612671
0.5143571496009827 0.6760379672050476
0.5216349363327026 0.7066013813018799
0.5306444764137268 0.7252928018569946
0.5268644094467163 0.7627509236335754
0.5270447134971619 0.8065701127052307
0.5213450789451599 0.834898054599762
0.5358679294586182 0.22181332111358643
0.5415263772010803 0.2657633125782013
0.5275022983551025 0.27754899859428406
0.5333234071731567 0.29706138372421265
0.5355013012886047 0.31507715582847595
0.5358633995056152 0.3375466763973236
0.5252516865730286 0.36194220185279846
0.537338137626648 0.37042272090911865
0.5416343808174133 0.39371609687805176
0.5295245051383972 0.4060937464237213
0.5363175272941589 0.43142592906951904
0.5403174161911011 0.45334526896476746
0.5285519957542419 0.4729008078575134
0.543674647808075 0.47429871559143066
0.5376678705215454 0.49910643696784973
0.5316222906112671 0.5274482369422913
0.541365921497345 0.5467323660850525
0.5412463545799255 0.5663784742355347
0.5231786966323853 0.5739749073982239
0.5462217330932617 0.602715015411377
0.5315775275230408 0.6313988566398621
0.5358908176422119 0.6543336510658264
0.5334120988845825 0.6815897822380066
0.5427594780921936 0.6970082521438599
0.5500355362892151 0.7380255460739136
0.5350192189216614 0.7484834790229797
0.5392699241638184 0.780584990978241
0.546116292476654 0.8328651785850525
0.5442344546318054 0.18309345841407776
0.5566028952598572 0.24845735728740692
0.5488148927688599 0.2830543518066406
0.5519893169403076 0.30665138363838196
0.562990128993988 0.3266722559928894
0.5542823076248169 0.33451569080352783
0.5454151630401611 0.3459479510784149
0.5557042956352234 0.36641332507133484
0.5624808073043823 0.38314712047576904
0.5503105521202087 0.4097979962825775
0.5560686588287354 0.4266177713871002
0.5657652020454407 0.45052698254585266
0.5629826784133911 0.46529364585876465
0.5571792721748352 0.48539480566978455
0.5603582859039307 0.5039060711860657
0.5472988486289978 0.51610267162323
0.5568881630897522 0.5303354859352112
0.5616475343704224 0.5575751066207886
0.5530378222465515 0.5854054689407349
0.5666310787200928 0.5927321314811707
0.5564942955970764 0.6244214773178101
0.5513811111450195 0.6443217396736145
0.5518692135810852 0.6745477318763733
0.5618811845779419 0.7042983770370483
0.5644623041152954 0.7225885987281799
0.5573931336402893 0.7665868401527405
0.5562863945960999 0.7977237105369568
0.5598270297050476 0.873199999332428
0.5817098021507263 0.1867874413728714
0.5684650540351868 0.22662675380706787
0.5712204575538635 0.2808619439601898
0.5638615489006042 0.2980386018753052
0.5726504921913147 0.318898469209671
0.5801593661308289 0.3418631851673126
0.5678973197937012 0.34972062706947327
0.5787479281425476 0.3655237853527069
0.5834821462631226 0.3817399740219116
0.5713436603546143 0.406205952167511
0.5848391056060791 0.4194403886795044
0.5788683295249939 0.44104111194610596
0.5814350247383118 0.4603487551212311
0.5760980844497681 0.48331594467163086
0.5773004293441772 0.5082549452781677
0.5852484107017517 0.5299584269523621
0.5716373920440674 0.5411456823348999
0.5783841609954834 0.5611843466758728
0.5820776224136353 0.578475296497345
0.5708838105201721 0.6127910614013672
0.5781762599945068 0.6404820680618286
0.5681520700454712 0.6656823754310608
0.5817224979400635 0.6907250285148621
0.5808543562889099 0.7118089199066162
0.5770934820175171 0.7370797991752625
0.5704532861709595 0.7527813911437988
0.5786227583885193 0.779799222946167
0.5717042684555054 0.8162448406219482
0.5957925915718079 0.2183423489332199
0.5786803960800171 0.2561189532279968
0.5890623331069946 0.2732524573802948
0.585063636302948 0.29605334997177124
0.5931742191314697 0.320425808429718
0.5966390371322632 0.33402585983276367
0.5911704301834106 0.35787415504455566
0.6000992059707642 0.374634712934494
0.595233678817749 0.3993012011051178
0.6063610911369324 0.4124683141708374
0.5954521894454956 0.4355390667915344
0.6039344668388367 0.4543515145778656
0.5922470092773438 0.4718269109725952
0.5969094634056091 0.4903656840324402
0.6113624572753906 0.5062905550003052
0.5980716347694397 0.5122646689414978
0.6038156151771545 0.5365711450576782
0.5938177704811096 0.552147388458252
0.5977259874343872 0.5751829743385315
0.5924100279808044 0.6035080552101135
0.5937426090240479 0.6263989806175232
0.5910171270370483 0.6617408990859985
0.6072436571121216 0.6798000335693359
0.5967278480529785 0.6947255730628967
0.5946386456489563 0.7273957133293152
0.5919890403747559 0.764780580997467
0.5925725698471069 0.7988049387931824
0.5892935395240784 0.8440521359443665
0.6083719730377197 0.13278406858444214
0.6069391369819641 0.2425902783870697
0.6114603281021118 0.27708369493484497
0.6013615727424622 0.30625903606414795
0.6098582744598389 0.32343196868896484
0.6054334044456482 0.34082427620887756
0.6168913841247559 0.3480588495731354
0.6224544048309326 0.3678363859653473
0.6126214265823364 0.3874290883541107
0.6264392733573914 0.40255507826805115
0.6179956197738647 0.4233376681804657
0.6221753358840942 0.4443260133266449
0.6282764077186584 0.46276986598968506
0.6119475960731506 0.47973665595054626
0.6234034299850464 0.49698901176452637
0.6185707449913025 0.5291852355003357
0.6288994550704956 0.5454866886138916
0.6168835759162903 0.5589046478271484
0.6139515042304993 0.5923709273338318
0.6254733204841614 0.610410213470459
0.6128973960876465 0.6320096254348755
0.6161010265350342 0.6564377546310425
0.6253021955490112 0.6826832890510559
0.6176212430000305 0.7035636305809021
0.6132035851478577 0.7242072820663452
0.602771520614624 0.746527910232544
0.6134498119354248 0.7866672873497009
0.6219513416290283 0.8792787194252014
0.6324017643928528 0.22964100539684296
0.621580958366394 0.2571563124656677
0.6179137825965881 0.2935708165168762
0.6243417859077454 0.3113666772842407
0.6269468069076538 0.32802605628967285
0.6383015513420105 0.3363644778728485
0.6308799982070923 0.3549477756023407
0.6343894600868225 0.3807303309440613
0.6390388607978821 0.3972112238407135
0.6441339254379272 0.4141019284725189
0.6373169422149658 0.4346081614494324
0.648595929145813 0.45493513345718384
0.6424265503883362 0.4738786220550537
0.6353416442871094 0.48537948727607727
0.6487452983856201 0.504318356513977
0.6337025165557861 0.5186300873756409
0.6449099779129028 0.5367187261581421
0.640066921710968 0.5659618377685547
0.6356613039970398 0.5854330658912659
0.6516278386116028 0.6025398373603821
0.6391350030899048 0.6208512187004089
0.6353368759155273 0.6436022520065308
0.6377118229866028 0.669981062412262
0.6351255178451538 0.7089505195617676
0.629655122756958 0.7310843467712402
0.6196923851966858 0.7568201422691345
0.6258862018585205 0.7745072245597839
0.605414867401123 0.8204985857009888
0.6365231871604919 0.1993553638458252
0.6512517333030701 0.2591986656188965
0.637930691242218 0.28500092029571533
0.641705334186554 0.30411040782928467
0.6501026153564453 0.3198624849319458
0.6435508131980896 0.34635913372039795
0.6475401520729065 0.3608914911746979
0.6507503390312195 0.3770953416824341
0.6534602046012878 0.38976508378982544
0.6622869372367859 0.4077830910682678
0.6556633710861206 0.42890045046806335
0.6588221192359924 0.44583120942115784
0.6652707457542419 0.4669018089771271
0.6570026278495789 0.48871931433677673
0.6655073165893555 0.5075397491455078
0.6566274166107178 0.5263873338699341
0.6695953607559204 0.5445634722709656
0.6585619449615479 0.5540738701820374
0.6622927188873291 0.5734761953353882
0.6654289364814758 0.5960973501205444
0.6633614301681519 0.6296056509017944
0.6523028612136841 0.6539931297302246
0.6544086933135986 0.6763286590576172
0.6528323292732239 0.6935185790061951
0.6510857343673706 0.7227532863616943
0.645560622215271 0.7409624457359314
0.6424799561500549 0.7920360565185547
0.6362568736076355 0.8139066100120544
0.6561225652694702 0.16297414898872375
0.6668757796287537 0.2428281158208847
0.6588523983955383 0.2792634963989258
0.6649602651596069 0.3080589771270752
0.6588322520256042 0.33094388246536255
0.6687701344490051 0.3425002992153168
0.6648399233818054 0.37004512548446655
0.6714351177215576 0.38383516669273376
0.6781277656555176 0.39717352390289307
0.672776460647583 0.4191342294216156
0.6797476410865784 0.4363599121570587
0.6722254753112793 0.4509618580341339
0.6878293752670288 0.4610503911972046
0.6721802353858948 0.48556700348854065
0.6856793761253357 0.5017138123512268
0.6778931617736816 0.5266847610473633
0.6909258961677551 0.5377749800682068
0.6852678060531616 0.5595043301582336
0.677071750164032 0.5834147334098816
0.6826953291893005 0.6046627759933472
0.6787611842155457 0.6264272332191467
0.6742938756942749 0.6469424366950989
0.6721243262290955 0.6655752658843994
0.6723890900611877 0.689922034740448
0.6661158204078674 0.7126784324645996
0.6665120720863342 0.7485624551773071
0.6566519737243652 0.7683556079864502
0.6790437698364258 0.8102684020996094
0.6814366579055786 0.21555544435977936
0.6812664270401001 0.2649092972278595
0.6778683066368103 0.29132935404777527
0.6877368688583374 0.30378514528274536
0.6810059547424316 0.3253127336502075
0.6790905594825745 0.35499706864356995
0.689175546169281 0.3641242980957031
0.6867731809616089 0.3810380697250366
0.6906702518463135 0.4057168960571289
0.701848030090332 0.41341015696525574
0.6942139267921448 0.4263368546962738
0.7003588676452637 0.4466453790664673
0.6942549347877502 0.4741879403591156
0.7053453922271729 0.4809587597846985
0.701327919960022 0.4960440397262573
0.6967822909355164 0.5141165256500244
0.7056035995483398 0.5447590351104736
0.700563907623291 0.5654248595237732
0.6994426250457764 0.5787226557731628
0.6976162791252136 0.5993790626525879
0.695270836353302 0.6229479908943176
0.6906207203865051 0.6453030109405518
0.6933743357658386 0.6693921089172363
0.6889317035675049 0.6859715580940247
0.6857205629348755 0.7065685987472534
0.6782751083374023 0.7348693609237671
0.6772353649139404 0.7871134877204895
0.6526008248329163 0.8393696546554565
0.7085955739021301 0.17120496928691864
0.6981054544448853 0.253943532705307
0.7035142779350281 0.28185856342315674
0.705484926700592 0.3150014281272888
0.6952893137931824 0.3342880606651306
0.7002936005592346 0.34797075390815735
0.7028504610061646 0.3750340938568115
0.7053642272949219 0.3893301486968994
0.7138765454292297 0.4016210436820984
0.7172423601150513 0.4209471344947815
0.710351824760437 0.4365096092224121
0.7114159464836121 0.453241229057312
0.7159866690635681 0.469387024641037
0.7193453311920166 0.4909588396549225
0.7161886096000671 0.5102779269218445
0.7078154683113098 0.5268437266349792
0.7198805809020996 0.5350408554077148
0.7155427932739258 0.5628949999809265
0.724932849407196 0.5827986001968384
0.7155500054359436 0.5963839292526245
0.7086859941482544 0.6161209344863892
0.7061601877212524 0.6412146091461182
0.7099626660346985 0.6608341336250305
0.7077826261520386 0.6928861141204834
0.6980350017547607 0.7157161831855774
0.7038254141807556 0.7458677887916565
0.6924530863761902 0.7688692808151245
0.6904764771461487 0.8692387938499451
0.711939811706543 0.22863245010375977
0.7215530872344971 0.2697257399559021
0.7146273255348206 0.29923316836357117
0.7267193794250488 0.31527212262153625
0.7158623933792114 0.33567383885383606
0.7228248715400696 0.35620325803756714
0.7169040441513062 0.36942291259765625
0.7323620319366455 0.3832556903362274
0.7299416065216064 0.4040796160697937
0.7382954359054565 0.4241147041320801
0.7267367243766785 0.44017669558525085
0.739639937877655 0.4582092761993408
0.7287280559539795 0.46705716848373413
0.7373712658882141 0.48554477095603943
0.7374745607376099 0.5028465986251831
0.7314816117286682 0.5255146622657776
0.7391090393066406 0.5420609712600708
0.7305808067321777 0.5553081035614014
0.739100456237793 0.5700151920318604
0.7370455861091614 0.5904475450515747
0.7298393845558167 0.6136239171028137
0.7236983776092529 0.6338889002799988
0.7284367084503174 0.6636086106300354
0.7287348508834839 0.6883853077888489
0.7219699621200562 0.7132666110992432
0.7280762195587158 0.7393871545791626
0.7145845293998718 0.7866924405097961
0.7192779183387756 0.8188818693161011
0.74945467710495 0.20741721987724304
0.7523720264434814 0.2608547508716583
0.7437178492546082 0.28930410742759705
0.7505735158920288 0.3055093288421631
0.7502935528755188 0.329035222530365
0.7380478382110596 0.34356948733329773
0.7415690422058105 0.3735050559043884
0.7511809468269348 0.39384210109710693
0.7469013333320618 0.413320392370224
0.7583774328231812 0.4297288954257965
0.745779812335968 0.44266849756240845
0.7626864910125732 0.4502912759780884
0.7510104775428772 0.478792279958725
0.7593916654586792 0.4949776828289032
0.7483750581741333 0.5104436874389648
0.762919545173645 0.5198314785957336
0.752842903137207 0.535608172416687
0.7592999935150146 0.5551359057426453
0.7605897784233093 0.5790640711784363
0.7554587721824646 0.5998620390892029
0.7441369891166687 0.6255476474761963
0.7581453323364258 0.6418256163597107
0.744580864906311 0.6543976068496704
0.7519771456718445 0.6761317849159241
0.7484404444694519 0.7013043165206909
0.7521044611930847 0.7279806733131409
0.739894688129425 0.767903745174408
0.7522560954093933 0.8600597977638245
0.7764245867729187 0.15295188128948212
0.7711262106895447 0.24237953126430511
0.7861587405204773 0.286422997713089
0.7825139760971069 0.3134006857872009
0.7685961723327637 0.33956673741340637
0.7586802840232849 0.363869309425354
0.7837615609169006 0.36545810103416443
0.7824440598487854 0.3886486887931824
0.767697274684906 0.40178146958351135
0.7802621126174927 0.4216857850551605
0.8099405169487 0.4322674870491028
0.7916610240936279 0.4542616903781891
0.7696946859359741 0.4661799669265747
0.7843026518821716 0.4909965991973877
0.8028277158737183 0.5093603730201721
0.7845413684844971 0.5258758068084717
0.781512439250946 0.5467993021011353
0.8069581389427185 0.562915563583374
0.7758222222328186 0.5709185600280762
0.7919243574142456 0.5956925749778748
0.7685728669166565 0.6113566160202026
0.7877989411354065 0.6238537430763245
0.7786750793457031 0.6516300439834595
0.7920595407485962 0.6766302585601807
0.7737666964530945 0.696424126625061
0.7837544679641724 0.7297725081443787
0.7700546383857727 0.7606877684593201
0.7681698799133301 0.8027274012565613
0.8496286273002625 0.21234726905822754
0.8157379031181335 0.25564077496528625
0.8749783039093018 0.2934759259223938
0.8213946223258972 0.3141426146030426
0.8056315183639526 0.3446899652481079
0.8695257902145386 0.35106316208839417
0.8363075256347656 0.37017372250556946
0.8074906468391418 0.3866787850856781
0.8340514302253723 0.40633606910705566
0.8754740357398987 0.41696542501449585
0.8522986173629761 0.44982028007507324
0.8282069563865662 0.4637533724308014
0.8108238577842712 0.47640782594680786
0.8846715688705444 0.48753148317337036
0.8295890092849731 0.5033140778541565
0.8573293089866638 0.5231198072433472
0.8123581409454346 0.5375145077705383
0.8402741551399231 0.5553234219551086
0.8865581750869751 0.5816047787666321
0.8186089396476746 0.590721070766449
0.8432884812355042 0.6078303456306458
0.8115395903587341 0.633248507976532
0.8657305836677551 0.6527022123336792
0.8242349028587341 0.6693093180656433
0.8152765035629272 0.7109695672988892
0.8697080016136169 0.7301234602928162
0.8209107518196106 0.7677911520004272
0.8342358469963074 0.835635781288147
