0.08864897084286387

0.14305725693702698 0.21080805361270905
0.1841471642255783 0.2512127161026001
0.19378076493740082 0.28806617856025696
0.13041672110557556 0.2996903955936432
0.18652856349945068 0.31825414299964905
0.1486574411392212 0.336385041475296
0.18179646134376526 0.3554343581199646
0.12718160450458527 0.37754368782043457
0.1693849414587021 0.387651264667511
0.15919743478298187 0.4229012727737427
0.10101555287837982 0.4274551272392273
0.14111006259918213 0.45054635405540466
0.16528229415416718 0.47860655188560486
0.13525450229644775 0.4908706247806549
0.10934308916330338 0.5436407327651978
0.15971826016902924 0.5346118807792664
0.12832055985927582 0.5854624509811401
0.14125078916549683 0.6111693978309631
0.11196352541446686 0.6354681253433228
0.14740873873233795 0.6561833620071411
0.11882171034812927 0.686034619808197
0.1651620864868164 0.6733594536781311
0.15483924746513367 0.6993393898010254
0.12998156249523163 0.7196242809295654
0.16377760469913483 0.7461322546005249
0.11558070033788681 0.7586200833320618
0.16040940582752228 0.7832541465759277
0.13420423865318298 0.8212172389030457
0.22300735116004944 0.16585670411586761
0.23525294661521912 0.22696815431118011
0.22799740731716156 0.2736138701438904
0.2462930679321289 0.2997046113014221
0.21853892505168915 0.3223945200443268
0.2322872430086136 0.3469565510749817
0.2092229425907135 0.35200685262680054
0.22524984180927277 0.3739755153656006
0.20125709474086761 0.3830060660839081
0.206298828125 0.4141714870929718
0.18894030153751373 0.4348424971103668
0.21609272062778473 0.4511289894580841
0.19560198485851288 0.4673443138599396
0.1881856620311737 0.5059918761253357
0.21003489196300507 0.5336984992027283
0.20339246094226837 0.5575466156005859
0.178253635764122 0.5849858522415161
0.18903668224811554 0.6119867563247681
0.17265118658542633 0.6379548907279968
0.2012227177619934 0.645629346370697
0.20502923429012299 0.6637478470802307
0.19353118538856506 0.6853719353675842
0.18701325356960297 0.7059638500213623
0.17587141692638397 0.7241522073745728
0.20187504589557648 0.739536464214325
0.19066715240478516 0.7592869997024536
0.1852937638759613 0.77898770570755
0.19320614635944366 0.8484503030776978
0.2768748700618744 0.1998097151517868
0.2761003375053406 0.24037092924118042
0.26370400190353394 0.2707270383834839
0.27964842319488525 0.2992408573627472
0.2551717162132263 0.32351234555244446
0.26844313740730286 0.3358086943626404
0.2518256902694702 0.3496721088886261
0.2632003724575043 0.36258888244628906
0.25082510709762573 0.3888190984725952
0.24501480162143707 0.40863239765167236
0.23092998564243317 0.42372387647628784
0.2405196726322174 0.44843199849128723
0.23438754677772522 0.4782230257987976
0.22227148711681366 0.49745482206344604
0.24612073600292206 0.5265951752662659
0.2391151338815689 0.5557901859283447
0.23162953555583954 0.5890548229217529
0.22586733102798462 0.6103981733322144
0.21933211386203766 0.6376274824142456
0.24377906322479248 0.643129289150238
0.23757995665073395 0.6672095656394958
0.22978179156780243 0.6830866932868958
0.22223064303398132 0.7039443850517273
0.2116239070892334 0.7192731499671936
0.2283083200454712 0.7334948182106018
0.21726754307746887 0.7548049092292786
0.22609229385852814 0.7772122025489807
0.2081637680530548 0.7998551726341248
0.30011865496635437 0.12942257523536682
0.31153014302253723 0.23574087023735046
0.2963370084762573 0.27223122119903564
0.3039228618144989 0.2949715852737427
0.29555922746658325 0.31501078605651855
0.28990647196769714 0.3295353651046753
0.29918375611305237 0.3434085547924042
0.28333327174186707 0.36016106605529785
0.279941588640213 0.3788444995880127
0.275434285402298 0.40085509419441223
0.26766249537467957 0.4254879057407379
0.2631968855857849 0.4484066963195801
0.2763383090496063 0.47760313749313354
0.2572169601917267 0.4969780743122101
0.2739412486553192 0.5346364974975586
0.27483266592025757 0.5693468451499939
0.2578349709510803 0.5946744680404663
0.2774655520915985 0.6139766573905945
0.25304460525512695 0.6219356060028076
0.26649707555770874 0.6499450206756592
0.26507219672203064 0.6710872650146484
0.2575658857822418 0.6876048445701599
0.24599961936473846 0.7032417058944702
0.2555798292160034 0.7214299440383911
0.24468515813350677 0.7297446727752686
0.237918883562088 0.7482898235321045
0.24842944741249084 0.7884131669998169
0.2538984715938568 0.8326979875564575
0.3245861828327179 0.19055141508579254
0.3433113098144531 0.21848013997077942
0.3212420642375946 0.26542845368385315
0.33054491877555847 0.2910667061805725
0.325557678937912 0.30939385294914246
0.31534963846206665 0.3253135085105896
0.32025352120399475 0.3413510024547577
0.31096088886260986 0.3595610558986664
0.30952006578445435 0.3785352408885956
0.3001089096069336 0.40391093492507935
0.30783501267433167 0.4262365996837616
0.28726884722709656 0.4449915587902069
0.30005568265914917 0.471819132566452
0.29120391607284546 0.5109745860099792
0.3115992248058319 0.5351935029029846
0.30465906858444214 0.5673773884773254
0.2892683744430542 0.5902546048164368
0.3061106204986572 0.6121779084205627
0.2969350814819336 0.6315339207649231
0.28244832158088684 0.6405733227729797
0.29071223735809326 0.6675414443016052
0.28712987899780273 0.6818075776100159
0.2745594084262848 0.6983386278152466
0.283654123544693 0.7088522911071777
0.27674600481987 0.7286785840988159
0.26662778854370117 0.7407304644584656
0.26364365220069885 0.7587445378303528
0.2833606004714966 0.7967233061790466
0.3611970543861389 0.16709278523921967
0.35881608724594116 0.24524740874767303
0.3496180772781372 0.2620767056941986
0.3472619354724884 0.28045719861984253
0.34993618726730347 0.3037961423397064
0.3408433794975281 0.3210889995098114
0.34132102131843567 0.33654719591140747
0.33687400817871094 0.35583800077438354
0.3360899090766907 0.3754628002643585
0.32475972175598145 0.39176034927368164
0.3308095633983612 0.41305989027023315
0.3216473460197449 0.45289552211761475
0.3328257203102112 0.47642040252685547
0.3232959806919098 0.502505362033844
0.3427911698818207 0.5403802990913391
0.333220899105072 0.5667792558670044
0.316290020942688 0.5937868356704712
0.32954126596450806 0.6085206866264343
0.32736530900001526 0.6289212703704834
0.32350295782089233 0.645916223526001
0.31071439385414124 0.661583662033081
0.31491896510124207 0.6788062453269958
0.30759936571121216 0.6932218074798584
0.30469265580177307 0.7071825265884399
0.29500922560691833 0.7246137857437134
0.2960846722126007 0.7477481961250305
0.28961804509162903 0.7692310810089111
0.2976394295692444 0.8687808513641357
0.39041775465011597 0.1956990659236908
0.38052165508270264 0.22083722054958344
0.37996533513069153 0.2585236430168152
0.3700675368309021 0.28189370036125183
0.3683857023715973 0.3076646625995636
0.37508952617645264 0.32115665078163147
0.36244887113571167 0.3304038643836975
0.35818564891815186 0.34678784012794495
0.3522631824016571 0.36309340596199036
0.3533457815647125 0.39451801776885986
0.35757529735565186 0.42719703912734985
0.35278505086898804 0.44906359910964966
0.3636883497238159 0.4811282157897949
0.3595055639743805 0.5109829306602478
0.3724745512008667 0.5330149531364441
0.36481308937072754 0.5565933585166931
0.35304731130599976 0.5779623985290527
0.3583815097808838 0.5999240279197693
0.35039806365966797 0.6185392737388611
0.34300294518470764 0.6387225389480591
0.3459528088569641 0.6575695276260376
0.33742570877075195 0.673342764377594
0.33240121603012085 0.6907472610473633
0.32488149404525757 0.7017918229103088
0.3194451928138733 0.7175299525260925
0.320936381816864 0.7445247769355774
0.32836630940437317 0.7725360989570618
0.3145677149295807 0.8044665455818176
0.39252305030822754 0.12752041220664978
0.40104594826698303 0.23534929752349854
0.39516568183898926 0.2609242796897888
0.38851815462112427 0.2843720316886902
0.3838290274143219 0.2993651032447815
0.39386609196662903 0.31807759404182434
0.3855864107608795 0.3367859125137329
0.3814115524291992 0.35667121410369873
0.3704492449760437 0.3673050105571747
0.37802693247795105 0.39018765091896057
0.3900214731693268 0.4203552305698395
0.38479411602020264 0.4440048038959503
0.38120874762535095 0.47704973816871643
0.3939201831817627 0.5010402202606201
0.38890933990478516 0.5369191765785217
0.38482457399368286 0.5653464794158936
0.38552623987197876 0.5837008953094482
0.3777821660041809 0.6038678884506226
0.37202078104019165 0.6225283145904541
0.3704250752925873 0.6379837393760681
0.3667152523994446 0.651461660861969
0.3620361089706421 0.6687382459640503
0.35604217648506165 0.6840188503265381
0.35130050778388977 0.7016786336898804
0.3468276858329773 0.7152521014213562
0.343938410282135 0.7381429076194763
0.3593060374259949 0.7994136214256287
0.3435785174369812 0.8416213393211365
0.42085060477256775 0.16761107742786407
0.41486096382141113 0.20942120254039764
0.418692946434021 0.2599937319755554
0.4068552255630493 0.27940574288368225
0.41206708550453186 0.29519644379615784
0.4043683111667633 0.3110964298248291
0.4101678729057312 0.3296975791454315
0.3982534408569336 0.3460436463356018
0.40524131059646606 0.3741411566734314
0.4016474783420563 0.39957642555236816
0.4117705225944519 0.42412063479423523
0.4185466170310974 0.44610396027565
0.4044876992702484 0.47137728333473206
0.4156252443790436 0.5018078684806824
0.4108429253101349 0.5289715528488159
0.4141506254673004 0.5549535751342773
0.40935018658638 0.5755236744880676
0.4033792316913605 0.5980150699615479
0.3993237018585205 0.6166556477546692
0.39111092686653137 0.6343740820884705
0.3891054689884186 0.6516962647438049
0.3850640058517456 0.6661971211433411
0.3786146342754364 0.680109977722168
0.37474581599235535 0.6991225481033325
0.3683374226093292 0.7207233905792236
0.3586316704750061 0.7500029802322388
0.3665483593940735 0.775472104549408
0.3755246698856354 0.8702600002288818
0.4352949857711792 0.19105419516563416
0.43305933475494385 0.22755877673625946
0.4310019910335541 0.24745763838291168
0.42610111832618713 0.2847824692726135
0.43429088592529297 0.2982453405857086
0.4250074326992035 0.3161713778972626
0.43080371618270874 0.3367624878883362
0.41745853424072266 0.34802383184432983
0.42427951097488403 0.3683139681816101
0.42847108840942383 0.39243125915527344
0.4380715787410736 0.41799214482307434
0.44562336802482605 0.44887638092041016
0.432053804397583 0.48082858324050903
0.43695068359375 0.5099345445632935
0.42833706736564636 0.5342261791229248
0.4366846978664398 0.5619243383407593
0.4319664239883423 0.5830141305923462
0.4252316355705261 0.5974689722061157
0.42318782210350037 0.617480456829071
0.4171949625015259 0.6280937194824219
0.4133744239807129 0.6424869298934937
0.40917518734931946 0.6583863496780396
0.3987899720668793 0.6739317178726196
0.4037407338619232 0.6913971304893494
0.39646971225738525 0.7088202834129333
0.38869425654411316 0.7313558459281921
0.39552509784698486 0.7564429044723511
0.404065877199173 0.8316813111305237
0.4530213177204132 0.1285209059715271
0.448955774307251 0.21595506370067596
0.44612056016921997 0.26403602957725525
0.44013550877571106 0.281101256608963
0.45172032713890076 0.2964094579219818
0.45151516795158386 0.3117765486240387
0.4417518079280853 0.3226388394832611
0.44790858030319214 0.34294065833091736
0.4474847614765167 0.37077534198760986
0.4575747847557068 0.39421677589416504
0.45972439646720886 0.4229183793067932
0.4649335741996765 0.45596614480018616
0.4494263827800751 0.47243309020996094
0.45385298132896423 0.4984775483608246
0.4523254632949829 0.5185688734054565
0.45727255940437317 0.543845534324646
0.45240554213523865 0.5724614262580872
0.4508076012134552 0.5895788073539734
0.44330883026123047 0.6028717756271362
0.44035428762435913 0.6259490847587585
0.4341689646244049 0.6395795345306396
0.4273699223995209 0.6537020802497864
0.4270605742931366 0.6685598492622375
0.41881263256073 0.6819003820419312
0.42006126046180725 0.7147031426429749
0.41634583473205566 0.7396300435066223
0.4064035415649414 0.7915953993797302
0.42848896980285645 0.8164408206939697
0.4653237760066986 0.18611764907836914
0.464385449886322 0.2242581844329834
0.4553496241569519 0.24475878477096558
0.46204474568367004 0.2747627794742584
0.4664597511291504 0.29007288813591003
0.4711718261241913 0.31437647342681885
0.4651109576225281 0.3319207429885864
0.4639337658882141 0.35775354504585266
0.47555088996887207 0.3777029812335968
0.47783365845680237 0.39975592494010925
0.4734896719455719 0.42570775747299194
0.48170602321624756 0.46028316020965576
0.4708476960659027 0.48486170172691345
0.4817087948322296 0.5070242881774902
0.4763628840446472 0.5277564525604248
0.47634807229042053 0.5482109785079956
0.4720357656478882 0.5635887980461121
0.47424790263175964 0.5801945924758911
0.46445712447166443 0.6028200387954712
0.46024784445762634 0.6175113320350647
0.45873162150382996 0.6335548162460327
0.45309191942214966 0.6478858590126038
0.4484493136405945 0.6630586981773376
0.44319623708724976 0.6856997609138489
0.43584775924682617 0.7009491920471191
0.4440586566925049 0.7425834536552429
0.4335310459136963 0.7752050757408142
0.44660118222236633 0.8791995644569397
0.47975221276283264 0.162938192486763
0.4837057292461395 0.2036367952823639
0.4774521291255951 0.25009679794311523
0.4752832055091858 0.2662465572357178
0.4827638566493988 0.29839473962783813
0.4777842164039612 0.3256910443305969
0.4875465929508209 0.3456844687461853
0.48822611570358276 0.36429035663604736
0.4899365305900574 0.38087204098701477
0.49193981289863586 0.4073950946331024
0.4881787896156311 0.4317546784877777
0.4997616112232208 0.4514686167240143
0.4913264811038971 0.4791182577610016
0.49964451789855957 0.5010946393013
0.5048567652702332 0.5229009389877319
0.4947786331176758 0.5406865477561951
0.4888123869895935 0.5699808597564697
0.48786383867263794 0.5829617381095886
0.4801563322544098 0.5960602760314941
0.47792088985443115 0.6139153838157654
0.47336217761039734 0.6294544339179993
0.47073623538017273 0.6480156183242798
0.4674721956253052 0.6609440445899963
0.4624936282634735 0.6809729337692261
0.4721492826938629 0.7142050266265869
0.45019984245300293 0.7153099179267883
0.4626646637916565 0.7791557312011719
0.45909228920936584 0.8382557034492493
0.4981617033481598 0.13966503739356995
0.48622098565101624 0.23168684542179108
0.4961722791194916 0.2623039484024048
0.4912889897823334 0.27940040826797485
0.5020772218704224 0.2906409800052643
0.4923197627067566 0.3128748834133148
0.4984310567378998 0.3340403139591217
0.50233393907547 0.3567344844341278
0.5054488182067871 0.3883783519268036
0.5011149048805237 0.4171750247478485
0.5103065371513367 0.43619024753570557
0.5171785950660706 0.45833301544189453
0.510389506816864 0.4729960858821869
0.5131323337554932 0.4929690957069397
0.5193265080451965 0.5307189226150513
0.5119873285293579 0.5445017218589783
0.5044671893119812 0.5586156845092773
0.5031018853187561 0.5781018733978271
0.49905163049697876 0.5986337065696716
0.496358186006546 0.611583948135376
0.49318164587020874 0.6267610192298889
0.4876444935798645 0.6444774866104126
0.4920736849308014 0.6673038601875305
0.47817009687423706 0.6830554008483887
0.48568370938301086 0.7014724612236023
0.4732773005962372 0.7403723001480103
0.48563212156295776 0.7597193717956543
0.4693663418292999 0.8036626577377319
0.5110125541687012 0.18960297107696533
0.49864086508750916 0.22179462015628815
0.5041761994361877 0.24366483092308044
0.5119752883911133 0.2714466154575348
0.5047198534011841 0.30364131927490234
0.5137803554534912 0.31659892201423645
0.5145182609558105 0.3384318947792053
0.5164114832878113 0.36353355646133423
0.5201202034950256 0.38151857256889343
0.5128625631332397 0.4114531874656677
0.5250533223152161 0.4246706962585449
0.5334390997886658 0.44889169931411743
0.5275384783744812 0.4804673194885254
0.5336053371429443 0.49725961685180664
0.5222771763801575 0.5153136849403381
0.5301076769828796 0.5480717420578003
0.5251235961914062 0.5622613430023193
0.5240689516067505 0.5782370567321777
0.5177650451660156 0.5880485773086548
0.5129151344299316 0.6057530045509338
0.5089656710624695 0.6214726567268372
0.5056321024894714 0.6361057758331299
0.5008717179298401 0.6549257040023804
0.5084405541419983 0.6793620586395264
0.5038636922836304 0.7044453620910645
0.4990082085132599 0.7304319739341736
0.4991651773452759 0.7932447791099548
0.5054165124893188 0.8334953188896179
0.5186572670936584 0.16488181054592133
0.521148681640625 0.20978164672851562
0.5221238136291504 0.24780912697315216
0.5211847424507141 0.2833177149295807
0.5265130996704102 0.2975238263607025
0.5263112783432007 0.3216044306755066
0.5268874764442444 0.3428325355052948
0.5319478511810303 0.36790263652801514
0.527851939201355 0.39686062932014465
0.53828364610672 0.4067433476448059
0.5422488451004028 0.43055635690689087
0.5424354672431946 0.4626137912273407
0.5461024641990662 0.4754030108451843
0.546136736869812 0.5035823583602905
0.5443562865257263 0.5269739031791687
0.5389610528945923 0.5418238639831543
0.5436487793922424 0.5556449294090271
0.5356670618057251 0.5714917182922363
0.5332021117210388 0.5925772190093994
0.5301802754402161 0.6080586314201355
0.5269480347633362 0.6224202513694763
0.5352436900138855 0.6333840489387512
0.5165607929229736 0.6566736102104187
0.5252206921577454 0.6751874685287476
0.5234894752502441 0.7107736468315125
0.5159649848937988 0.7398286461830139
0.5121639966964722 0.7676143646240234
0.5021843910217285 0.8730311393737793
0.5407760739326477 0.11243945360183716
0.5349264144897461 0.22399525344371796
0.5368340611457825 0.26106351613998413
0.5321683287620544 0.27867236733436584
0.5393342971801758 0.3050135672092438
0.5463085174560547 0.3234742283821106
0.540701150894165 0.34631186723709106
0.5469289422035217 0.36994272470474243
0.5481460094451904 0.38521483540534973
0.5562625527381897 0.41722816228866577
0.5587804317474365 0.4408547282218933
0.5659973621368408 0.459695965051651
0.5566616058349609 0.48229533433914185
0.5648690462112427 0.5074665546417236
0.5527334213256836 0.5150167942047119
0.5654432773590088 0.5355638861656189
0.5595030188560486 0.5506536364555359
0.5552471876144409 0.5698801279067993
0.5475298166275024 0.5872412919998169
0.5552695393562317 0.5972550511360168
0.544746994972229 0.614956796169281
0.5511404871940613 0.643311619758606
0.5412580966949463 0.6517452597618103
0.5451083779335022 0.6699541211128235
0.5326805710792542 0.6919887065887451
0.538311243057251 0.7254855036735535
0.5381029844284058 0.7781153321266174
0.5324679017066956 0.8103489875793457
0.5409899353981018 0.1838429570198059
0.5528934001922607 0.23207105696201324
0.5586451888084412 0.25653567910194397
0.5485323667526245 0.27287906408309937
0.553225576877594 0.29467010498046875
0.5556262731552124 0.33729976415634155
0.5600472688674927 0.35328787565231323
0.5658992528915405 0.3741258978843689
0.561636745929718 0.39361807703971863
0.5706587433815002 0.4162643253803253
0.5715063214302063 0.43717512488365173
0.5757469534873962 0.47072771191596985
0.5729095339775085 0.48860377073287964
0.5824467539787292 0.501160740852356
0.574398934841156 0.51815265417099
0.5823794007301331 0.5390869975090027
0.570664644241333 0.5581897497177124
0.5647757053375244 0.5759783983230591
0.5720471739768982 0.5860273241996765
0.5687217712402344 0.6038015484809875
0.5657020211219788 0.6231707334518433
0.5566892027854919 0.6300762891769409
0.5696497559547424 0.6550024151802063
0.5583428144454956 0.6817535161972046
0.5529963970184326 0.7025123834609985
0.5597869753837585 0.7312924265861511
0.546542227268219 0.7544680237770081
0.5512528419494629 0.8427028656005859
0.5645416378974915 0.1540885865688324
0.560566246509552 0.20882971584796906
0.5710920095443726 0.24294275045394897
0.5666826367378235 0.2816162705421448
0.5631927847862244 0.3049163520336151
0.5715667605400085 0.3273487389087677
0.5758879780769348 0.34950095415115356
0.5769395232200623 0.37918055057525635
0.5807732939720154 0.39717233180999756
0.587378203868866 0.42319124937057495
0.5847585797309875 0.4485451281070709
0.5898256301879883 0.4672122299671173
0.595954418182373 0.49116823077201843
0.5941015481948853 0.5068894028663635
0.5937906503677368 0.5249055624008179
0.6009897589683533 0.53564453125
0.5892163515090942 0.5503457188606262
0.5851091146469116 0.565531313419342
0.5949331521987915 0.5854326486587524
0.5857235193252563 0.597162663936615
0.5907283425331116 0.6150157451629639
0.5772241353988647 0.6362245678901672
0.5863489508628845 0.6505846977233887
0.5772579908370972 0.6729770302772522
0.5808927416801453 0.6984891891479492
0.5791882276535034 0.7439308762550354
0.5694793462753296 0.7805519700050354
0.5745754241943359 0.8085495829582214
0.57526695728302 0.19249504804611206
0.5836824774742126 0.2233835905790329
0.5802398324012756 0.26640069484710693
0.5803953409194946 0.29254040122032166
0.5856194496154785 0.31838905811309814
0.5925401449203491 0.3348689079284668
0.5917817950248718 0.3574427664279938
0.5964823961257935 0.38922950625419617
0.6024908423423767 0.40865322947502136
0.6066780686378479 0.42765212059020996
0.596912145614624 0.44390547275543213
0.605890691280365 0.4616762101650238
0.6122933626174927 0.478558212518692
0.6131452322006226 0.49822402000427246
0.6106120347976685 0.5171588063240051
0.6177901029586792 0.5360128283500671
0.6126642227172852 0.5491905808448792
0.6098445057868958 0.5624188184738159
0.6015415191650391 0.5776512026786804
0.61399906873703 0.5957889556884766
0.6085138916969299 0.6138787865638733
0.5986603498458862 0.6300800442695618
0.6105455756187439 0.6527149677276611
0.6039140224456787 0.6654596924781799
0.596670925617218 0.6887037754058838
0.5924078226089478 0.7238767743110657
0.5944417119026184 0.7621274590492249
0.5796812176704407 0.8764340281486511
0.6020693182945251 0.17689606547355652
0.6013815402984619 0.20649947226047516
0.5919623374938965 0.24583807587623596
0.6035290360450745 0.28509384393692017
0.60751873254776 0.3029857873916626
0.609503448009491 0.3312273621559143
0.6078119874000549 0.360761821269989
0.6134561896324158 0.38077840209007263
0.6219168901443481 0.4042375087738037
0.619848906993866 0.4346607029438019
0.6265115737915039 0.451267272233963
0.6338446736335754 0.4686572253704071
0.6378763318061829 0.4885613024234772
0.6307647228240967 0.5067093968391418
0.6271370053291321 0.5204928517341614
0.6366469264030457 0.5319668650627136
0.6425540447235107 0.5502740740776062
0.6340289115905762 0.5678582191467285
0.6198527812957764 0.5746590495109558
0.629695475101471 0.5879442691802979
0.6265617609024048 0.6106153130531311
0.6340206265449524 0.6275922060012817
0.6180532574653625 0.6367039680480957
0.6257542371749878 0.6705931425094604
0.6209563612937927 0.6964633464813232
0.6140809059143066 0.7189323306083679
0.6165931224822998 0.7818626761436462
0.6043652892112732 0.8265451192855835
0.6062884330749512 0.14494775235652924
0.625627875328064 0.2287120521068573
0.6147635579109192 0.24802088737487793
0.6144098043441772 0.2734050154685974
0.6267991662025452 0.3125600218772888
0.6281364560127258 0.3372434675693512
0.6367687582969666 0.36322736740112305
0.6339749097824097 0.3899070620536804
0.638694167137146 0.41266682744026184
0.643342137336731 0.43028953671455383
0.6504684090614319 0.45236533880233765
0.6560608148574829 0.4742441773414612
0.6608849167823792 0.4943926930427551
0.6476380825042725 0.5066272616386414
0.6532653570175171 0.5222856998443604
0.6675115823745728 0.526078999042511
0.6619517803192139 0.5435300469398499
0.6552280783653259 0.5626435279846191
0.6631692051887512 0.5805671811103821
0.6451414823532104 0.5939046144485474
0.6507622003555298 0.6057626605033875
0.6548226475715637 0.6242490410804749
0.6411484479904175 0.6471259593963623
0.6453862190246582 0.667313814163208
0.6442673802375793 0.6983162760734558
0.6367431282997131 0.729788064956665
0.622032642364502 0.7501745820045471
0.6409033536911011 0.804830014705658
0.6433802843093872 0.1272457242012024
0.6391624808311462 0.20198529958724976
0.6402115225791931 0.2634122669696808
0.642584502696991 0.2929040491580963
0.655921220779419 0.31590259075164795
0.6520528793334961 0.3406098186969757
0.6528730392456055 0.37088051438331604
0.6604847311973572 0.3922174572944641
0.6684985756874084 0.41875210404396057
0.6734146475791931 0.43909743428230286
0.6774698495864868 0.45865538716316223
0.6787718534469604 0.47968077659606934
0.6976519227027893 0.5021297335624695
0.6767953634262085 0.5057768225669861
0.6878977417945862 0.5196905732154846
0.690619945526123 0.5339812636375427
0.6805973649024963 0.549407422542572
0.6768375039100647 0.5685484409332275
0.6938820481300354 0.5755797624588013
0.6826478838920593 0.5938968062400818
0.6794339418411255 0.6077882647514343
0.6709548830986023 0.6267766356468201
0.664747416973114 0.6421996355056763
0.6733472943305969 0.6599502563476562
0.6658019423484802 0.6830812692642212
0.6595680713653564 0.719441294670105
0.6526390910148621 0.7634724378585815
0.6517937183380127 0.8594866394996643
0.6597229242324829 0.17803625762462616
0.6660290956497192 0.22228121757507324
0.6668574213981628 0.2560996413230896
0.6715095043182373 0.2938677966594696
0.6816388368606567 0.3255445659160614
0.6823895573616028 0.35053759813308716
0.6827641129493713 0.3763444125652313
0.6896701455116272 0.4067288339138031
0.6970826983451843 0.4233990013599396
0.7002243995666504 0.44500574469566345
0.7115705609321594 0.4598272740840912
0.706660270690918 0.4780867397785187
0.7190566062927246 0.49575746059417725
0.7250341176986694 0.5094354152679443
0.7111913561820984 0.5256588459014893
0.7267642617225647 0.5461286306381226
0.7052249312400818 0.5450788140296936
0.7136988043785095 0.5616006851196289
0.7174733281135559 0.5776048302650452
0.7016557455062866 0.5915593504905701
0.7148262858390808 0.6054872274398804
0.7076566219329834 0.6174635291099548
0.6941668391227722 0.6325465440750122
0.7032073736190796 0.6517565250396729
0.6885541081428528 0.6811102628707886
0.6862691044807434 0.7135429382324219
0.6747581958770752 0.7496259808540344
0.6797419190406799 0.8045310974121094
0.7060039043426514 0.18375881016254425
0.6966488361358643 0.23282356560230255
0.6970298290252686 0.2686014175415039
0.7048549652099609 0.3006950318813324
0.7180309295654297 0.3312240242958069
0.710023045539856 0.3599877953529358
0.7188913226127625 0.3830903172492981
0.7293787598609924 0.4113190770149231
0.7292839884757996 0.4271937310695648
0.7408455014228821 0.44382449984550476
0.7483760714530945 0.4677606225013733
0.7372516989707947 0.486144095659256
0.760850727558136 0.4974598288536072
0.7533345818519592 0.5131014585494995
0.7348929047584534 0.5302562713623047
0.7619337439537048 0.5275793671607971
0.7556142210960388 0.5463427901268005
0.7470294833183289 0.5605542659759521
0.7377894520759583 0.5687389373779297
0.7314198613166809 0.5893474221229553
0.7512766718864441 0.5992475152015686
0.7459803223609924 0.6170610785484314
0.7309882640838623 0.6276342272758484
0.7380300760269165 0.6481195092201233
0.7185277938842773 0.6744474768638611
0.7189561724662781 0.7055556178092957
0.7077374458312988 0.7495633959770203
0.7260083556175232 0.7789145112037659
0.7187108993530273 0.12397883832454681
0.7308204770088196 0.2318825125694275
0.742070198059082 0.27127572894096375
0.7464074492454529 0.30714476108551025
0.7561571002006531 0.3366709351539612
0.7556689381599426 0.37384286522865295
0.7644904851913452 0.3975241780281067
0.763617217540741 0.42062923312187195
0.7894272804260254 0.43061384558677673
0.7758569121360779 0.45374494791030884
0.7928529977798462 0.4660659432411194
0.7698822617530823 0.48124420642852783
0.7791028022766113 0.5038703680038452
0.8011312484741211 0.5091514587402344
0.7864624261856079 0.525016188621521
0.7770872712135315 0.5469203591346741
0.7949134111404419 0.5508270859718323
0.792615532875061 0.5626368522644043
0.7616205215454102 0.5764238238334656
0.7837657332420349 0.5791592001914978
0.7760955095291138 0.5954388380050659
0.7834851741790771 0.6131236553192139
0.7660022377967834 0.6287173628807068
0.7710886001586914 0.6491157412528992
0.7548195719718933 0.6748296022415161
0.7646836638450623 0.7084341645240784
0.753613293170929 0.7366230487823486
0.7279782295227051 0.867003858089447
0.7567605376243591 0.18861311674118042
0.7907251119613647 0.24408355355262756
0.7937849760055542 0.2897425889968872
0.7981839179992676 0.32946157455444336
0.7911138534545898 0.36390379071235657
0.8196566104888916 0.38394924998283386
0.8015357255935669 0.402530699968338
0.8370996117591858 0.42463594675064087
0.820053219795227 0.4489598572254181
0.8457006812095642 0.4521583318710327
0.8313472867012024 0.47179505228996277
0.8048131465911865 0.47655802965164185
0.815938413143158 0.49193426966667175
0.8235434889793396 0.5144264698028564
0.8449124097824097 0.5169087052345276
0.8411849737167358 0.5385624170303345
0.8112028241157532 0.536353588104248
0.8214263916015625 0.5575834512710571
0.8315051198005676 0.5728002190589905
0.8050533533096313 0.5802076458930969
0.8203448057174683 0.5917696356773376
0.8124345541000366 0.615106463432312
0.8326653838157654 0.6296369433403015
0.8008641004562378 0.6421295404434204
0.7938678860664368 0.6797756552696228
0.8122193217277527 0.7129718065261841
0.8008957505226135 0.7526684403419495
0.7694563865661621 0.81092768907547
0.8212761282920837 0.16859515011310577
0.8717238306999207 0.24773192405700684
0.8461864590644836 0.29672181606292725
0.8352715969085693 0.3459758460521698
0.8937574028968811 0.33916664123535156
0.8601005673408508 0.38341161608695984
0.8958534002304077 0.40264272689819336
0.8671606183052063 0.4299441874027252
0.8984683156013489 0.4387146234512329
0.8828206658363342 0.4588502049446106
0.8632424473762512 0.4737492501735687
0.89933180809021 0.4842260181903839
0.85024493932724 0.496788889169693
0.8790374994277954 0.501768946647644
0.8942945003509521 0.5200696587562561
0.8705068826675415 0.534883975982666
0.907233715057373 0.5472522974014282
0.8581638932228088 0.5625632405281067
0.8938072323799133 0.5772231817245483
0.8751285076141357 0.5839443206787109
0.8437416553497314 0.5945338010787964
0.8610349893569946 0.6090027689933777
0.9034028649330139 0.6193169355392456
0.8658970594406128 0.6405519843101501
0.8380508422851562 0.671826958656311
0.8878982663154602 0.6780927777290344
0.8655493855476379 0.7293872237205505
0.8499382734298706 0.79551762342453
