0.09054912263999108

0.1411353200674057 0.20618532598018646
0.13234665989875793 0.27127060294151306
0.14067567884922028 0.32037705183029175
0.10028812289237976 0.3359687626361847
0.12583768367767334 0.36809372901916504
0.14619286358356476 0.3864443302154541
0.12712199985980988 0.40254679322242737
0.09403915703296661 0.41506674885749817
0.13808436691761017 0.4334256052970886
0.12111082673072815 0.4465296268463135
0.09708254784345627 0.4648849070072174
0.13089685142040253 0.476470023393631
0.11112865060567856 0.490648090839386
0.12031564861536026 0.5109124183654785
0.09365922957658768 0.5186549425125122
0.12786242365837097 0.5409125089645386
0.09181691706180573 0.5588546395301819
0.11802298575639725 0.564033567905426
0.1289316713809967 0.5824817419052124
0.1236933022737503 0.6059478521347046
0.09476079791784286 0.6122119426727295
0.14040018618106842 0.6308968663215637
0.13501930236816406 0.655264139175415
0.10005266219377518 0.6608251929283142
0.12817932665348053 0.6828678250312805
0.14800700545310974 0.7116572856903076
0.10996147245168686 0.7314337491989136
0.13828952610492706 0.8091930150985718
0.19019630551338196 0.22982533276081085
0.17289431393146515 0.27610403299331665
0.16938652098178864 0.3075927793979645
0.178455650806427 0.33746328949928284
0.1576034128665924 0.3519536554813385
0.16857141256332397 0.37178751826286316
0.16501106321811676 0.3970582187175751
0.15544994175434113 0.41287514567375183
0.16320344805717468 0.4410229027271271
0.147594153881073 0.4547325074672699
0.16153426468372345 0.4680120050907135
0.15297411382198334 0.4868086278438568
0.14432284235954285 0.4992768168449402
0.16028696298599243 0.5159854888916016
0.14113225042819977 0.5255126357078552
0.1468035727739334 0.5466739535331726
0.16583606600761414 0.5531044602394104
0.14985229074954987 0.569607675075531
0.1629624366760254 0.5840334892272949
0.14951898157596588 0.6003842353820801
0.1672002077102661 0.6130635738372803
0.1584879606962204 0.6353338956832886
0.17368049919605255 0.6537936329841614
0.16398997604846954 0.6746556162834167
0.17786905169487 0.6950258016586304
0.18782277405261993 0.723704993724823
0.16548210382461548 0.7536189556121826
0.20146869122982025 0.7911585569381714
0.21668827533721924 0.1666741669178009
0.20352403819561005 0.2681240439414978
0.2079189121723175 0.30018627643585205
0.19763559103012085 0.3272387683391571
0.1907549351453781 0.356345534324646
0.19002015888690948 0.38070055842399597
0.18564234673976898 0.4007844626903534
0.1785181164741516 0.4190409183502197
0.1915164291858673 0.4302867650985718
0.17656967043876648 0.44605782628059387
0.18305805325508118 0.46159660816192627
0.17239248752593994 0.47911378741264343
0.17428342998027802 0.49779561161994934
0.18690206110477448 0.507464587688446
0.16842900216579437 0.5295184254646301
0.18241387605667114 0.5410426259040833
0.18409131467342377 0.5582789778709412
0.17622606456279755 0.5721361637115479
0.18304100632667542 0.5887355208396912
0.19105318188667297 0.6055619120597839
0.1897483468055725 0.6228440999984741
0.19675134122371674 0.6396040916442871
0.20227648317813873 0.658392608165741
0.18948739767074585 0.6733939051628113
0.20618492364883423 0.6890403628349304
0.21300385892391205 0.7154918313026428
0.21621061861515045 0.7449561357498169
0.23464277386665344 0.7724490165710449
0.24702520668506622 0.21734674274921417
0.23157301545143127 0.253756582736969
0.23289477825164795 0.2916851341724396
0.2214982956647873 0.3210369348526001
0.21858888864517212 0.35108691453933716
0.20797473192214966 0.36885616183280945
0.20946721732616425 0.3920375406742096
0.2020919919013977 0.410348117351532
0.20838534832000732 0.4296877384185791
0.1986398994922638 0.4526001214981079
0.20267601311206818 0.46827423572540283
0.19044053554534912 0.4809409976005554
0.1995168775320053 0.49020516872406006
0.19464658200740814 0.5168104767799377
0.19876311719417572 0.5282565355300903
0.20245261490345 0.546119213104248
0.19564855098724365 0.5667893290519714
0.2040926069021225 0.5789855718612671
0.21472573280334473 0.593754768371582
0.21041052043437958 0.6095645427703857
0.2201550155878067 0.6243332624435425
0.22082209587097168 0.6397180557250977
0.23179756104946136 0.6616248488426208
0.22619831562042236 0.6754258275032043
0.23351699113845825 0.6927080750465393
0.2384062111377716 0.7188471555709839
0.24792319536209106 0.7455143928527832
0.22670547664165497 0.8388093113899231
0.28301215171813965 0.20286908745765686
0.26727497577667236 0.25093504786491394
0.2525562345981598 0.2892349660396576
0.24514809250831604 0.31736305356025696
0.24629375338554382 0.34649425745010376
0.23137322068214417 0.3648309111595154
0.22787772119045258 0.38667941093444824
0.22675186395645142 0.4077785313129425
0.22185051441192627 0.421045184135437
0.21639665961265564 0.446257621049881
0.21836283802986145 0.4644010066986084
0.22246553003787994 0.47698503732681274
0.2132038176059723 0.49568963050842285
0.21683062613010406 0.5128107666969299
0.21493831276893616 0.5311862826347351
0.22282816469669342 0.5492560863494873
0.2260662466287613 0.5666036605834961
0.23024213314056396 0.5841602683067322
0.23642466962337494 0.5988233089447021
0.2409663200378418 0.6162074208259583
0.244719997048378 0.6300404667854309
0.24946098029613495 0.6494385600090027
0.2576104998588562 0.6641369462013245
0.25155988335609436 0.680828869342804
0.2622649669647217 0.7006412744522095
0.2628282606601715 0.7211880087852478
0.27383050322532654 0.7433727979660034
0.26612070202827454 0.7889941930770874
0.30731654167175293 0.15028172731399536
0.29908207058906555 0.24534757435321808
0.2891300916671753 0.28067636489868164
0.27865636348724365 0.30566513538360596
0.2766595780849457 0.33675214648246765
0.2634349465370178 0.3587324619293213
0.2542009651660919 0.37437331676483154
0.24836818873882294 0.404317170381546
0.2432904690504074 0.4258723556995392
0.23121041059494019 0.44458216428756714
0.23924769461154938 0.45885512232780457
0.24110977351665497 0.4809566140174866
0.23424305021762848 0.5033212304115295
0.2379404455423355 0.5230939984321594
0.2428731918334961 0.5405228137969971
0.24814429879188538 0.5564492344856262
0.2554236352443695 0.5753549933433533
0.263602614402771 0.5880936980247498
0.256796270608902 0.6044275760650635
0.2719786465167999 0.6115877628326416
0.2685851454734802 0.627983033657074
0.27571722865104675 0.6448566317558289
0.2809840142726898 0.6596270203590393
0.2829837501049042 0.6781941652297974
0.28997722268104553 0.69305819272995
0.29155322909355164 0.7201956510543823
0.2936848998069763 0.7655587792396545
0.2918073832988739 0.8347297310829163
0.3386296331882477 0.19494441151618958
0.3291160464286804 0.2313355654478073
0.32320305705070496 0.27063363790512085
0.31050166487693787 0.30024176836013794
0.3076075315475464 0.3299535810947418
0.30001407861709595 0.3516663908958435
0.2854689359664917 0.37913548946380615
0.26784011721611023 0.3941783308982849
0.2833116948604584 0.41273781657218933
0.26512762904167175 0.43414443731307983
0.27534759044647217 0.4497208893299103
0.2711969017982483 0.4741637706756592
0.2578367292881012 0.4999465346336365
0.2846263647079468 0.5128243565559387
0.2700459659099579 0.5386056303977966
0.2959350347518921 0.5525810718536377
0.2836986482143402 0.5774863958358765
0.2910558879375458 0.5928000807762146
0.29531213641166687 0.6049551367759705
0.30602434277534485 0.6212618350982666
0.2943574786186218 0.6315374970436096
0.30174583196640015 0.6451990008354187
0.30504584312438965 0.6647093892097473
0.3175473213195801 0.6752151846885681
0.3097853362560272 0.6968992352485657
0.3137081563472748 0.7148916721343994
0.3133485019207001 0.7481237053871155
0.3178914487361908 0.7955936193466187
0.36337926983833313 0.14529655873775482
0.36170294880867004 0.21882596611976624
0.35364052653312683 0.25824952125549316
0.34656307101249695 0.29414433240890503
0.3325355648994446 0.32071471214294434
0.3311960697174072 0.34662383794784546
0.31860795617103577 0.37034499645233154
0.3251226544380188 0.3978404700756073
0.3031335771083832 0.42738497257232666
0.3275555372238159 0.43277624249458313
0.3179253935813904 0.4637952148914337
0.3014441132545471 0.48613110184669495
0.33137187361717224 0.4987204074859619
0.3144995868206024 0.520919919013977
0.33552488684654236 0.5400934219360352
0.31259068846702576 0.5574470162391663
0.33104580640792847 0.5689727663993835
0.3156483769416809 0.5925661325454712
0.34265562891960144 0.5973296761512756
0.32031190395355225 0.6101227402687073
0.32735323905944824 0.6351444721221924
0.33929193019866943 0.6461854577064514
0.32978230714797974 0.6602985262870789
0.3381922245025635 0.6822064518928528
0.3427364230155945 0.7006397247314453
0.3309343457221985 0.7231457233428955
0.3402007818222046 0.7534298896789551
0.3648667335510254 0.8139625787734985
0.3876696228981018 0.18021813035011292
0.4011063277721405 0.22969193756580353
0.3862655460834503 0.26635217666625977
0.37557297945022583 0.28898078203201294
0.3608872890472412 0.3139680325984955
0.3753926157951355 0.33221957087516785
0.3573918342590332 0.3598763346672058
0.3540586233139038 0.38712450861930847
0.3644922077655792 0.41447585821151733
0.35245639085769653 0.4452302157878876
0.37206366658210754 0.4681902229785919
0.3572629690170288 0.490127831697464
0.35030198097229004 0.5149396657943726
0.376552015542984 0.5218042731285095
0.3577079176902771 0.5431814789772034
0.36744964122772217 0.5617902874946594
0.35364001989364624 0.5792047381401062
0.3720046877861023 0.5866605639457703
0.36138132214546204 0.5994749665260315
0.3489181697368622 0.6190603971481323
0.35758736729621887 0.6378077864646912
0.3677496314048767 0.6515016555786133
0.3517209589481354 0.661324679851532
0.3590180575847626 0.6796015501022339
0.3677107095718384 0.7040690183639526
0.35864660143852234 0.728435218334198
0.37344464659690857 0.7724525332450867
0.3481437563896179 0.8672980070114136
0.43067941069602966 0.11926838755607605
0.43692338466644287 0.20052587985992432
0.4229445159435272 0.25114548206329346
0.43310725688934326 0.277845561504364
0.4081789255142212 0.3019600212574005
0.4052194356918335 0.3365473449230194
0.3976101577281952 0.36478033661842346
0.41452348232269287 0.38908010721206665
0.38489481806755066 0.403239905834198
0.4046288728713989 0.4309714436531067
0.3969555199146271 0.4558730125427246
0.40495729446411133 0.4756905436515808
0.3899606466293335 0.49964967370033264
0.4054268002510071 0.5206345915794373
0.3988257348537445 0.535236120223999
0.3875184655189514 0.5510868430137634
0.3939177989959717 0.5748281478881836
0.3972851634025574 0.5912540555000305
0.38333746790885925 0.6105666160583496
0.39684930443763733 0.6228767037391663
0.37642836570739746 0.6288248896598816
0.38678932189941406 0.6440600156784058
0.390663743019104 0.6593161225318909
0.3780955374240875 0.6766217947006226
0.38708794116973877 0.7002296447753906
0.39536258578300476 0.7232453227043152
0.39291971921920776 0.7516732215881348
0.40745142102241516 0.8223430514335632
0.45350030064582825 0.16739989817142487
0.46850788593292236 0.21440573036670685
0.45493489503860474 0.2400713413953781
0.45966121554374695 0.27362385392189026
0.432803750038147 0.31327879428863525
0.433768630027771 0.34187304973602295
0.43481308221817017 0.3731871247291565
0.4459207057952881 0.3970475494861603
0.4301869571208954 0.417660117149353
0.44235822558403015 0.44387367367744446
0.4318961799144745 0.46242037415504456
0.4489148259162903 0.4845315217971802
0.42119914293289185 0.49804598093032837
0.4393211603164673 0.5207110047340393
0.4348825514316559 0.5396192073822021
0.42007339000701904 0.5517570376396179
0.41878485679626465 0.5709468126296997
0.4331505298614502 0.5871039628982544
0.41266387701034546 0.6002888083457947
0.4251805245876312 0.6116555333137512
0.4080093204975128 0.6306759119033813
0.41787663102149963 0.6412016749382019
0.4140852689743042 0.662997841835022
0.40751734375953674 0.6789827942848206
0.41941070556640625 0.6977531313896179
0.42467474937438965 0.7380220293998718
0.41983762383461 0.7709387540817261
0.42374342679977417 0.8827360272407532
0.4821605086326599 0.13609230518341064
0.4889301657676697 0.18579408526420593
0.47878608107566833 0.2520252466201782
0.49112948775291443 0.28455880284309387
0.467882364988327 0.29622435569763184
0.47867199778556824 0.330049067735672
0.4684455692768097 0.3544203042984009
0.47566813230514526 0.3842003047466278
0.47861340641975403 0.41351601481437683
0.4703463613986969 0.4340226948261261
0.47532036900520325 0.45534732937812805
0.4701247811317444 0.48026609420776367
0.4756752848625183 0.5014647841453552
0.45696887373924255 0.5078915953636169
0.46646392345428467 0.5240454077720642
0.4585093855857849 0.5517533421516418
0.4509376883506775 0.5647573471069336
0.4478684663772583 0.5790371298789978
0.4528047740459442 0.5933931469917297
0.4481969177722931 0.6091206669807434
0.43085330724716187 0.6231975555419922
0.44758906960487366 0.6328215599060059
0.4325426518917084 0.6557765007019043
0.44327104091644287 0.6787635684013367
0.4363439381122589 0.702658474445343
0.44720759987831116 0.7349602580070496
0.45471692085266113 0.798546314239502
0.4628443419933319 0.8383100032806396
0.5261815190315247 0.12559765577316284
0.5063555240631104 0.21228380501270294
0.5013420581817627 0.236709326505661
0.5212036371231079 0.2742884159088135
0.508797824382782 0.3213871121406555
0.5099450349807739 0.34539443254470825
0.5036296248435974 0.368612676858902
0.5200600624084473 0.38806167244911194
0.5066701769828796 0.41211506724357605
0.5149995684623718 0.4363994896411896
0.49977752566337585 0.455527126789093
0.5029239058494568 0.4758196771144867
0.4902304410934448 0.49354928731918335
0.49910634756088257 0.5142061710357666
0.4851468801498413 0.5318040251731873
0.47927165031433105 0.551939845085144
0.4922444522380829 0.5677693486213684
0.47082382440567017 0.5748649835586548
0.48059090971946716 0.5884917378425598
0.4717331528663635 0.6041474938392639
0.46496185660362244 0.6226232051849365
0.46674373745918274 0.6430570483207703
0.4584682583808899 0.6582561731338501
0.4707047641277313 0.680081844329834
0.4637552797794342 0.7104857563972473
0.48446646332740784 0.743452250957489
0.46587908267974854 0.7694692611694336
0.5024460554122925 0.8782933950424194
0.5331327319145203 0.17288534343242645
0.5482739806175232 0.19769597053527832
0.5426974892616272 0.2526038587093353
0.5466411709785461 0.2879249155521393
0.5392431616783142 0.3160533308982849
0.5548355579376221 0.3411025106906891
0.5379427671432495 0.35569050908088684
0.5502526760101318 0.37841999530792236
0.5369217991828918 0.4106402099132538
0.5439000725746155 0.42789411544799805
0.5290902853012085 0.44640499353408813
0.5312992930412292 0.47029316425323486
0.5232805609703064 0.4859519302845001
0.5225908756256104 0.5072327256202698
0.51496821641922 0.526191234588623
0.5069732666015625 0.5413466095924377
0.5091593265533447 0.5589545965194702
0.5081501007080078 0.576642632484436
0.5031551718711853 0.594998836517334
0.4974123537540436 0.6084859371185303
0.4930596947669983 0.6203147172927856
0.486641526222229 0.6393224000930786
0.48639535903930664 0.6568639874458313
0.49755802750587463 0.6749415993690491
0.4941614866256714 0.7022746801376343
0.5069053769111633 0.7294225096702576
0.503653347492218 0.7802521586418152
0.5067833065986633 0.8167030215263367
0.5803463459014893 0.11147868633270264
0.565374493598938 0.22890593111515045
0.5775293111801147 0.2561037838459015
0.5773623585700989 0.2822287082672119
0.5701789855957031 0.30908846855163574
0.5754309892654419 0.33240824937820435
0.576420783996582 0.36371925473213196
0.5680280327796936 0.38945046067237854
0.555243968963623 0.40041646361351013
0.5654395222663879 0.41939017176628113
0.5572499632835388 0.45060861110687256
0.5478084087371826 0.4651105999946594
0.5537940263748169 0.4859401285648346
0.5448096990585327 0.501695454120636
0.5357814431190491 0.521520733833313
0.5378907322883606 0.5361813902854919
0.5262513756752014 0.5500184893608093
0.5290582180023193 0.5702789425849915
0.5246424674987793 0.5868619680404663
0.5220341682434082 0.6059081554412842
0.5212525725364685 0.6221438646316528
0.5096096992492676 0.640984833240509
0.5207750797271729 0.6613303422927856
0.5165877938270569 0.6862358450889587
0.5262117385864258 0.7111835479736328
0.5345152020454407 0.7428529262542725
0.5435720086097717 0.7969346642494202
0.541392982006073 0.8375309705734253
0.5719926357269287 0.15913990139961243
0.5970423221588135 0.20360291004180908
0.6001698970794678 0.24016425013542175
0.6035827398300171 0.27101802825927734
0.5955233573913574 0.30300652980804443
0.5895091891288757 0.3417161703109741
0.5953139662742615 0.3612968623638153
0.5846410393714905 0.3835698664188385
0.5858122110366821 0.4037107527256012
0.5884193181991577 0.42727911472320557
0.5741188526153564 0.4431532025337219
0.5803231000900269 0.46232062578201294
0.5684949159622192 0.47357773780822754
0.5717275142669678 0.4954654574394226
0.5611682534217834 0.5110917687416077
0.5637277960777283 0.5330585837364197
0.5490357875823975 0.5474985241889954
0.5544260144233704 0.5626768469810486
0.5468441843986511 0.5755792260169983
0.5430315732955933 0.5937488079071045
0.5473259687423706 0.6132349371910095
0.536247193813324 0.6306037902832031
0.5452343821525574 0.6529284119606018
0.5428786277770996 0.6769664883613586
0.5522991418838501 0.7119778394699097
0.5591963529586792 0.7518329620361328
0.56256103515625 0.7825528383255005
0.5610617995262146 0.8905342817306519
0.6172324419021606 0.1788136065006256
0.6185011863708496 0.21178102493286133
0.6222152709960938 0.2621992528438568
0.6120460629463196 0.2883865535259247
0.6199045777320862 0.31883400678634644
0.6049092411994934 0.3292839825153351
0.6129409074783325 0.35091665387153625
0.6045191287994385 0.38007888197898865
0.6023058295249939 0.4002613425254822
0.5974336862564087 0.42049530148506165
0.5998457074165344 0.4387550950050354
0.5913382768630981 0.45716914534568787
0.5957989692687988 0.4782227575778961
0.5867865085601807 0.4888533055782318
0.5821067690849304 0.5132215023040771
0.5786392688751221 0.5302002429962158
0.5722173452377319 0.5522088408470154
0.5839000344276428 0.5717074871063232
0.5670679807662964 0.5811295509338379
0.5611848831176758 0.6023520827293396
0.5654881596565247 0.6267209649085999
0.5749046206474304 0.6487154364585876
0.5711994767189026 0.6668465733528137
0.5648717284202576 0.6899822950363159
0.5735514163970947 0.7258093953132629
0.5850881934165955 0.7595139145851135
0.5825673937797546 0.8058074712753296
0.5810262560844421 0.8477866649627686
0.6323007345199585 0.140813946723938
0.6296314001083374 0.23239438235759735
0.6423032283782959 0.2526732087135315
0.6342876553535461 0.2772996425628662
0.6334035992622375 0.31071463227272034
0.6316784620285034 0.3339484930038452
0.6291202902793884 0.35664573311805725
0.6189495921134949 0.3749453127384186
0.6181413531303406 0.39234182238578796
0.6138032674789429 0.41966697573661804
0.6190219521522522 0.43505582213401794
0.6102426648139954 0.45377784967422485
0.606653094291687 0.4719459116458893
0.6092382669448853 0.4923655092716217
0.6006311178207397 0.5073666572570801
0.5964131951332092 0.5329055190086365
0.5866218209266663 0.5453881025314331
0.5951775312423706 0.5590257048606873
0.5939574241638184 0.5865198373794556
0.5867205262184143 0.6011422872543335
0.5855653285980225 0.6210348010063171
0.5946647524833679 0.6397725343704224
0.5992943644523621 0.6672017574310303
0.5924080610275269 0.6881231665611267
0.5897394418716431 0.7119100689888
0.6059043407440186 0.7488457560539246
0.6115631461143494 0.8048455119132996
0.6212868690490723 0.8400225639343262
0.6494734883308411 0.16571620106697083
0.6551701426506042 0.1991247981786728
0.6624274253845215 0.23632103204727173
0.6521800756454468 0.28022220730781555
0.644372284412384 0.295917809009552
0.6489073634147644 0.31996390223503113
0.643513560295105 0.34240028262138367
0.6431094408035278 0.36563190817832947
0.6336269974708557 0.39509549736976624
0.6287341713905334 0.41110873222351074
0.6353620290756226 0.4294537901878357
0.6304342150688171 0.4504990577697754
0.6247075796127319 0.4704386591911316
0.6252984404563904 0.4895671606063843
0.6296364068984985 0.5021917819976807
0.6175605654716492 0.5247964859008789
0.6197496056556702 0.5487541556358337
0.6142019033432007 0.5655874609947205
0.6202285885810852 0.5839276313781738
0.6068687438964844 0.6069281697273254
0.6183055639266968 0.6173403859138489
0.6210445165634155 0.6329313516616821
0.6140466332435608 0.657862663269043
0.6195013523101807 0.6953756213188171
0.6183188557624817 0.7199820876121521
0.6272739768028259 0.7460060119628906
0.6241443753242493 0.7783316373825073
0.6186878681182861 0.8926259279251099
0.6791165471076965 0.1154281347990036
0.6714508533477783 0.221273735165596
0.6665759086608887 0.25746944546699524
0.6697342395782471 0.2698993384838104
0.6640316247940063 0.30388906598091125
0.6689581871032715 0.3305213153362274
0.6613044738769531 0.3476274013519287
0.6583300828933716 0.3754470646381378
0.6464841961860657 0.38589605689048767
0.6523700952529907 0.40448740124702454
0.6487413048744202 0.4261283576488495
0.6505814790725708 0.4460873305797577
0.6403884291648865 0.4642554819583893
0.6475937366485596 0.4796988070011139
0.6451842784881592 0.5093749165534973
0.6399160027503967 0.5267738699913025
0.6276628971099854 0.5378016829490662
0.6417152881622314 0.5549962520599365
0.637266993522644 0.58255535364151
0.6427114009857178 0.600986897945404
0.6477885246276855 0.6220860481262207
0.6441186666488647 0.6493080854415894
0.6395761966705322 0.6690948605537415
0.6481763124465942 0.6865675449371338
0.652668833732605 0.711072564125061
0.6481385827064514 0.7627404928207397
0.6478045582771301 0.8106171488761902
0.6561537384986877 0.8624974489212036
0.686302125453949 0.1720500886440277
0.6920013427734375 0.20780184864997864
0.6866915822029114 0.24631156027317047
0.6919955611228943 0.283258855342865
0.6784797310829163 0.2909403145313263
0.6825363039970398 0.31467369198799133
0.6778637170791626 0.33932965993881226
0.6755028963088989 0.36680519580841064
0.677243709564209 0.38683468103408813
0.6681615114212036 0.39944297075271606
0.6639875769615173 0.4196285307407379
0.6712250709533691 0.43920111656188965
0.6597346663475037 0.45818209648132324
0.6592267155647278 0.4862833023071289
0.6645976305007935 0.5065158605575562
0.6592681407928467 0.5183781981468201
0.6574642062187195 0.5467804670333862
0.668703556060791 0.5654579997062683
0.656853437423706 0.5767999291419983
0.6597481966018677 0.6102619767189026
0.6720967888832092 0.6295377612113953
0.6588044762611389 0.6436288952827454
0.6645185351371765 0.6602009534835815
0.6727657914161682 0.7015219330787659
0.6639471054077148 0.7343593239784241
0.6768247485160828 0.7692907452583313
0.6611204147338867 0.7878528833389282
0.6693052649497986 0.8284891843795776
0.7066852450370789 0.15032270550727844
0.7076829671859741 0.2290595918893814
0.7016775012016296 0.24243047833442688
0.6940171122550964 0.26405614614486694
0.703906774520874 0.30095115303993225
0.6977015733718872 0.32335349917411804
0.6992965340614319 0.3457999527454376
0.6885459423065186 0.35864657163619995
0.6939805150032043 0.38375115394592285
0.6837560534477234 0.40886539220809937
0.6892724633216858 0.42590516805648804
0.6866068840026855 0.44926273822784424
0.6768700480461121 0.4636399745941162
0.6852753758430481 0.48293307423591614
0.6779678463935852 0.4982020854949951
0.6843491196632385 0.5283133387565613
0.6745156645774841 0.5431346893310547
0.6815011501312256 0.557324230670929
0.6743826270103455 0.5883008241653442
0.6758660674095154 0.6080283522605896
0.6873663663864136 0.6229625344276428
0.6826251745223999 0.6518978476524353
0.6775559186935425 0.6764504909515381
0.6862428784370422 0.6937447190284729
0.6883562207221985 0.7162922024726868
0.6825774312019348 0.7409123778343201
0.6883558034896851 0.8018519282341003
0.6992771625518799 0.8396760821342468
0.7178414463996887 0.19032664597034454
0.7174991369247437 0.2127612680196762
0.7213895320892334 0.25885647535324097
0.7125323414802551 0.2733685374259949
0.7246620655059814 0.28488489985466003
0.7189544439315796 0.30953308939933777
0.7145521640777588 0.3296973407268524
0.7148019671440125 0.3521462082862854
0.7054305076599121 0.37553855776786804
0.7107406258583069 0.39722728729248047
0.7087104320526123 0.41515764594078064
0.7003841996192932 0.4331074655056
0.7050589919090271 0.45532041788101196
0.7000429034233093 0.47704339027404785
0.6955859065055847 0.5019325017929077
0.694279670715332 0.521584153175354
0.7000213265419006 0.5471407175064087
0.6975964307785034 0.5711148977279663
0.6921228766441345 0.5848991274833679
0.6951767206192017 0.5990188717842102
0.6997411847114563 0.6305681467056274
0.6986467838287354 0.655643880367279
0.6936278343200684 0.6707308292388916
0.7109110355377197 0.7042803168296814
0.7040663957595825 0.726642370223999
0.7012643814086914 0.7552138566970825
0.7016709446907043 0.7789597511291504
0.693467378616333 0.8773209452629089
0.7581693530082703 0.13021941483020782
0.7375245094299316 0.21824415028095245
0.733059287071228 0.23660437762737274
0.7380537390708923 0.2708266079425812
0.7350392937660217 0.29569703340530396
0.7334471940994263 0.3168998062610626
0.7303445935249329 0.33849701285362244
0.733583927154541 0.36288708448410034
0.7234398126602173 0.3713582754135132
0.7262740731239319 0.3907749354839325
0.7240071892738342 0.411422461271286
0.7162979245185852 0.4354366064071655
0.7284520864486694 0.4611670672893524
0.7144094109535217 0.4699675142765045
0.7182582020759583 0.4928824007511139
0.7170292139053345 0.5114594101905823
0.7129557728767395 0.533061683177948
0.7121901512145996 0.5615910887718201
0.710378110408783 0.5896787047386169
0.7161946296691895 0.6103161573410034
0.7145278453826904 0.6391485333442688
0.7206686735153198 0.6666696071624756
0.7077746987342834 0.6808698177337646
0.7192015051841736 0.6904253959655762
0.7211596965789795 0.7206760048866272
0.7178924083709717 0.7465780377388
0.7211272120475769 0.7923251986503601
0.7207062840461731 0.8231867551803589
0.7417083382606506 0.17348287999629974
0.7573879957199097 0.22693416476249695
0.7456346750259399 0.24818725883960724
0.7544042468070984 0.2791283428668976
0.7508083581924438 0.3029387295246124
0.7556772232055664 0.3192841112613678
0.743088960647583 0.3309207558631897
0.7472313642501831 0.35666924715042114
0.7415428161621094 0.38276252150535583
0.7464179396629333 0.3991956412792206
0.7440659999847412 0.4217374920845032
0.7311007380485535 0.4297841489315033
0.7405643463134766 0.4587884247303009
0.7333186864852905 0.48240405321121216
0.7427793741226196 0.5027424693107605
0.7368695139884949 0.5237425565719604
0.7267196774482727 0.5402018427848816
0.7353681325912476 0.5591132044792175
0.7255111932754517 0.5807138681411743
0.7371094226837158 0.5950956344604492
0.7289401888847351 0.6221963167190552
0.7344183921813965 0.6432412266731262
0.7373979091644287 0.6854459047317505
0.7421323657035828 0.707844078540802
0.7386223077774048 0.7364005446434021
0.7321102619171143 0.7641571760177612
0.748325765132904 0.7852176427841187
0.7463037371635437 0.8662362694740295
0.7673473358154297 0.19734498858451843
0.7868794798851013 0.21842673420906067
0.7677586674690247 0.2513074278831482
0.7828526496887207 0.2651204764842987
0.7682543992996216 0.28846126794815063
0.7789921164512634 0.3238799571990967
0.7720310688018799 0.3395750820636749
0.7596966624259949 0.34743282198905945
0.7562406063079834 0.3782898187637329
0.7729093432426453 0.3956725597381592
0.7607099413871765 0.41582807898521423
0.7527440190315247 0.43793967366218567
0.7640930414199829 0.4541913866996765
0.7528234720230103 0.47187209129333496
0.7636587023735046 0.4913637936115265
0.7564457654953003 0.5194223523139954
0.756486713886261 0.5465867519378662
0.7536256313323975 0.5683637857437134
0.7578868269920349 0.5936493873596191
0.7484918832778931 0.6188921928405762
0.7609479427337646 0.6400946378707886
0.7419343590736389 0.6598068475723267
0.7605512142181396 0.6734656691551208
0.762272298336029 0.6964222192764282
0.7581272125244141 0.7212327122688293
0.7574451565742493 0.7510347962379456
0.7705042362213135 0.8049088716506958
0.7511767745018005 0.83139967918396
0.789675772190094 0.1700582206249237
0.8127167820930481 0.2067643404006958
0.795117974281311 0.2416498214006424
0.807730495929718 0.26850947737693787
0.7861683368682861 0.29503634572029114
0.806454062461853 0.3056010901927948
0.8012805581092834 0.33180153369903564
0.794251024723053 0.35589781403541565
0.7788259983062744 0.369081050157547
0.7936716079711914 0.3879845440387726
0.8040995001792908 0.41220566630363464
0.7836076021194458 0.42431360483169556
0.780620813369751 0.4487147033214569
0.7938103675842285 0.46697497367858887
0.806216299533844 0.496774822473526
0.7812929153442383 0.508155107498169
0.7785694599151611 0.5315269231796265
0.7797940969467163 0.5584368109703064
0.7822117805480957 0.5890507102012634
0.7735159397125244 0.6167603731155396
0.80317223072052 0.6322402358055115
0.7793859243392944 0.6547812819480896
0.7894241213798523 0.681804358959198
0.7948693037033081 0.7125117778778076
0.7801645994186401 0.7374771237373352
0.7810728549957275 0.7714314460754395
0.8024510145187378 0.7999785542488098
0.787995457649231 0.8655709624290466
0.8282119035720825 0.14893698692321777
0.860264241695404 0.20447826385498047
0.8234362602233887 0.23899929225444794
0.8635623455047607 0.26803848147392273
0.8336473107337952 0.2823297381401062
0.8391792178153992 0.31770914793014526
0.8736159801483154 0.33732515573501587
0.818790853023529 0.3599455952644348
0.8386927247047424 0.375393271446228
0.8801908493041992 0.39862051606178284
0.8329883217811584 0.41516971588134766
0.8681926131248474 0.4467812478542328
0.813836395740509 0.43944433331489563
0.83553147315979 0.47439897060394287
0.8864893913269043 0.49904173612594604
0.8348332643508911 0.5169151425361633
0.8099619150161743 0.5419113039970398
0.8716609477996826 0.556714653968811
0.826251208782196 0.5706726908683777
0.8169414401054382 0.6065824031829834
0.8733252286911011 0.6103621125221252
0.8482164740562439 0.6513768434524536
0.8187650442123413 0.6762841939926147
0.8761680722236633 0.7002426981925964
0.8233111500740051 0.726641833782196
0.8110506534576416 0.7569706439971924
0.8534184694290161 0.7717487812042236
0.8387194275856018 0.846277117729187
