0.08315623401965479

0.18360091745853424 0.34704074263572693
0.17403613030910492 0.36994048953056335
0.15396748483181 0.38833266496658325
0.16921092569828033 0.39706289768218994
0.14084292948246002 0.410693883895874
0.15891142189502716 0.429322749376297
0.14200985431671143 0.4414737820625305
0.12604153156280518 0.4544444978237152
0.14736132323741913 0.4683595299720764
0.1563655138015747 0.48029854893684387
0.12368141859769821 0.4864630699157715
0.14715254306793213 0.49798059463500977
0.1421380192041397 0.5131064653396606
0.12119010090827942 0.521462619304657
0.14954982697963715 0.5335590839385986
0.13623182475566864 0.5424596667289734
0.15374329686164856 0.5535891056060791
0.12683282792568207 0.564507782459259
0.14766429364681244 0.5711146593093872
0.1598174124956131 0.5808082222938538
0.13782545924186707 0.5873702764511108
0.14753033220767975 0.61018306016922
0.16841907799243927 0.6030941009521484
0.17160508036613464 0.6189306974411011
0.19301803410053253 0.6321080327033997
0.16776177287101746 0.6390813589096069
0.185982346534729 0.6586111783981323
0.21056495606899261 0.6736848950386047
0.2130621075630188 0.32801586389541626
0.20633293688297272 0.35559266805648804
0.19526195526123047 0.377490371465683
0.18496674299240112 0.3931969106197357
0.18350890278816223 0.40902501344680786
0.17440596222877502 0.42497342824935913
0.17846478521823883 0.4380687177181244
0.16732357442378998 0.4485575258731842
0.16311222314834595 0.46308398246765137
0.17567071318626404 0.4741853177547455
0.16798870265483856 0.48713308572769165
0.16198121011257172 0.50284743309021
0.17081010341644287 0.5168564319610596
0.1602206826210022 0.5239483714103699
0.175297811627388 0.5311691761016846
0.1644962877035141 0.5456418395042419
0.17735081911087036 0.5562640428543091
0.1683872491121292 0.5683935284614563
0.18467667698860168 0.5753214359283447
0.17617449164390564 0.5906037092208862
0.19256658852100372 0.5981088876724243
0.1864759624004364 0.6099662184715271
0.19975264370441437 0.6152924299240112
0.21266862750053406 0.6289252638816833
0.2045031636953354 0.6437163352966309
0.21916277706623077 0.6531926989555359
0.2343316227197647 0.6655268669128418
0.23088529706001282 0.6880325675010681
0.23868544399738312 0.3168860375881195
0.22691699862480164 0.34784796833992004
0.21748648583889008 0.3692871928215027
0.20989403128623962 0.38860905170440674
0.19801457226276398 0.4022268056869507
0.19467473030090332 0.41859015822410583
0.19236907362937927 0.43375733494758606
0.18891169130802155 0.4509891867637634
0.1804877370595932 0.45959073305130005
0.1876041293144226 0.47890254855155945
0.17751261591911316 0.49266740679740906
0.19041988253593445 0.49997109174728394
0.17838148772716522 0.5087246894836426
0.18502762913703918 0.5196927785873413
0.19241578876972198 0.5346877574920654
0.1848139464855194 0.5467259287834167
0.1933300942182541 0.5586019158363342
0.20047999918460846 0.5706490278244019
0.2023492008447647 0.5823879837989807
0.20765630900859833 0.5922250747680664
0.21166251599788666 0.6023845672607422
0.21789148449897766 0.6127403378486633
0.2245931625366211 0.6234027147293091
0.23091454803943634 0.636052668094635
0.239333838224411 0.6466666460037231
0.2490370273590088 0.6564809679985046
0.25552672147750854 0.6740437746047974
0.2628152072429657 0.6975569725036621
0.2624172270298004 0.3049733340740204
0.24871884286403656 0.33604082465171814
0.23478417098522186 0.361403226852417
0.22764936089515686 0.38229525089263916
0.22232256829738617 0.39661937952041626
0.21497678756713867 0.4120144248008728
0.21068541705608368 0.42777639627456665
0.20348690450191498 0.445791631937027
0.20373325049877167 0.4638633131980896
0.1966923177242279 0.4730079472064972
0.20902039110660553 0.48813489079475403
0.2020336240530014 0.496230810880661
0.20062418282032013 0.515458881855011
0.20868253707885742 0.5263985991477966
0.20038831233978271 0.5413426160812378
0.21177050471305847 0.5495098233222961
0.21657045185565948 0.5619046688079834
0.21957093477249146 0.5723495483398438
0.22414053976535797 0.5852382779121399
0.22866091132164001 0.5964999198913574
0.2359188199043274 0.607426106929779
0.24319079518318176 0.6180152893066406
0.2513220012187958 0.6276903748512268
0.25785690546035767 0.6398069262504578
0.2662687599658966 0.6530756950378418
0.2720808982849121 0.6616795063018799
0.2769453227519989 0.6761927008628845
0.28602293133735657 0.7107922434806824
0.28790196776390076 0.29690688848495483
0.27152135968208313 0.32930609583854675
0.25659453868865967 0.3538353741168976
0.24961362779140472 0.37385109066963196
0.24060958623886108 0.39205271005630493
0.23455871641635895 0.4066980183124542
0.2283400446176529 0.42586439847946167
0.22061918675899506 0.4424525797367096
0.21746352314949036 0.4595597982406616
0.22365036606788635 0.47485440969467163
0.21514615416526794 0.4823298752307892
0.21585878729820251 0.5042524933815002
0.22322577238082886 0.5133907794952393
0.21743887662887573 0.5230331420898438
0.2251712828874588 0.5382281541824341
0.22933733463287354 0.5530089735984802
0.2340821772813797 0.5661389231681824
0.24068482220172882 0.5778833627700806
0.24752621352672577 0.5888994336128235
0.2537863850593567 0.6026695370674133
0.26351672410964966 0.6133372187614441
0.270672082901001 0.6229323744773865
0.2772494852542877 0.6333349347114563
0.28262776136398315 0.6451451778411865
0.2880561351776123 0.6563575863838196
0.29365211725234985 0.6680654287338257
0.30125102400779724 0.6775391697883606
0.30821773409843445 0.6977129578590393
0.3254854083061218 0.286769300699234
0.30044639110565186 0.32342830300331116
0.2814807593822479 0.3474451005458832
0.2752915322780609 0.36957302689552307
0.26324737071990967 0.38288888335227966
0.2546377182006836 0.40252017974853516
0.24767808616161346 0.42019426822662354
0.24265381693840027 0.43879255652427673
0.2335391789674759 0.4534494876861572
0.23985973000526428 0.4699045419692993
0.22945381700992584 0.48817557096481323
0.23905661702156067 0.5024508833885193
0.23588572442531586 0.5157312154769897
0.24091319739818573 0.5300147533416748
0.24564014375209808 0.5441452860832214
0.25196588039398193 0.5578149557113647
0.2597372829914093 0.5716935396194458
0.2707348167896271 0.585699737071991
0.2796262800693512 0.5973384380340576
0.28651538491249084 0.6076397895812988
0.29190924763679504 0.6163813471794128
0.2944905161857605 0.6245483160018921
0.2984565198421478 0.6371763944625854
0.3025583028793335 0.6486918330192566
0.3113415241241455 0.6583389043807983
0.31469857692718506 0.6677842736244202
0.3193069100379944 0.6812301278114319
0.32651036977767944 0.7188889384269714
0.36711278557777405 0.27976226806640625
0.34014174342155457 0.3137306869029999
0.32112932205200195 0.33728787302970886
0.3029356598854065 0.3589944839477539
0.30038926005363464 0.3840268552303314
0.2832602560520172 0.39259007573127747
0.27473607659339905 0.41541892290115356
0.2648894786834717 0.436313658952713
0.2552791237831116 0.4544021785259247
0.2687556743621826 0.4628814458847046
0.2590179443359375 0.48249658942222595
0.2499580979347229 0.49599191546440125
0.2596924304962158 0.520047664642334
0.26408061385154724 0.5350380539894104
0.28666746616363525 0.5466403961181641
0.2798716425895691 0.564217209815979
0.2951538860797882 0.5780411958694458
0.30341240763664246 0.5881706476211548
0.30748558044433594 0.6028550863265991
0.3133871257305145 0.6109308004379272
0.317760705947876 0.6208813786506653
0.32354536652565 0.6309588551521301
0.3248595595359802 0.6430738568305969
0.3360317647457123 0.6463003754615784
0.3286876976490021 0.6560078859329224
0.33474722504615784 0.6690874099731445
0.3445899784564972 0.6801971197128296
0.33868879079818726 0.7011289000511169
0.41262778639793396 0.27111193537712097
0.39173147082328796 0.3128385543823242
0.3731195628643036 0.34082335233688354
0.35992348194122314 0.36338433623313904
0.3344602584838867 0.3775864541530609
0.34744980931282043 0.4083559513092041
0.320585697889328 0.4241487681865692
0.29488030076026917 0.43057942390441895
0.31501924991607666 0.45454055070877075
0.29244738817214966 0.4757790267467499
0.3279510736465454 0.49032703042030334
0.2845290005207062 0.5041834115982056
0.30518168210983276 0.5227131247520447
0.328827828168869 0.5385378003120422
0.3123115003108978 0.5564224720001221
0.3407991826534271 0.5642735958099365
0.3295952379703522 0.5821820497512817
0.3317176401615143 0.5983298420906067
0.34850621223449707 0.6057851910591125
0.33800506591796875 0.6150267720222473
0.35448119044303894 0.6216561198234558
0.34344929456710815 0.6322465538978577
0.36063483357429504 0.6391057968139648
0.34919223189353943 0.6511259078979492
0.35616534948349 0.6592673659324646
0.35987478494644165 0.6685100197792053
0.3634352385997772 0.6832706332206726
0.36165568232536316 0.7105017900466919
0.4496980607509613 0.25974807143211365
0.4465983510017395 0.30298110842704773
0.4236578643321991 0.32269376516342163
0.4119744896888733 0.35413143038749695
0.4169795513153076 0.379791796207428
0.3840039074420929 0.3929632306098938
0.3906230926513672 0.4199654757976532
0.3648398220539093 0.4372837543487549
0.3925361633300781 0.45707717537879944
0.34751227498054504 0.46211278438568115
0.36719292402267456 0.4931352734565735
0.39088526368141174 0.5047870874404907
0.3529335856437683 0.5245712399482727
0.3749138116836548 0.5408335328102112
0.364387184381485 0.5605156421661377
0.388553649187088 0.5739670395851135
0.371797651052475 0.583299458026886
0.3532901704311371 0.5902354717254639
0.3777284324169159 0.6031554937362671
0.3870115578174591 0.616603434085846
0.36438873410224915 0.6235462427139282
0.3825127184391022 0.6287195682525635
0.3699408769607544 0.6354032158851624
0.37482357025146484 0.650830864906311
0.3844963312149048 0.6586692333221436
0.3737870752811432 0.6725716590881348
0.3900488317012787 0.6897595524787903
0.3781265914440155 0.7324202656745911
0.4910828173160553 0.2501991391181946
0.48491910099983215 0.29260051250457764
0.48444733023643494 0.3288959860801697
0.45299479365348816 0.33872079849243164
0.4512571692466736 0.3664413094520569
0.4654177725315094 0.3908151388168335
0.4369962215423584 0.41008660197257996
0.45433706045150757 0.43781182169914246
0.4292672574520111 0.44286295771598816
0.4417121410369873 0.4690632224082947
0.425269216299057 0.4888879656791687
0.4481130540370941 0.5002396702766418
0.4128148853778839 0.5164945125579834
0.43239665031433105 0.5370607376098633
0.4030124545097351 0.5441421866416931
0.41132187843322754 0.5617726445198059
0.42188960313796997 0.5754695534706116
0.402064710855484 0.5879964232444763
0.39279741048812866 0.598659098148346
0.4096565842628479 0.6083549857139587
0.41501396894454956 0.6183505654335022
0.401039183139801 0.6282861828804016
0.3927074372768402 0.6384509205818176
0.40360623598098755 0.6445045471191406
0.40727508068084717 0.6554550528526306
0.39634090662002563 0.669032096862793
0.4036444425582886 0.6828988790512085
0.4079515337944031 0.7322402596473694
0.5283805727958679 0.24561867117881775
0.5288482904434204 0.29420706629753113
0.5139651894569397 0.31890732049942017
0.5247783064842224 0.3472854197025299
0.4988688826560974 0.35932350158691406
0.4928397536277771 0.38154467940330505
0.5050241947174072 0.40280595421791077
0.48476672172546387 0.419111430644989
0.4966360628604889 0.442642480134964
0.48836320638656616 0.45970022678375244
0.466337114572525 0.471525639295578
0.4782920479774475 0.4917107820510864
0.4714251458644867 0.5145420432090759
0.4527665376663208 0.5235373377799988
0.46066683530807495 0.5444446206092834
0.44237738847732544 0.5546225309371948
0.4503509998321533 0.5665188431739807
0.43953022360801697 0.5838149785995483
0.42472440004348755 0.5936285853385925
0.43129298090934753 0.6049124002456665
0.4392158091068268 0.6139290928840637
0.4280134439468384 0.6234946846961975
0.41690704226493835 0.6360525488853455
0.42573800683021545 0.6459519267082214
0.4196424186229706 0.6632640957832336
0.4286670684814453 0.671547532081604
0.4218288064002991 0.6904010772705078
0.43923744559288025 0.7123249769210815
0.5625475645065308 0.24308325350284576
0.5569695234298706 0.2752019762992859
0.5528241991996765 0.3080520033836365
0.545206606388092 0.33377915620803833
0.5487946271896362 0.35585978627204895
0.5294376611709595 0.3738269805908203
0.529016375541687 0.39411070942878723
0.5259639024734497 0.41405701637268066
0.525048553943634 0.43073487281799316
0.5166604518890381 0.44944533705711365
0.5131240487098694 0.4671613574028015
0.5036791563034058 0.48165470361709595
0.5008131861686707 0.5020966529846191
0.49136894941329956 0.5196154713630676
0.4860382080078125 0.5341362357139587
0.4793705642223358 0.5460262298583984
0.4727005958557129 0.5614492297172546
0.47001349925994873 0.5772402286529541
0.4655551016330719 0.587279736995697
0.4490516185760498 0.5968137979507446
0.4558907747268677 0.6063059568405151
0.4589065909385681 0.6158161759376526
0.44855234026908875 0.6302114129066467
0.4377085268497467 0.6393247246742249
0.443069189786911 0.6501688957214355
0.4591897428035736 0.6612371206283569
0.4518510699272156 0.6858778595924377
0.45492368936538696 0.7476509213447571
0.5888895392417908 0.22537657618522644
0.5817341208457947 0.28318148851394653
0.5804023146629333 0.30970123410224915
0.5659509301185608 0.3273758292198181
0.5713310837745667 0.3458836078643799
0.5591391921043396 0.3696516156196594
0.5520204901695251 0.3865155875682831
0.5499671697616577 0.40490177273750305
0.5467619299888611 0.4234215021133423
0.5422887206077576 0.4435369670391083
0.5340107679367065 0.45962977409362793
0.529964029788971 0.4745917320251465
0.525862991809845 0.4924343228340149
0.5184692740440369 0.5103498101234436
0.5120700597763062 0.526272177696228
0.5072805881500244 0.5396863222122192
0.4983692169189453 0.5522927641868591
0.49244052171707153 0.5676016807556152
0.48605993390083313 0.5790396332740784
0.4903969466686249 0.5917675495147705
0.47483447194099426 0.6003028154373169
0.4801923930644989 0.6110539436340332
0.4687848687171936 0.6267343759536743
0.4638022184371948 0.6398019790649414
0.474276065826416 0.6496517062187195
0.48122403025627136 0.6697669625282288
0.4756605327129364 0.6953819394111633
0.48791611194610596 0.7281635403633118
0.6110547780990601 0.2453426569700241
0.6009909510612488 0.2669947147369385
0.5997439622879028 0.2961745858192444
0.5925660729408264 0.31975695490837097
0.5852906107902527 0.33984220027923584
0.579028844833374 0.361163854598999
0.5710453987121582 0.37977492809295654
0.5700003504753113 0.40077242255210876
0.5618888139724731 0.41516315937042236
0.556926965713501 0.43712788820266724
0.5516940951347351 0.45501476526260376
0.5481581091880798 0.47131648659706116
0.5439178943634033 0.48540639877319336
0.5368022918701172 0.5017880797386169
0.5329260230064392 0.5198471546173096
0.527783215045929 0.5339199304580688
0.5207414627075195 0.5481935143470764
0.5149810910224915 0.5621914267539978
0.5100262761116028 0.5718604326248169
0.5064497590065002 0.586453378200531
0.5035429000854492 0.5993375778198242
0.4988604187965393 0.6140841245651245
0.4896863102912903 0.6240029335021973
0.5045424103736877 0.6326647400856018
0.49790066480636597 0.651930034160614
0.5051844716072083 0.6741135120391846
0.5076393485069275 0.7040329575538635
0.5075812339782715 0.7596827745437622
0.6234534382820129 0.22169426083564758
0.6159622669219971 0.27231365442276
0.6156474947929382 0.2918540835380554
0.6070610880851746 0.3067120909690857
0.599235475063324 0.3332787752151489
0.5958186984062195 0.3565033972263336
0.5902566313743591 0.37573865056037903
0.5827351808547974 0.3940375745296478
0.5794549584388733 0.41248461604118347
0.571316659450531 0.42765840888023376
0.568261981010437 0.4485580027103424
0.5651589035987854 0.4641159474849701
0.5616671442985535 0.4798237085342407
0.5550546050071716 0.4944746196269989
0.5496484637260437 0.5130907297134399
0.5435485243797302 0.5287559032440186
0.5400434732437134 0.5437683463096619
0.5354279279708862 0.5573660135269165
0.5280846953392029 0.5688453912734985
0.5314003825187683 0.582575261592865
0.5259712934494019 0.5940069556236267
0.5165864825248718 0.6101503372192383
0.5297133326530457 0.6178542375564575
0.5208515524864197 0.641782820224762
0.5221573114395142 0.657232940196991
0.5282976031303406 0.6799670457839966
0.5344200730323792 0.7073938250541687
0.5434299111366272 0.7659287452697754
0.639376699924469 0.23564653098583221
0.6317691206932068 0.2565624713897705
0.6276371479034424 0.2771572172641754
0.6215004324913025 0.31256628036499023
0.6138628125190735 0.32809147238731384
0.6091853976249695 0.3484053313732147
0.6064380407333374 0.36965522170066833
0.6006486415863037 0.3886817991733551
0.5911767482757568 0.40908822417259216
0.5893963575363159 0.424326092004776
0.5837458968162537 0.4433710277080536
0.5803886651992798 0.4604956805706024
0.576611340045929 0.47642770409584045
0.5739371180534363 0.4916454553604126
0.570451021194458 0.5040382146835327
0.5663301348686218 0.5202533006668091
0.5608162879943848 0.5365931987762451
0.5551159381866455 0.5538651943206787
0.5523450970649719 0.5652773976325989
0.5441810488700867 0.5787875056266785
0.550570547580719 0.5907790660858154
0.5394166111946106 0.6014874577522278
0.5422592163085938 0.6203574538230896
0.5405376553535461 0.6365912556648254
0.5435950756072998 0.6579248905181885
0.5550233125686646 0.683907151222229
0.5523914694786072 0.7230637073516846
0.5692601203918457 0.7468655109405518
0.6611127853393555 0.22149932384490967
0.6433253288269043 0.26136061549186707
0.640265941619873 0.2857002019882202
0.6341942548751831 0.3050940930843353
0.6291295886039734 0.3232462704181671
0.623041033744812 0.3435101807117462
0.6208930611610413 0.36416882276535034
0.613925576210022 0.3816138803958893
0.6090608239173889 0.4024094045162201
0.6035289168357849 0.41950392723083496
0.6010695099830627 0.4373961091041565
0.5954676270484924 0.4536236822605133
0.5908970236778259 0.47150611877441406
0.5889867544174194 0.48878753185272217
0.5863975286483765 0.5073239803314209
0.5817212462425232 0.5203441381454468
0.5768335461616516 0.5331937074661255
0.5690200328826904 0.5504465699195862
0.5801549553871155 0.5580987930297852
0.570175051689148 0.5718128085136414
0.5650052428245544 0.5893146991729736
0.5583192706108093 0.6089084148406982
0.5741082429885864 0.6160387396812439
0.5682428479194641 0.6332339644432068
0.5756150484085083 0.662013053894043
0.5791606307029724 0.6928090453147888
0.5910491347312927 0.7118591666221619
0.5946221351623535 0.7788119316101074
0.653335690498352 0.24628686904907227
0.6602529883384705 0.26120543479919434
0.651358962059021 0.28066378831863403
0.6488261222839355 0.2979573905467987
0.6442930102348328 0.3200593590736389
0.6422032713890076 0.3388202488422394
0.6355660557746887 0.3525365889072418
0.6321209669113159 0.3776983320713043
0.6237114667892456 0.39644527435302734
0.6209472417831421 0.41418084502220154
0.6142582297325134 0.4315023124217987
0.6115877628326416 0.4497986435890198
0.6087400913238525 0.4666694402694702
0.5998444557189941 0.48142683506011963
0.6045662760734558 0.49568912386894226
0.598575234413147 0.5169311761856079
0.6000748872756958 0.5305463075637817
0.5895535945892334 0.5412936806678772
0.5913269519805908 0.5647205710411072
0.5911391377449036 0.5840476751327515
0.5783936977386475 0.5955800414085388
0.5949315428733826 0.6028098464012146
0.6032702922821045 0.6226969361305237
0.5921813249588013 0.6448244452476501
0.5976661443710327 0.6698830723762512
0.6070999503135681 0.6916517615318298
0.6084057688713074 0.7354463338851929
0.6257697343826294 0.7608314752578735
0.6772215962409973 0.21299129724502563
0.6706084609031677 0.24450507760047913
0.6657655239105225 0.27152785658836365
0.6646634936332703 0.30148306488990784
0.6531395316123962 0.3125230073928833
0.6550064086914062 0.33344408869743347
0.6527220010757446 0.3608202338218689
0.6462166905403137 0.37319836020469666
0.6379013061523438 0.39049625396728516
0.6397568583488464 0.4115810692310333
0.634432852268219 0.4315153658390045
0.6307818293571472 0.4462262988090515
0.624785304069519 0.4585086703300476
0.6232678294181824 0.48425373435020447
0.6198238134384155 0.49948379397392273
0.6112262606620789 0.5095049142837524
0.6150548458099365 0.5258216857910156
0.6129199862480164 0.5472849607467651
0.6037315130233765 0.5557608604431152
0.6132118701934814 0.5732514262199402
0.6090878844261169 0.5933734774589539
0.6241878271102905 0.6023187041282654
0.6162602305412292 0.6340495944023132
0.6079774498939514 0.6505720019340515
0.6206147074699402 0.6658409237861633
0.6233092546463013 0.6870741844177246
0.6264858841896057 0.7269278168678284
0.6226276159286499 0.7916219830513
0.6844832301139832 0.23113344609737396
0.6817520260810852 0.258591890335083
0.6783156394958496 0.27720147371292114
0.6737660765647888 0.2886538803577423
0.6694774627685547 0.3186313211917877
0.6732460856437683 0.32731354236602783
0.6678869724273682 0.3480612635612488
0.6661195755004883 0.3756818473339081
0.6607093214988708 0.3928965926170349
0.6548720598220825 0.406622976064682
0.6466735601425171 0.4239380657672882
0.651303768157959 0.44396665692329407
0.6415849328041077 0.46199047565460205
0.6369428634643555 0.4784831702709198
0.6427071690559387 0.4916110038757324
0.6324089169502258 0.5103514194488525
0.6373835802078247 0.5304566621780396
0.6256000399589539 0.5381835699081421
0.6297285556793213 0.560087263584137
0.6262180209159851 0.576985776424408
0.6335272789001465 0.5879236459732056
0.6279600858688354 0.6194528341293335
0.6353484988212585 0.6381352543830872
0.6378918886184692 0.652029812335968
0.6445610523223877 0.6674717664718628
0.6356655955314636 0.6999856233596802
0.6401400566101074 0.7221662402153015
0.6464279294013977 0.7501623034477234
0.6989609599113464 0.2095850110054016
0.6950161457061768 0.2508861720561981
0.6907409429550171 0.2691558599472046
0.6867520213127136 0.2932669222354889
0.6822642087936401 0.3093412220478058
0.6873803734779358 0.33180734515190125
0.6831530928611755 0.3521997630596161
0.6756556630134583 0.3672039210796356
0.6817225217819214 0.38445335626602173
0.6779012084007263 0.40714043378829956
0.669688880443573 0.41957953572273254
0.6658105254173279 0.4371373653411865
0.6617916822433472 0.45887866616249084
0.6546028256416321 0.4745064675807953
0.6586434841156006 0.4947463870048523
0.6460270881652832 0.5053594708442688
0.6505042910575867 0.5186677575111389
0.6502618789672852 0.544042706489563
0.6445462703704834 0.5556066632270813
0.6416794061660767 0.5696056485176086
0.6468204855918884 0.5960394144058228
0.6412014365196228 0.6108884811401367
0.6479760408401489 0.6308445334434509
0.654988706111908 0.6464827656745911
0.6496205925941467 0.6777824759483337
0.6542226672172546 0.7063273787498474
0.6605294942855835 0.737410306930542
0.6554035544395447 0.7825067043304443
0.7038174867630005 0.23677323758602142
0.7080426216125488 0.2600446939468384
0.7028430700302124 0.2783767580986023
0.7003995776176453 0.2995873987674713
0.6945539116859436 0.3152196705341339
0.7008348107337952 0.3250780701637268
0.6926670670509338 0.34090927243232727
0.6972847580909729 0.35827380418777466
0.692192792892456 0.37696748971939087
0.6912506222724915 0.4033069312572479
0.6860001087188721 0.42196324467658997
0.6808164715766907 0.43521109223365784
0.6760569214820862 0.45069196820259094
0.6718392372131348 0.47127869725227356
0.66762775182724 0.4806164801120758
0.6700943112373352 0.506561279296875
0.658659040927887 0.5249618291854858
0.6613633036613464 0.5333049297332764
0.6644487380981445 0.562279999256134
0.6546587944030762 0.5661407113075256
0.657871425151825 0.5869216918945312
0.6536045670509338 0.6164994835853577
0.6640674471855164 0.626359224319458
0.6612326502799988 0.6609814167022705
0.6639959216117859 0.6846452355384827
0.6659706234931946 0.7083632349967957
0.6691732406616211 0.7195504903793335
0.6730964183807373 0.7682603597640991
0.7156081795692444 0.23009417951107025
0.7123382687568665 0.24730025231838226
0.7190454602241516 0.2715259790420532
0.711679995059967 0.2887422740459442
0.7148382067680359 0.303650826215744
0.7149982452392578 0.3287094235420227
0.7067851424217224 0.34418177604675293
0.7083646059036255 0.3641974627971649
0.7030709981918335 0.37966296076774597
0.6996794939041138 0.39882585406303406
0.6985837817192078 0.41257962584495544
0.6935905814170837 0.4317645728588104
0.690886914730072 0.4489152133464813
0.6856449246406555 0.4702080488204956
0.6795324683189392 0.48526379466056824
0.681202232837677 0.5009669065475464
0.6731159090995789 0.5176029205322266
0.6773208975791931 0.5386176109313965
0.6685571670532227 0.5502325892448425
0.6701656579971313 0.5833122730255127
0.6667184233665466 0.6046097278594971
0.6744762063026428 0.6207035779953003
0.6671224236488342 0.6420459747314453
0.67388916015625 0.6541995406150818
0.6768468022346497 0.6783899068832397
0.6791483163833618 0.6970944404602051
0.6830759644508362 0.722163736820221
0.6726260185241699 0.7472101449966431
0.723087728023529 0.2144605964422226
0.7241302728652954 0.25328320264816284
0.7266493439674377 0.28104162216186523
0.7274182438850403 0.29739463329315186
0.7217376232147217 0.30859753489494324
0.7256339192390442 0.3357492685317993
0.7218044400215149 0.3485100567340851
0.7193275690078735 0.3702194094657898
0.7244364619255066 0.384350448846817
0.7109000086784363 0.39068809151649475
0.7115033268928528 0.4178503453731537
0.7069485783576965 0.42657098174095154
0.7017571330070496 0.4424182176589966
0.693162739276886 0.46326306462287903
0.6977036595344543 0.47955286502838135
0.6935509443283081 0.49552997946739197
0.6903952956199646 0.5133320689201355
0.6840339303016663 0.5257910490036011
0.6841779947280884 0.55455482006073
0.6786729097366333 0.5783819556236267
0.6813809275627136 0.5949654579162598
0.6888513565063477 0.6116774082183838
0.6824215650558472 0.6342477202415466
0.6900675296783447 0.6466876268386841
0.6847450137138367 0.6691295504570007
0.6884608268737793 0.6901600956916809
0.6852290034294128 0.7397072911262512
0.6787041425704956 0.790234386920929
0.7313737273216248 0.24244320392608643
0.7352920174598694 0.26265424489974976
0.739673376083374 0.27154675126075745
0.7428693175315857 0.2945871651172638
0.7331820726394653 0.31349867582321167
0.7409034967422485 0.3268171548843384
0.7367952466011047 0.34254366159439087
0.7316927313804626 0.3548406660556793
0.7303832173347473 0.3773858845233917
0.7332765460014343 0.39628860354423523
0.7248989939689636 0.40777587890625
0.7199093699455261 0.4323320686817169
0.7137869000434875 0.44743478298187256
0.7063870429992676 0.45776253938674927
0.7124252915382385 0.477493017911911
0.7042861580848694 0.49100181460380554
0.70565265417099 0.5156091451644897
0.7028818726539612 0.5362376570701599
0.6967549920082092 0.5476475358009338
0.6902591586112976 0.5727002024650574
0.7005189657211304 0.588573157787323
0.6973403692245483 0.6022838950157166
0.7000892162322998 0.6285533308982849
0.69471275806427 0.6666015982627869
0.7037664651870728 0.6872288584709167
0.6957270503044128 0.7033509612083435
0.6989553570747375 0.7327947616577148
0.7072224617004395 0.7811598181724548
0.7445261478424072 0.24104498326778412
0.7475853562355042 0.260219931602478
0.7570165991783142 0.27809053659439087
0.7474225759506226 0.2909500002861023
0.7466229200363159 0.3154022991657257
0.7557477951049805 0.3227634131908417
0.7493548393249512 0.3351599872112274
0.7415031790733337 0.35932061076164246
0.7471581101417542 0.3690900504589081
0.7401256561279297 0.3872445225715637
0.738499104976654 0.4106142222881317
0.7313024401664734 0.42061102390289307
0.733947217464447 0.4394836127758026
0.7267439365386963 0.45580485463142395
0.7224545478820801 0.4681147038936615
0.7155957221984863 0.498640239238739
0.7208150029182434 0.5130468606948853
0.7139540910720825 0.5298148393630981
0.7155894637107849 0.5521314740180969
0.7070508599281311 0.5644317865371704
0.7171486616134644 0.594700038433075
0.7099544405937195 0.6167860627174377
0.7137303948402405 0.6386420726776123
0.7027204036712646 0.6500105857849121
0.7126063108444214 0.675334095954895
0.7098702192306519 0.7079259157180786
0.7145938873291016 0.728175163269043
0.7013533115386963 0.7556714415550232
0.7537519931793213 0.22097589075565338
0.7618757486343384 0.25538507103919983
0.7706643342971802 0.27438443899154663
0.7584716081619263 0.300737202167511
0.7687144875526428 0.3054877519607544
0.7728338241577148 0.3230701684951782
0.7598583102226257 0.3441736102104187
0.7660841345787048 0.35293835401535034
0.7558590173721313 0.37294095754623413
0.7623605728149414 0.38347652554512024
0.750439465045929 0.40040498971939087
0.7581366896629333 0.4151575267314911
0.7480884790420532 0.4328767657279968
0.7409335374832153 0.45077934861183167
0.7457047700881958 0.4715435802936554
0.7322801947593689 0.4822533428668976
0.7364451289176941 0.5070044994354248
0.7402378916740417 0.5233393311500549
0.7317445278167725 0.5487827062606812
0.7242662310600281 0.5723856687545776
0.7376409769058228 0.5821635127067566
0.7274354696273804 0.6065400242805481
0.7313174605369568 0.628570020198822
0.7210200428962708 0.6612855792045593
0.7355231642723083 0.6807694435119629
0.7223178148269653 0.6957765817642212
0.728658139705658 0.7153538465499878
0.7199889421463013 0.7675725817680359
0.7761762738227844 0.24513912200927734
0.7866442799568176 0.2620075047016144
0.7980466485023499 0.2886912226676941
0.776566743850708 0.2933691740036011
0.782727837562561 0.3113440275192261
0.8026443123817444 0.3239256739616394
0.785350501537323 0.33826038241386414
0.7778484225273132 0.35907110571861267
0.7924970984458923 0.36713817715644836
0.7721344232559204 0.39001861214637756
0.7904587984085083 0.39557480812072754
0.7930492758750916 0.4266115128993988
0.7685937285423279 0.4255180060863495
0.7596435546875 0.45483285188674927
0.7861323952674866 0.4590388834476471
0.78634113073349 0.48739269375801086
0.7572857737541199 0.49467864632606506
0.7795244455337524 0.5207782983779907
0.7528194189071655 0.5424988865852356
0.780327558517456 0.5643389821052551
0.7565662860870361 0.596007227897644
0.7726430892944336 0.6163190603256226
0.7535342574119568 0.6357248425483704
0.7408787608146667 0.6541014313697815
0.7605403661727905 0.6717405915260315
0.7530608773231506 0.701418399810791
0.7454302310943604 0.7312949895858765
0.7366736531257629 0.7510423064231873
