4.153579263976997

1.7633167505264282 1.972427487373352 1.8533726930618286
1.354353427886963 1.507267713546753 1.3388680219650269
1.4742372035980225 1.6396238803863525 1.5119905471801758
1.6840722560882568 1.6142539978027344 1.4535905122756958
2.5391604900360107 2.601196765899658 2.5417239665985107
2.8696131706237793 2.8064160346984863 2.7570385932922363
3.559025526046753 3.513857364654541 3.4853103160858154
2.6486940383911133 2.6466872692108154 2.554898262023926
2.8950936794281006 3.148224353790283 3.1966652870178223
2.748154401779175 2.741384506225586 2.744401454925537
2.026146650314331 1.9733643531799316 1.9405436515808105
1.6948970556259155 1.8470704555511475 1.4412299394607544
1.5966490507125854 1.826486349105835 1.6382654905319214
1.5546479225158691 1.5240060091018677 1.4728831052780151
1.8926963806152344 1.9643661975860596 1.6293761730194092
2.6102747917175293 2.775851011276245 2.631824016571045
2.4683213233947754 2.43036150932312 2.247448205947876
2.021111249923706 2.2216622829437256 2.274845838546753
2.1242263317108154 1.8660500049591064 1.799682855606079
1.4167356491088867 1.5344593524932861 1.4533991813659668
1.2965214252471924 1.4006197452545166 1.4328221082687378
1.766636848449707 1.9205211400985718 1.7090351581573486
3.0476861000061035 3.0553619861602783 3.071627616882324
2.153519630432129 2.203477382659912 1.6780052185058594
1.5756205320358276 1.6338911056518555 1.4204423427581787
2.246591091156006 2.3658792972564697 2.003821849822998
2.728853702545166 2.876049280166626 2.7958781719207764
2.4769649505615234 2.696073055267334 2.6114954948425293
2.8523850440979004 2.9422800540924072 2.9699177742004395
2.6003756523132324 2.7820727825164795 2.7566068172454834
1.8656432628631592 2.0515964031219482 1.8407785892486572
1.9693150520324707 1.8516035079956055 1.7257752418518066
1.491183876991272 1.6195400953292847 1.6571104526519775
1.372295618057251 1.45967698097229 1.5686808824539185
0.9472752809524536 0.8783071637153625 0.8944299817085266
1.634534478187561 1.654651403427124 1.2642351388931274
2.7766871452331543 2.487426280975342 2.1774697303771973
2.501878261566162 2.2224202156066895 2.1261608600616455
3.2164416313171387 3.204845905303955 2.9709701538085938
3.1371066570281982 3.3419737815856934 3.262305498123169
3.320089817047119 3.424860715866089 3.2725796699523926
2.374894618988037 2.582104206085205 2.5357272624969482
1.624197244644165 1.8450887203216553 1.8909204006195068
1.8529375791549683 1.8030897378921509 1.8519444465637207
2.616757869720459 2.6755945682525635 2.459996461868286
2.117676258087158 2.218062162399292 1.9664167165756226
2.3582377433776855 2.42798113822937 2.420668601989746
3.4233720302581787 3.384160280227661 3.30175518989563
3.31255841255188 3.296349048614502 2.938950538635254
2.899449586868286 2.9485344886779785 2.7446298599243164
2.9887421131134033 2.993036985397339 2.9874587059020996
2.749816417694092 2.9093434810638428 2.90570330619812
2.303654432296753 2.474653959274292 2.6477057933807373
2.2018957138061523 2.2935519218444824 2.2924389839172363
3.186616897583008 3.1295149326324463 3.058701753616333
2.3999035358428955 2.3307688236236572 2.2956979274749756
2.2994120121002197 2.127234935760498 1.8989906311035156
3.115562915802002 2.927316188812256 2.8396711349487305
3.1301352977752686 3.1862735748291016 2.947192430496216
3.238025188446045 3.3466572761535645 3.2700657844543457
3.121269702911377 3.232900619506836 3.0620925426483154
3.29600191116333 3.3339016437530518 3.179203748703003
2.018653392791748 2.2389590740203857 2.134413480758667
1.7233309745788574 1.7570745944976807 1.488900899887085
0.9390038251876831 1.0635473728179932 1.101871132850647
1.2519352436065674 1.3734978437423706 1.3374847173690796
0.7899784445762634 0.7107552289962769 0.7224586606025696
1.046278953552246 1.0751287937164307 0.9846643209457397
1.7060400247573853 1.4383174180984497 1.1902549266815186
1.4828535318374634 1.2103471755981445 1.0683305263519287
1.908718228340149 1.7834497690200806 1.4736131429672241
2.045443296432495 1.9972047805786133 1.6866130828857422
1.9455013275146484 2.115574836730957 2.2155675888061523
2.1380016803741455 2.382614850997925 2.438507556915283
1.7904270887374878 1.9317502975463867 2.043760299682617
1.1117199659347534 1.2199366092681885 1.228271245956421
1.7819721698760986 1.7504148483276367 1.68832266330719
2.12503981590271 2.018552303314209 1.8421804904937744
2.158520221710205 2.3264856338500977 2.1227023601531982
3.6888296604156494 3.821794033050537 3.8449504375457764
3.443147659301758 3.461244583129883 3.361639976501465
1.8560655117034912 2.1094746589660645 1.991316318511963
3.0434908866882324 3.2103610038757324 3.3094699382781982
3.557114601135254 3.740168809890747 3.84659481048584
3.2620065212249756 3.44724702835083 3.5118460655212402
2.5309765338897705 2.444314956665039 2.4710700511932373
3.3288211822509766 3.5252819061279297 3.6282052993774414
3.7326953411102295 3.7718777656555176 3.777259349822998
4.032693862915039 4.0918779373168945 3.9673614501953125
3.7892470359802246 3.7916476726531982 3.555969715118408
3.3360495567321777 3.488773822784424 3.371558427810669
3.2875330448150635 3.373201847076416 3.395632266998291
3.7183146476745605 3.887199878692627 3.9499242305755615
3.536756992340088 3.6084518432617188 3.579519748687744
2.71854829788208 2.7155802249908447 2.430285930633545
1.8906190395355225 1.8409239053726196 1.3095283508300781
0.6042982935905457 0.5878535509109497 0.5993748903274536
0.7693299055099487 0.8494042158126831 0.866656482219696
0.48388171195983887 0.463718980550766 0.4814039170742035
0.7377926111221313 0.6955167055130005 0.5501977801322937
1.3798414468765259 0.9849342107772827 0.7607437968254089
1.8421236276626587 1.2628804445266724 0.9115818738937378
1.5834516286849976 1.2352259159088135 1.1476625204086304
1.4361813068389893 1.249708890914917 1.1334947347640991
1.5579967498779297 1.4498982429504395 1.1353375911712646
2.3974556922912598 2.273266315460205 1.6329892873764038
2.279057025909424 2.0900392532348633 1.6215879917144775
0.8580054044723511 0.7824161648750305 0.8298171758651733
1.1495835781097412 1.3225202560424805 0.9724586606025696
1.5724157094955444 1.7186741828918457 1.3983385562896729
1.5126392841339111 1.2875769138336182 1.2828974723815918
2.443833351135254 2.0519979000091553 1.8565491437911987
1.8526922464370728 1.6945215463638306 1.2910560369491577
1.4906023740768433 1.376667857170105 1.1719751358032227
1.5779412984848022 1.7183061838150024 1.543082594871521
1.6211687326431274 1.6893688440322876 1.770972728729248
1.9625144004821777 2.0558295249938965 2.0373950004577637
2.8547420501708984 2.8657641410827637 2.8755557537078857
2.62385892868042 2.636833667755127 2.659912586212158
3.423628330230713 3.1897683143615723 2.9983150959014893
3.5008485317230225 3.45402193069458 3.1579654216766357
3.6906003952026367 3.6462032794952393 3.487900972366333
3.6417124271392822 3.53509259223938 3.3624978065490723
2.990933895111084 2.892608165740967 2.5734941959381104
3.6033358573913574 3.7075419425964355 3.5605521202087402
3.79937481880188 3.854846239089966 3.579510450363159
3.3537845611572266 3.41872239112854 3.1619699001312256
2.7859151363372803 2.934448719024658 2.6973328590393066
0.6985899806022644 0.7576656937599182 0.6881365180015564
0.9631022214889526 0.9594908952713013 1.0233118534088135
1.1164700984954834 1.2337796688079834 1.029358983039856
1.0930817127227783 1.1462609767913818 0.82624751329422
1.5032011270523071 1.0969175100326538 0.9030368328094482
1.65915846824646 1.2005642652511597 0.9211550951004028
1.2354029417037964 0.9453678131103516 0.7665202021598816
1.1193125247955322 0.7814735770225525 0.7317133545875549
1.1403214931488037 0.9208619594573975 0.8762839436531067
1.8132359981536865 1.386944055557251 1.2829840183258057
2.1431753635406494 1.7326655387878418 1.2208620309829712
2.0317442417144775 2.049424171447754 1.358727216720581
1.2533588409423828 1.4213441610336304 1.1981732845306396
1.307679533958435 1.1332577466964722 0.9351013898849487
0.9843456149101257 1.1130821704864502 0.869408905506134
1.079108476638794 0.9579340815544128 0.865580677986145
1.0784772634506226 0.877266526222229 0.7156600952148438
1.3828461170196533 1.1687283515930176 1.0361398458480835
0.9738889932632446 0.7113795876502991 0.6536636352539062
0.7202634215354919 0.6561968326568604 0.6634443998336792
0.9890848994255066 1.0490614175796509 1.008276104927063
1.78339421749115 1.6702483892440796 1.4297049045562744
2.2729945182800293 1.9982883930206299 1.8610574007034302
2.300886869430542 2.2634189128875732 1.97889244556427
3.1974234580993652 3.336857318878174 3.1221115589141846
3.930938720703125 3.9516403675079346 3.754579544067383
3.210129976272583 3.1890618801116943 3.2204415798187256
2.4838719367980957 2.3197107315063477 2.1587283611297607
3.4577620029449463 3.4927279949188232 3.4525222778320312
3.8677000999450684 4.035439968109131 4.081664085388184
4.120487213134766 4.140235900878906 4.1122918128967285
3.7101471424102783 3.731766939163208 3.6701784133911133
0.6184776425361633 0.6585493683815002 0.6826812624931335
1.6716508865356445 1.5768091678619385 1.5530965328216553
1.8862881660461426 1.8400232791900635 1.6272867918014526
2.267413377761841 1.846492886543274 1.5392985343933105
1.913514494895935 1.485046625137329 1.327942967414856
1.8001164197921753 1.4021880626678467 1.0566794872283936
1.0060818195343018 0.7608414888381958 0.626043438911438
0.9106531739234924 0.691909670829773 0.565189003944397
1.4900175333023071 0.9507957696914673 0.6337572336196899
2.243227958679199 1.6196939945220947 1.1421538591384888
1.9470947980880737 1.4879825115203857 1.0645692348480225
1.9023910760879517 1.927222728729248 1.2563743591308594
1.5662444829940796 1.5295565128326416 1.3002119064331055
1.2812532186508179 1.273625373840332 1.254414677619934
1.1978158950805664 1.0072977542877197 1.0139387845993042
0.9137622117996216 0.8428686857223511 0.6672919392585754
1.5753463506698608 1.1503630876541138 0.977715790271759
1.2573527097702026 0.9793702960014343 0.8507605195045471
0.5291905999183655 0.5307135581970215 0.4271649718284607
0.6538110971450806 0.5945039391517639 0.5503255128860474
0.6950339674949646 0.7688921689987183 0.7804849743843079
1.2083438634872437 1.2500202655792236 1.3374707698822021
1.459899663925171 1.5469907522201538 1.3348551988601685
1.808289885520935 1.9305442571640015 1.5247972011566162
2.900629758834839 3.099158763885498 3.025299310684204
2.818307399749756 2.6848511695861816 2.362806797027588
3.064706325531006 3.046311616897583 2.827514171600342
2.9263291358947754 3.0642354488372803 2.7492244243621826
3.073651075363159 3.0850439071655273 2.9259870052337646
3.4729607105255127 3.5514976978302 3.245309591293335
3.7939183712005615 3.888674020767212 3.7803425788879395
3.9990975856781006 3.964264154434204 3.8024299144744873
1.47986900806427 1.4715670347213745 1.323188066482544
1.9864375591278076 2.1198983192443848 1.8075283765792847
1.2951558828353882 1.3594828844070435 1.1266764402389526
1.2900097370147705 1.222404956817627 0.9946711659431458
1.5492517948150635 1.4267792701721191 1.0153533220291138
1.1056715250015259 0.81353759765625 0.6492568850517273
0.7761754393577576 0.6343187689781189 0.4291069507598877
0.6996264457702637 0.4252639412879944 0.3768296539783478
0.6763731241226196 0.5313903093338013 0.4315158724784851
0.7952211499214172 0.6223226189613342 0.5394598841667175
1.5962224006652832 1.0922396183013916 0.8745865821838379
2.0437331199645996 1.5691008567810059 1.3276114463806152
2.127234697341919 1.7627031803131104 1.4667245149612427
1.6807349920272827 1.4826834201812744 1.3128257989883423
1.3479833602905273 1.4131397008895874 1.2713884115219116
1.818636178970337 1.5659784078598022 1.3256123065948486
2.5060324668884277 2.0486481189727783 1.6649876832962036
2.0809993743896484 1.749276041984558 1.6145254373550415
0.8431428074836731 0.9376146793365479 0.955436110496521
1.0641100406646729 1.0950453281402588 1.1466773748397827
1.666062355041504 1.7013356685638428 1.5990078449249268
2.532424211502075 2.5905978679656982 2.2525925636291504
3.3897852897644043 3.097381353378296 2.8632755279541016
2.9939589500427246 2.698307514190674 2.5398037433624268
3.2324650287628174 3.1824824810028076 2.649231433868408
3.475630283355713 3.114144802093506 2.6700494289398193
3.6211037635803223 3.5005106925964355 3.1902079582214355
3.314330577850342 3.1837337017059326 2.8292293548583984
2.8318874835968018 2.6174960136413574 2.571559429168701
3.413280487060547 3.4460597038269043 3.095541000366211
3.221040964126587 3.308424711227417 2.9611618518829346
2.7380592823028564 2.8278439044952393 2.5688059329986572
1.0114082098007202 1.1576356887817383 1.0469938516616821
0.8569258451461792 0.8947188258171082 0.829053521156311
0.5412274599075317 0.5113524198532104 0.36460310220718384
0.6205785274505615 0.602914035320282 0.4191044867038727
0.8242965340614319 0.7843934297561646 0.6465244889259338
0.9358526468276978 0.651867151260376 0.4119543433189392
1.0595719814300537 0.6530032157897949 0.4391363561153412
0.8335584402084351 0.5694155693054199 0.457070916891098
0.5907752513885498 0.4717780649662018 0.45542946457862854
0.38036590814590454 0.35936006903648376 0.3419831395149231
0.8754597902297974 0.7717670798301697 0.6873485445976257
1.9167559146881104 1.3421385288238525 1.0452619791030884
1.5848957300186157 1.579209566116333 1.0375416278839111
1.266836404800415 1.301537036895752 0.953517735004425
1.57257878780365 1.3605387210845947 1.233488917350769
1.8029439449310303 1.9463691711425781 1.4186053276062012
2.5819599628448486 2.5404982566833496 2.078554153442383
2.3139796257019043 1.9761472940444946 1.5826196670532227
1.4787039756774902 1.2931773662567139 1.0803608894348145
1.9055818319320679 1.9143003225326538 1.8634648323059082
2.7740964889526367 2.5234901905059814 2.3439388275146484
2.518068790435791 2.4001681804656982 2.106200695037842
3.754851818084717 3.6904373168945312 3.2862191200256348
3.883270740509033 3.759291172027588 3.4579684734344482
3.8759493827819824 3.913881540298462 3.5397121906280518
4.057679176330566 4.0501227378845215 3.813342571258545
3.9352989196777344 3.804476261138916 3.3980116844177246
3.8545374870300293 3.7235379219055176 3.2791028022766113
3.5849528312683105 3.435568332672119 3.0088860988616943
3.4323203563690186 3.3016605377197266 2.9357082843780518
3.0366289615631104 3.1278767585754395 2.7336902618408203
2.4006752967834473 2.5615756511688232 2.2350103855133057
1.1113340854644775 1.2349720001220703 1.0948854684829712
0.709810733795166 0.5772992372512817 0.5310158133506775
0.4523632228374481 0.3141011595726013 0.2521945536136627
0.4687694013118744 0.45994505286216736 0.33507540822029114
1.0106151103973389 0.9168742895126343 0.7334046959877014
1.904159426689148 1.9735262393951416 1.5108096599578857
1.8481558561325073 1.6053087711334229 1.1260393857955933
1.5134974718093872 1.2100744247436523 0.9683289527893066
1.2284321784973145 0.9240423440933228 0.6313132047653198
0.9146077632904053 0.5777466893196106 0.41852518916130066
1.4686009883880615 1.0807416439056396 0.7926745414733887
1.4034322500228882 0.9111077189445496 0.7208377718925476
1.0243374109268188 0.6763078570365906 0.570391058921814
1.3671725988388062 0.9844921231269836 0.8567673563957214
1.1705906391143799 1.1759554147720337 0.9444323182106018
1.7984809875488281 1.3157707452774048 1.009300708770752
2.980539560317993 2.4631569385528564 2.1242268085479736
2.208162784576416 1.6911745071411133 1.4746630191802979
1.652096152305603 1.5572859048843384 1.2035918235778809
2.050081253051758 1.613115668296814 1.4949209690093994
2.22979474067688 1.8530298471450806 1.6668758392333984
2.5631003379821777 2.065098285675049 1.8137696981430054
3.5638225078582764 3.2903313636779785 2.972982168197632
4.2105584144592285 4.045130729675293 3.705379009246826
4.464498996734619 4.46738338470459 4.289087772369385
4.263280391693115 4.2001543045043945 4.027463436126709
4.090303421020508 4.003669261932373 3.5736541748046875
4.029576301574707 3.9387707710266113 3.5053257942199707
3.9238903522491455 3.9528350830078125 3.6643691062927246
3.742586612701416 3.701850414276123 3.418137788772583
3.6108317375183105 3.654444932937622 3.4141907691955566
3.581634044647217 3.727907657623291 3.7150769233703613
1.372107744216919 1.5082390308380127 1.2388513088226318
1.1876620054244995 1.0089057683944702 0.9126609563827515
0.8495877981185913 0.6873085498809814 0.6431913375854492
0.9503840804100037 1.012862205505371 0.8140366673469543
1.7956181764602661 1.8188517093658447 1.3792585134506226
3.061347007751465 2.8116393089294434 2.617401361465454
3.6744017601013184 3.30141019821167 2.9312326908111572
2.253627300262451 2.2024636268615723 2.0116984844207764
2.0976741313934326 1.9633344411849976 1.4542734622955322
1.6036630868911743 1.3306772708892822 0.7769684791564941
1.8550983667373657 1.183550238609314 0.7927123308181763
1.3167800903320312 0.8272844552993774 0.5276920199394226
0.6366825699806213 0.5197073817253113 0.3774006962776184
0.5467749834060669 0.5322042107582092 0.5219453573226929
1.2174125909805298 0.8504117131233215 0.7302728891372681
2.3739728927612305 1.8407188653945923 1.5121607780456543
3.0797083377838135 2.6526942253112793 2.34993314743042
2.473695993423462 1.8781574964523315 1.4797210693359375
2.7022953033447266 2.225013017654419 1.9298131465911865
2.712900161743164 2.374840259552002 2.2036502361297607
2.4737117290496826 2.1319100856781006 1.9782557487487793
3.0477161407470703 2.779359817504883 2.2599868774414062
3.534511089324951 2.9114937782287598 2.358729124069214
3.0756664276123047 2.5593998432159424 2.1329073905944824
3.9931817054748535 3.7398197650909424 3.3156275749206543
3.7223825454711914 3.4091579914093018 2.960902452468872
3.8448288440704346 3.4637346267700195 2.9948198795318604
3.8468639850616455 3.595768451690674 3.123363971710205
4.023691177368164 3.8869948387145996 3.604621648788452
4.203069686889648 3.9571194648742676 3.6811838150024414
4.106019973754883 4.1174116134643555 3.866755485534668
4.181487560272217 4.216377258300781 4.001972198486328
1.8067635297775269 1.781014323234558 1.215968132019043
1.3027262687683105 1.3979852199554443 1.016654372215271
1.5733637809753418 1.688239574432373 1.2239881753921509
2.0386240482330322 2.191847562789917 1.723884105682373
2.273402452468872 2.3223044872283936 2.2138044834136963
3.088197708129883 3.1908059120178223 2.8559982776641846
3.6820271015167236 3.8030502796173096 3.705547332763672
3.4206814765930176 3.555582046508789 3.508047103881836
2.657081365585327 2.764854907989502 2.516758441925049
1.9725477695465088 2.0631601810455322 1.612304449081421
1.1649677753448486 1.0310231447219849 0.8296521902084351
1.245930552482605 0.7852357625961304 0.6116886138916016
0.7571355700492859 0.5462398529052734 0.4679996967315674
0.47151318192481995 0.4380985498428345 0.4036221206188202
1.3900600671768188 1.0661883354187012 1.0085868835449219
3.1170220375061035 2.960219621658325 2.6393532752990723
3.27484393119812 2.796109676361084 2.4833388328552246
3.4087865352630615 2.9449357986450195 2.609212875366211
4.049923419952393 3.988335132598877 3.8734214305877686
4.130153179168701 4.207077980041504 4.200791358947754
3.5919759273529053 3.5745620727539062 3.2086429595947266
3.3830456733703613 2.7444612979888916 2.267979145050049
3.034820079803467 2.3395862579345703 1.7521140575408936
2.5600788593292236 2.0448007583618164 1.5241905450820923
2.2313599586486816 1.7189149856567383 1.1908652782440186
2.4133853912353516 1.921334981918335 1.397870421409607
3.1819939613342285 2.691455841064453 2.3065359592437744
3.7538535594940186 3.292929172515869 2.81777024269104
3.733057975769043 3.244030475616455 2.6428475379943848
4.426266670227051 4.131133079528809 3.7625253200531006
4.449828147888184 4.377054691314697 4.124123573303223
4.489352226257324 4.5389885902404785 4.500243186950684
2.1044974327087402 2.3085360527038574 1.9257405996322632
1.7560482025146484 1.942522644996643 1.6148598194122314
1.7222895622253418 1.6833745241165161 1.3581387996673584
2.1684820652008057 2.2381057739257812 2.16225004196167
2.536860227584839 2.6544406414031982 2.7645130157470703
2.8477535247802734 2.9872841835021973 3.094900608062744
3.293517589569092 3.322500467300415 3.0917744636535645
3.6539244651794434 3.676009178161621 3.6225106716156006
3.366661310195923 3.3086647987365723 3.19834041595459
2.4153659343719482 2.4805359840393066 2.0892176628112793
1.5684369802474976 1.3372725248336792 1.0599339008331299
1.0182421207427979 0.7957628965377808 0.7196266651153564
0.5260664224624634 0.3449638783931732 0.3009030222892761
0.8919292688369751 0.6147814393043518 0.543231725692749
2.3725380897521973 1.9353291988372803 1.718579649925232
2.684478282928467 2.4578073024749756 2.389803409576416
2.9113616943359375 2.5264017581939697 2.3396732807159424
3.699695587158203 3.746608018875122 3.5704867839813232
3.886789321899414 3.681966781616211 3.364352226257324
2.8709304332733154 2.7924561500549316 2.6507444381713867
2.1095998287200928 2.018097400665283 1.9503806829452515
1.9302927255630493 1.4948621988296509 1.2199513912200928
2.809521198272705 2.035465717315674 1.5505014657974243
2.3813319206237793 1.8479013442993164 1.1897729635238647
1.7460289001464844 1.2000471353530884 0.9648994207382202
1.5579792261123657 1.0025451183319092 0.7122873663902283
2.102299451828003 1.5296156406402588 1.149383783340454
2.937716007232666 2.426527500152588 1.8705114126205444
2.7250592708587646 2.3929789066314697 2.021782159805298
3.2471446990966797 3.0396463871002197 2.6224007606506348
4.245892524719238 4.081366539001465 3.7966227531433105
4.348913192749023 4.3191633224487305 4.09392786026001
2.5557730197906494 2.592761516571045 2.3532216548919678
2.061084747314453 2.147921323776245 2.0261332988739014
2.293128490447998 2.370856761932373 2.064997911453247
3.5847394466400146 3.6536145210266113 3.5262084007263184
3.1179823875427246 3.3135745525360107 3.424290657043457
2.639794111251831 2.853820323944092 2.9551517963409424
2.9058690071105957 3.032907485961914 2.9058239459991455
3.666351318359375 3.6522927284240723 3.276440143585205
3.7804884910583496 3.810948133468628 3.4633450508117676
3.4947855472564697 3.057927370071411 2.5659072399139404
2.678720474243164 1.9524492025375366 1.380089521408081
1.893039584159851 1.567968487739563 1.4480664730072021
2.294731378555298 1.791919469833374 1.3866873979568481
3.234179973602295 2.8009192943573 2.355051279067993
3.8664517402648926 3.4760305881500244 3.169281244277954
3.376016855239868 3.3497121334075928 2.853806734085083
3.2720203399658203 3.0984416007995605 2.9067330360412598
3.1199123859405518 3.2329020500183105 3.1762208938598633
2.136014938354492 1.8703633546829224 1.5552653074264526
1.8267948627471924 1.6367511749267578 1.5580312013626099
1.529726505279541 1.4207006692886353 1.40965735912323
2.1905102729797363 1.6874043941497803 1.3466962575912476
2.520887851715088 1.873059868812561 1.260915994644165
1.9818302392959595 1.324022889137268 0.8563089966773987
1.7415616512298584 1.1239861249923706 0.8099515438079834
1.2973722219467163 0.8844951391220093 0.6900536417961121
1.1423860788345337 0.7044734954833984 0.542270839214325
1.8953821659088135 1.402336597442627 1.1389482021331787
2.2748217582702637 1.9249364137649536 1.3907463550567627
1.9376100301742554 1.730097770690918 1.6527577638626099
3.267487049102783 3.2474348545074463 2.755098342895508
3.9968063831329346 3.8991870880126953 3.715506076812744
2.990021228790283 3.131019115447998 2.869330883026123
2.8169829845428467 2.9910366535186768 2.8528223037719727
3.036527395248413 3.1820573806762695 3.183584213256836
3.7866806983947754 3.71559476852417 3.5416524410247803
3.4322094917297363 3.4655709266662598 3.236478328704834
2.74480938911438 2.836923599243164 2.6964802742004395
3.0618927478790283 3.018892765045166 2.7512316703796387
3.9033865928649902 3.813058853149414 3.590919017791748
4.0478410720825195 3.981191396713257 3.6920535564422607
3.8032658100128174 3.2258777618408203 2.7400431632995605
2.660083293914795 2.1248233318328857 1.756607174873352
3.21429181098938 2.9967005252838135 2.9039478302001953
4.077321529388428 4.052996635437012 3.8710291385650635
4.283447265625 4.165009498596191 3.805968999862671
3.9405364990234375 3.792623281478882 3.5105583667755127
3.6736502647399902 3.4089548587799072 3.259553909301758
3.9872965812683105 4.029099464416504 3.722029685974121
4.373984336853027 4.249841213226318 3.9137179851531982
4.159951686859131 4.12682580947876 3.992708206176758
4.072566032409668 3.96048641204834 3.7515976428985596
3.6964192390441895 3.7448818683624268 3.345092296600342
2.893303394317627 2.2027859687805176 1.7776827812194824
2.627997875213623 2.1140406131744385 1.4474623203277588
2.433053493499756 1.772291898727417 1.2354183197021484
2.2316389083862305 1.4974393844604492 1.0610127449035645
1.570648431777954 1.07589590549469 0.7905418276786804
1.1924253702163696 0.8108145594596863 0.5984428524971008
1.0497138500213623 0.8926659822463989 0.8102577924728394
1.3679603338241577 1.2937471866607666 1.0673130750656128
1.417622685432434 1.5548914670944214 1.149425745010376
2.9692623615264893 2.8623733520507812 2.726598024368286
3.845930576324463 3.7634127140045166 3.5787429809570312
2.9015653133392334 2.710537910461426 2.441392660140991
3.216707706451416 3.232088088989258 2.8635716438293457
3.3629095554351807 3.288558006286621 3.0391688346862793
3.5291748046875 3.6304984092712402 3.392667531967163
3.42242169380188 3.3985867500305176 3.0018117427825928
2.9368600845336914 2.9782800674438477 2.512986898422241
2.554288625717163 2.6772878170013428 2.285355806350708
3.8672072887420654 3.869119167327881 3.79099702835083
4.185822486877441 4.2212347984313965 4.0726518630981445
3.9881091117858887 3.625563144683838 3.3443515300750732
2.3361408710479736 1.6855928897857666 1.3366880416870117
3.161620616912842 2.7634997367858887 2.313997983932495
4.216656684875488 4.26142692565918 4.186585426330566
4.189095497131348 3.8848071098327637 3.446944236755371
2.9828615188598633 2.342804431915283 1.8970063924789429
2.2452034950256348 2.1089377403259277 2.0100841522216797
3.4655227661132812 3.6507465839385986 3.718398332595825
4.554319858551025 4.4459614753723145 4.204042434692383
4.410712242126465 4.3333539962768555 4.197793483734131
4.2590813636779785 4.159864902496338 3.881376028060913
4.335312843322754 4.0619683265686035 3.6317713260650635
4.1073737144470215 3.6343986988067627 3.1828513145446777
3.0568721294403076 2.515498399734497 1.8020174503326416
2.6509366035461426 2.035189151763916 1.6387945413589478
2.853915214538574 2.206648588180542 1.5409018993377686
2.5864245891571045 1.8541311025619507 1.3760191202163696
1.4990671873092651 1.0549253225326538 0.6744471192359924
0.7646771669387817 0.6292291879653931 0.4848565459251404
1.4582555294036865 1.1478286981582642 0.8708146214485168
1.7347321510314941 1.4794851541519165 1.4263627529144287
2.8988804817199707 2.8835153579711914 2.436607837677002
3.511326313018799 3.5327811241149902 3.32665753364563
2.2487545013427734 2.3720462322235107 1.8951470851898193
2.5820846557617188 2.4427378177642822 1.8867824077606201
2.5915367603302 2.451183319091797 2.249392032623291
2.717141628265381 2.6018662452697754 2.4841115474700928
2.894774913787842 2.7560298442840576 2.326366901397705
2.957076072692871 2.7806365489959717 2.5854039192199707
2.488757371902466 2.67802095413208 2.4636425971984863
3.8451435565948486 3.9328339099884033 3.9294726848602295
4.1908159255981445 4.300293445587158 4.324129104614258
4.176717281341553 4.107419013977051 3.7338099479675293
2.3203768730163574 2.0130083560943604 1.4169282913208008
2.1203315258026123 1.6236753463745117 1.13906729221344
3.278904676437378 2.9751639366149902 2.581127405166626
2.8385586738586426 2.3334765434265137 2.034759998321533
2.190986394882202 1.5805155038833618 1.2504854202270508
1.7876813411712646 1.3311790227890015 1.13339364528656
2.4349684715270996 2.519749402999878 2.3668301105499268
4.1562042236328125 4.023041725158691 3.7991044521331787
3.942335605621338 3.8626768589019775 3.6489713191986084
3.652711868286133 3.439300537109375 2.862389087677002
4.013266086578369 3.5544369220733643 3.0524370670318604
3.862025022506714 3.346508502960205 2.8117876052856445
2.870741367340088 2.499112606048584 2.0966148376464844
2.041548013687134 1.512670636177063 1.0197250843048096
2.3715579509735107 1.6533080339431763 1.1363866329193115
3.3236804008483887 2.6367697715759277 2.1022369861602783
2.133204936981201 1.651763677597046 1.0359163284301758
0.9671034812927246 0.755656361579895 0.5326923131942749
2.099330425262451 1.6775747537612915 1.242370367050171
1.729482889175415 1.8227806091308594 1.2977936267852783
2.0491998195648193 2.1135640144348145 1.725313425064087
2.3264968395233154 2.283900022506714 2.0945992469787598
2.984621286392212 2.8455440998077393 2.186065912246704
2.388176679611206 2.3942556381225586 2.0985660552978516
2.19246506690979 1.9336646795272827 1.7336230278015137
2.436330795288086 2.201054573059082 1.7304574251174927
2.5096023082733154 2.633957862854004 2.118821620941162
2.8357059955596924 2.929884195327759 2.524756908416748
3.2681407928466797 3.2038121223449707 3.0192720890045166
4.028517246246338 4.120232105255127 4.111843109130859
4.55393123626709 4.508533477783203 4.332098960876465
4.6147260665893555 4.640129089355469 4.579553604125977
3.3685946464538574 3.1035139560699463 2.73791241645813
1.911320686340332 1.34842050075531 0.9352272748947144
2.3220715522766113 1.7532026767730713 1.1643860340118408
2.06921648979187 1.3994462490081787 0.9722537994384766
1.3796247243881226 0.8539605140686035 0.6083518862724304
1.0765478610992432 0.9247907400131226 0.6296869516372681
1.8978114128112793 2.027067184448242 1.714667558670044
3.518343448638916 3.5571188926696777 3.39613676071167
2.8493127822875977 2.9113879203796387 2.604523181915283
3.1790308952331543 2.654078245162964 2.088057041168213
3.5955586433410645 3.0448684692382812 2.4459102153778076
2.821716785430908 2.3299198150634766 1.560104489326477
2.6180825233459473 2.2468912601470947 1.7900090217590332
1.6573827266693115 1.354943037033081 1.128684639930725
1.707819938659668 1.22096848487854 0.8485023975372314
2.6302409172058105 2.229935646057129 1.585691213607788
2.3397042751312256 2.181056022644043 1.4768121242523193
1.8286385536193848 1.3241580724716187 0.8178027868270874
2.123713970184326 2.059922933578491 1.4563297033309937
1.207839012145996 1.3464174270629883 1.0843663215637207
0.9709577560424805 0.9755694270133972 0.9122846126556396
1.4109243154525757 1.39676833152771 1.189558744430542
3.5667433738708496 3.3817217350006104 3.154015302658081
2.987070083618164 3.0140295028686523 2.635798931121826
3.147881031036377 2.8235325813293457 2.465986967086792
3.434196949005127 3.116455554962158 2.623312473297119
3.1482181549072266 3.1677587032318115 2.707040786743164
3.383693218231201 3.1813042163848877 2.890063762664795
3.852032423019409 3.8087832927703857 3.677582263946533
4.254664421081543 4.210880756378174 4.113511085510254
4.372762203216553 4.412443161010742 4.362209796905518
4.587681770324707 4.5767340660095215 4.474462985992432
4.320352077484131 4.071855545043945 3.711468458175659
2.195430040359497 2.1776318550109863 1.7502615451812744
2.139063835144043 1.5464646816253662 0.9657834768295288
1.75182044506073 1.302277684211731 0.9088692665100098
1.4758098125457764 0.9907239675521851 0.7618582248687744
1.8186967372894287 1.4818228483200073 1.2294790744781494
1.9513341188430786 1.6727582216262817 1.4759958982467651
2.3350963592529297 2.4424948692321777 1.9912683963775635
2.2574915885925293 2.168785572052002 2.1489293575286865
3.1390633583068848 2.8852016925811768 2.574035167694092
2.695869207382202 2.680910348892212 1.9854545593261719
1.7251924276351929 1.2827744483947754 1.0664865970611572
1.6554368734359741 1.4080456495285034 1.2498518228530884
2.0627689361572266 1.7992312908172607 1.1494505405426025
2.297268867492676 1.8676515817642212 1.3985557556152344
2.826265573501587 2.3928847312927246 1.8217384815216064
2.9119725227355957 2.80957293510437 2.2443482875823975
2.6868138313293457 2.6900269985198975 2.317777156829834
2.147712230682373 2.3019356727600098 1.7819743156433105
1.1624094247817993 1.0887224674224854 1.055506706237793
1.6518681049346924 1.2319096326828003 0.9892156720161438
1.8536192178726196 2.049530506134033 1.6126474142074585
3.592087745666504 3.264707565307617 2.6811017990112305
3.710012435913086 3.3831303119659424 2.8483567237854004
3.654844045639038 3.49452805519104 3.021528482437134
3.9019083976745605 3.8772761821746826 3.4639534950256348
3.9094040393829346 3.723855972290039 3.1931769847869873
4.297859191894531 3.9670348167419434 3.59511661529541
4.3790364265441895 4.152523994445801 3.8350181579589844
4.305798053741455 4.3510942459106445 4.195990562438965
4.41525936126709 4.479997158050537 4.472188472747803
4.505768775939941 4.3637003898620605 4.151274681091309
4.492849826812744 4.286046504974365 3.9748950004577637
2.9219136238098145 2.6963696479797363 2.1429436206817627
1.3781263828277588 1.074113130569458 0.9085741639137268
1.3785585165023804 1.3210667371749878 1.2471961975097656
2.326265335083008 2.486126661300659 2.277296304702759
2.725796699523926 2.7484066486358643 2.58984112739563
2.1474430561065674 2.120683193206787 1.6460931301116943
2.1094613075256348 2.151026487350464 1.9031733274459839
3.1661746501922607 3.1609299182891846 2.7992806434631348
4.161983489990234 3.854524850845337 3.3919520378112793
2.964622735977173 2.6319034099578857 2.3118155002593994
1.465371012687683 1.6300084590911865 1.3504559993743896
1.2072805166244507 1.299088478088379 1.1829038858413696
1.9459258317947388 2.0809216499328613 1.5214829444885254
3.142487049102783 3.1004889011383057 2.4737961292266846
3.213376045227051 2.912872791290283 2.283308744430542
3.0361433029174805 2.5807125568389893 2.002204179763794
3.62819242477417 3.2931790351867676 2.8559842109680176
2.7442829608917236 2.6926913261413574 2.1700387001037598
1.077675461769104 1.1843616962432861 0.9392101168632507
1.7495179176330566 1.6422450542449951 1.0339983701705933
2.4718527793884277 2.378448963165283 1.7079752683639526
2.5011062622070312 2.199924945831299 1.455052137374878
2.771453857421875 2.300488233566284 1.6961750984191895
3.0895800590515137 2.6566760540008545 2.173346996307373
3.587235689163208 3.198151111602783 2.4959826469421387
3.9307100772857666 3.633718490600586 3.0481162071228027
4.167560577392578 3.847404956817627 3.495335817337036
4.0994791984558105 3.7515146732330322 3.2990589141845703
4.170751094818115 4.100247383117676 3.8284811973571777
4.373692989349365 4.2508649826049805 4.028378009796143
4.22405481338501 4.100546836853027 3.8995213508605957
4.26870059967041 3.942030191421509 3.49084734916687
2.560908794403076 2.467320442199707 1.665477991104126
1.6507503986358643 1.0436341762542725 0.701906681060791
1.7116485834121704 1.83680260181427 1.5722371339797974
3.8497841358184814 3.867424488067627 3.658294916152954
4.080608367919922 4.081279754638672 3.7694945335388184
3.706150770187378 3.398672103881836 3.1162283420562744
3.3511252403259277 2.90067458152771 2.4870667457580566
3.9629788398742676 3.8734939098358154 3.3673129081726074
3.9349207878112793 3.583308458328247 3.1978962421417236
3.4240658283233643 3.31046462059021 2.7334752082824707
1.9685826301574707 1.9532835483551025 1.5749154090881348
0.8970949053764343 1.0328772068023682 0.8915262818336487
1.1890528202056885 1.2313545942306519 0.8577330708503723
1.9356780052185059 1.9673120975494385 1.3798458576202393
2.137248992919922 1.982978343963623 1.2428319454193115
2.4287302494049072 1.8397966623306274 1.3083471059799194
2.7772841453552246 2.273944139480591 1.7767330408096313
3.2049825191497803 2.8408257961273193 2.1015281677246094
2.0304784774780273 1.5140867233276367 1.2425681352615356
1.3989207744598389 1.4664608240127563 0.9911949038505554
1.887944221496582 1.825683355331421 1.1297823190689087
2.0299689769744873 1.6728706359863281 1.1780296564102173
2.2327685356140137 1.8509694337844849 1.335416555404663
2.3926708698272705 2.04494309425354 1.5981241464614868
2.9347548484802246 2.499971866607666 1.7465236186981201
3.3150761127471924 2.950352191925049 2.4610610008239746
3.4011855125427246 2.8643126487731934 2.3845882415771484
3.6275951862335205 3.189037799835205 2.7981295585632324
3.9976563453674316 3.9453659057617188 3.6860804557800293
4.111634254455566 4.010807037353516 3.741032600402832
4.158951282501221 3.8256802558898926 3.2967731952667236
3.946803331375122 3.445359706878662 2.904578447341919
2.515110731124878 2.340832233428955 1.5176339149475098
1.3709160089492798 0.9472585916519165 0.6072495579719543
1.8624708652496338 1.4015613794326782 1.0848864316940308
3.6313893795013428 3.6023361682891846 3.148928165435791
3.9339747428894043 3.9244954586029053 3.5958707332611084
3.936516284942627 3.4679617881774902 3.0081400871276855
3.551056385040283 3.2691686153411865 2.7680282592773438
3.5202672481536865 3.455585241317749 3.253965377807617
3.381667137145996 3.178800582885742 2.5531132221221924
2.6683590412139893 2.7620952129364014 2.1497318744659424
1.6720529794692993 1.7170792818069458 1.2005422115325928
0.7909653782844543 0.6610706448554993 0.5934329628944397
0.6847821474075317 0.6006017327308655 0.46702998876571655
0.9720960855484009 0.8694143295288086 0.7867399454116821
1.737658143043518 1.512934923171997 1.0314303636550903
2.4856619834899902 2.1106855869293213 1.3522953987121582
2.362816572189331 2.0460543632507324 1.5109128952026367
2.0888583660125732 2.2015764713287354 1.834899663925171
1.931963324546814 1.6561704874038696 1.353006362915039
0.7696638107299805 0.8480222225189209 0.7411399483680725
0.9573720693588257 0.9899193048477173 0.6547963619232178
2.2805049419403076 2.181870698928833 1.4143104553222656
2.6503031253814697 2.2625458240509033 1.7060060501098633
2.4137139320373535 2.383915424346924 1.602007269859314
2.7736353874206543 2.822636127471924 2.2014858722686768
2.813190460205078 2.7584660053253174 1.9914804697036743
3.171790599822998 2.5537912845611572 2.168630599975586
3.7335574626922607 3.5764107704162598 3.0542495250701904
3.816344976425171 3.6751809120178223 3.20011568069458
3.4969325065612793 3.5056633949279785 3.0703024864196777
3.542728900909424 2.946437358856201 2.472539186477661
3.215791940689087 2.528963088989258 1.9185097217559814
2.14235258102417 2.1486148834228516 1.3965736627578735
1.518441915512085 1.1362581253051758 0.7469289302825928
2.283630847930908 1.7731512784957886 1.2592747211456299
2.8816730976104736 2.832611560821533 2.078252077102661
2.9560256004333496 2.9351749420166016 2.83209490776062
3.0619633197784424 3.0746328830718994 2.6009271144866943
3.0220839977264404 2.9178314208984375 2.4651663303375244
3.556666135787964 3.2880964279174805 3.104431629180908
3.521172046661377 3.4049861431121826 2.87192440032959
2.3512425422668457 2.3163015842437744 1.5519764423370361
2.1709401607513428 1.7934788465499878 1.127014398574829
1.9991697072982788 1.5843312740325928 1.1539405584335327
1.1625081300735474 0.9421409368515015 0.7770475149154663
1.0384337902069092 1.0321017503738403 0.7960877418518066
1.38413405418396 1.1849862337112427 0.9586009979248047
2.2102856636047363 2.059237241744995 1.3448058366775513
2.8022358417510986 2.5947649478912354 1.8392512798309326
2.948026180267334 2.780008316040039 2.1617679595947266
2.4625275135040283 2.5613045692443848 1.9743101596832275
1.79781973361969 1.8044008016586304 1.4564024209976196
1.3646414279937744 1.1899521350860596 1.1215511560440063
2.1249468326568604 2.176485061645508 1.5010184049606323
2.857837200164795 2.4746105670928955 2.0248963832855225
3.1829934120178223 2.72472882270813 2.188663959503174
2.996349811553955 2.7131741046905518 2.4161548614501953
2.5371317863464355 2.2196147441864014 1.8534857034683228
2.9221673011779785 2.947127103805542 2.661489248275757
3.42171049118042 2.9791171550750732 2.4505538940429688
3.3885436058044434 2.7712674140930176 2.14345121383667
2.9948391914367676 2.4796762466430664 2.0098793506622314
2.714447498321533 2.402388572692871 1.794940710067749
2.7571024894714355 2.1827547550201416 1.652008295059204
1.9304001331329346 1.6769554615020752 1.1024783849716187
1.22514808177948 0.7538878917694092 0.4816155433654785
2.030871868133545 1.4268330335617065 1.1258922815322876
2.305422067642212 2.391057252883911 1.7348291873931885
2.6133623123168945 2.638092517852783 2.0297977924346924
3.2831897735595703 3.0428061485290527 2.781493663787842
3.0613136291503906 2.882366895675659 2.6904520988464355
3.7848238945007324 3.53114914894104 3.300227642059326
3.816720962524414 3.7137045860290527 3.4562482833862305
2.9662091732025146 2.9371731281280518 2.2661795616149902
2.566410541534424 2.3317532539367676 1.7649489641189575
2.01531720161438 2.0111582279205322 1.778551697731018
1.8286603689193726 1.7638083696365356 1.5701179504394531
1.549803376197815 1.4919424057006836 1.1974279880523682
1.3173975944519043 1.0642057657241821 0.8388339877128601
1.755656123161316 1.3874895572662354 0.9549612998962402
2.4714207649230957 2.459195613861084 1.7062890529632568
2.656320571899414 2.598571538925171 2.3279776573181152
2.670581340789795 2.6063320636749268 2.128373622894287
1.947737216949463 1.8842488527297974 1.4917283058166504
1.4045789241790771 1.3207838535308838 0.8103105425834656
3.31998872756958 3.3021349906921387 2.7949938774108887
3.982276678085327 3.7156405448913574 3.4268200397491455
3.9430654048919678 4.025082588195801 3.908155679702759
3.9986817836761475 3.9793787002563477 3.6265616416931152
3.5502820014953613 3.510287046432495 3.1403913497924805
3.189176321029663 3.122528076171875 2.8597805500030518
3.2797043323516846 3.0881943702697754 2.6085474491119385
3.570585250854492 3.1003193855285645 2.6213815212249756
3.142301559448242 2.9145381450653076 2.387406587600708
2.995540142059326 2.6160221099853516 2.1258153915405273
3.0107839107513428 2.7049760818481445 2.304603338241577
1.9856797456741333 1.8123561143875122 1.587668776512146
1.6098042726516724 1.1724731922149658 0.82716965675354
1.9641077518463135 1.6143338680267334 1.2608420848846436
2.6097280979156494 2.586940050125122 1.8026654720306396
3.1293904781341553 3.07196307182312 2.740546703338623
3.011629581451416 2.999790906906128 2.5525062084198
2.8412017822265625 2.6512742042541504 2.4219553470611572
2.9704935550689697 2.8523669242858887 2.507138967514038
3.2214407920837402 3.132627248764038 2.745652675628662
3.460458278656006 3.2081823348999023 2.824620008468628
4.10309362411499 4.054731845855713 3.650918483734131
3.295088529586792 3.256983995437622 2.879361391067505
2.27028226852417 2.4443600177764893 2.1072030067443848
2.2799105644226074 2.1794519424438477 1.7895467281341553
2.043577194213867 2.1345763206481934 1.6096268892288208
2.2034969329833984 2.2853007316589355 1.8936113119125366
3.163187265396118 2.954362630844116 2.562960624694824
2.98714017868042 2.79921293258667 2.406963586807251
3.242117404937744 2.9393155574798584 2.4097747802734375
2.30230450630188 2.0778403282165527 1.7124629020690918
1.5855547189712524 1.607757329940796 1.3331620693206787
3.539569854736328 3.2567245960235596 2.8930752277374268
3.8355603218078613 3.653899669647217 3.30631685256958
3.6132121086120605 3.5688865184783936 3.276169776916504
3.7700140476226807 3.478456974029541 2.8909919261932373
3.686998128890991 3.6622843742370605 3.3989391326904297
3.371311664581299 3.2578017711639404 2.768024444580078
2.84700345993042 2.8182430267333984 2.5452470779418945
3.467017650604248 3.0572757720947266 2.3724074363708496
2.804701805114746 2.7536251544952393 2.2614924907684326
2.459883451461792 2.4904465675354004 1.8646585941314697
2.1592915058135986 2.077049732208252 1.730873942375183
1.2437552213668823 1.1637413501739502 1.135913610458374
1.2387762069702148 1.037555456161499 0.6456887722015381
1.6799004077911377 1.3579752445220947 1.0330636501312256
2.083498477935791 2.04474139213562 1.5632165670394897
2.5296213626861572 2.389643907546997 1.9213128089904785
2.9773921966552734 2.872478723526001 2.3695693016052246
3.494602680206299 3.102573871612549 2.7536251544952393
2.894680976867676 2.5874948501586914 2.159944772720337
2.243868589401245 2.2564475536346436 1.5235941410064697
2.926229476928711 2.6326608657836914 2.072402238845825
3.8646342754364014 3.5360305309295654 2.9053478240966797
3.7130184173583984 3.7522475719451904 3.481452465057373
2.7693233489990234 2.8041279315948486 2.33154559135437
3.1417202949523926 3.1300532817840576 2.5896902084350586
3.4406979084014893 3.367065906524658 2.8709278106689453
3.7140231132507324 3.626469135284424 3.3342103958129883
4.048929214477539 3.8031697273254395 3.484588384628296
3.6590564250946045 3.6392252445220947 3.1663899421691895
3.2684006690979004 3.1772878170013428 2.756601095199585
2.8309178352355957 2.7397146224975586 2.0895676612854004
2.366114377975464 2.350693702697754 1.8956273794174194
2.997426748275757 2.991002321243286 2.369258403778076
3.0890109539031982 2.8157830238342285 2.2023777961730957
2.9298834800720215 2.709190845489502 2.0554146766662598
3.3245186805725098 3.005239248275757 2.493886947631836
3.4865481853485107 3.422989845275879 2.966050624847412
3.1327779293060303 3.026346206665039 2.389841079711914
2.77061128616333 2.6211581230163574 2.0594377517700195
3.017860174179077 2.6610445976257324 1.9359840154647827
2.6792216300964355 2.1838555335998535 1.5291863679885864
2.5365500450134277 1.9880918264389038 1.3830980062484741
1.9483277797698975 1.515775442123413 0.9426237344741821
0.9757220149040222 0.6655592918395996 0.5029016733169556
1.066110372543335 0.835296094417572 0.5238696932792664
1.8348073959350586 1.4344063997268677 0.8672075867652893
2.4106688499450684 2.0386672019958496 1.4172338247299194
3.0750131607055664 2.79095458984375 2.0297553539276123
3.5160481929779053 3.0587170124053955 2.49188494682312
3.48239803314209 3.179853677749634 2.896552562713623
3.2817912101745605 3.0328762531280518 2.3002419471740723
2.4798953533172607 2.0313801765441895 1.5119003057479858
3.1320559978485107 2.7174460887908936 1.9497182369232178
3.4341654777526855 2.9546451568603516 2.3887906074523926
2.7143778800964355 2.4495558738708496 1.6644569635391235
2.271338939666748 2.0003623962402344 1.2543714046478271
2.7067224979400635 2.5079987049102783 1.9689871072769165
2.9695329666137695 2.926896572113037 2.4000132083892822
2.498511791229248 2.255103349685669 1.9849200248718262
2.060224771499634 1.9103001356124878 1.4855411052703857
1.7457178831100464 1.6800636053085327 1.2663129568099976
1.6889392137527466 1.4855692386627197 1.1025480031967163
1.9012091159820557 1.5117573738098145 1.110814094543457
2.085662603378296 1.9663881063461304 1.6091786623001099
2.9082248210906982 2.640223264694214 1.9418089389801025
2.8033969402313232 2.467461109161377 1.9179836511611938
3.2637014389038086 2.940734386444092 2.1973330974578857
3.4145138263702393 3.165539264678955 2.7762105464935303
3.4149422645568848 3.075836658477783 2.457793712615967
3.6857001781463623 3.137960195541382 2.6423845291137695
3.4544360637664795 2.895050525665283 2.2431843280792236
3.2298238277435303 2.7918620109558105 2.257138729095459
2.807382583618164 2.481342077255249 1.7721853256225586
2.6949849128723145 2.323349952697754 1.5868685245513916
2.5186305046081543 2.228440284729004 1.6519360542297363
2.0676825046539307 1.727020263671875 1.095520257949829
2.0820999145507812 1.670716643333435 1.3818238973617554
2.2800769805908203 2.2838058471679688 1.6390726566314697
2.84486722946167 2.577685594558716 1.9451478719711304
2.737110137939453 2.4011893272399902 1.9218015670776367
2.5412051677703857 2.2007415294647217 1.7317492961883545
2.8242383003234863 2.797844648361206 2.4486491680145264
2.763145923614502 2.27913236618042 1.8825368881225586
2.197981834411621 1.8618448972702026 1.4853702783584595
2.877200126647949 2.343921661376953 1.6624592542648315
2.6061856746673584 2.152648448944092 1.6031080484390259
1.857506275177002 1.540037751197815 0.9949464797973633
1.2146470546722412 0.8867570757865906 0.543217658996582
1.8524415493011475 1.6205106973648071 1.214609146118164
3.173518419265747 2.847606897354126 2.3489651679992676
2.4522604942321777 1.956724762916565 1.620612621307373
1.453526258468628 1.4124764204025269 1.0473347902297974
1.4527982473373413 1.2712210416793823 0.9234250783920288
1.6586827039718628 1.1864235401153564 0.746113657951355
1.8829532861709595 1.4601937532424927 0.9598074555397034
1.6059601306915283 1.440906047821045 0.9279882311820984
2.6899759769439697 2.5755014419555664 1.8626506328582764
2.7460453510284424 2.848668098449707 2.4229323863983154
3.209916353225708 2.929776906967163 2.504408597946167
2.8409907817840576 2.885444164276123 2.3522136211395264
2.546633243560791 2.1297037601470947 1.553999900817871
2.8546507358551025 2.603813648223877 2.293996810913086
2.2852654457092285 2.265153169631958 1.747556447982788
2.3621625900268555 1.9176841974258423 1.3474634885787964
2.3235652446746826 2.214947462081909 1.585184097290039
2.151479721069336 1.784660816192627 1.3660999536514282
1.706652045249939 1.5963777303695679 1.2983213663101196
1.1446726322174072 0.8878556489944458 0.6875879168510437
0.8762466907501221 0.8122923970222473 0.5194537043571472
1.504256010055542 1.366167426109314 0.899736225605011
1.3312698602676392 1.2267519235610962 0.8329449892044067
0.6829879283905029 0.6884572505950928 0.49729838967323303
0.6802424192428589 0.6651691198348999 0.5796292424201965
0.8544374704360962 0.9030868411064148 0.659489095211029
1.129820466041565 1.014872670173645 0.7358278632164001
0.6376540064811707 0.5249824523925781 0.4861229956150055
1.0659589767456055 0.7458736300468445 0.48672547936439514
1.101585865020752 0.7684468626976013 0.5867117643356323
0.8469952344894409 0.6432538628578186 0.4718598425388336
0.8934552073478699 0.7363287806510925 0.5914722681045532
1.1843512058258057 1.0916944742202759 0.8881067037582397
2.9383785724639893 2.6805670261383057 2.21490216255188
1.9862852096557617 1.752047061920166 1.2146952152252197
1.3244664669036865 0.9659758806228638 0.6967624425888062
1.3717918395996094 1.171825647354126 0.7104435563087463
1.9637916088104248 1.5948377847671509 1.0972821712493896
2.2414684295654297 1.8589215278625488 1.2390525341033936
2.003368616104126 1.9055906534194946 1.3509050607681274
2.4323277473449707 2.2786738872528076 1.8213863372802734
2.564578056335449 2.4743878841400146 1.7892045974731445
2.6369197368621826 2.4041266441345215 2.011338233947754
2.2720272541046143 1.9625604152679443 1.4741932153701782
1.2647292613983154 1.0526764392852783 0.7547122836112976
1.284806489944458 1.1367318630218506 0.8343406915664673
1.0517995357513428 1.008169412612915 0.6983954310417175
1.744701623916626 1.5466867685317993 0.9124811887741089
1.933849573135376 1.8455890417099 1.3892686367034912
0.9988978505134583 0.8293978571891785 0.6661924123764038
0.5462047457695007 0.6176638007164001 0.5350907444953918
0.6271253228187561 0.4419108033180237 0.31164830923080444
0.8039270043373108 0.559515655040741 0.3878919184207916
1.3927247524261475 1.0386617183685303 0.698201060295105
0.8352943658828735 0.7122448682785034 0.5542836785316467
0.38759443163871765 0.27885693311691284 0.2609061002731323
0.5631376504898071 0.38060247898101807 0.3656485378742218
0.8627907037734985 0.9716662168502808 0.7566863298416138
0.7551597356796265 0.7699508666992188 0.5725117921829224
0.4560759365558624 0.36509692668914795 0.35937580466270447
0.5742775797843933 0.4381151795387268 0.36606091260910034
0.7392809391021729 0.5145901441574097 0.3664173483848572
0.833559513092041 0.7267743945121765 0.48142558336257935
0.9538556337356567 0.8990448713302612 0.6090860962867737
2.409357786178589 2.313805103302002 1.747280478477478
3.2024953365325928 2.9375813007354736 2.6730055809020996
2.0547471046447754 1.7718759775161743 1.3999521732330322
2.1352341175079346 2.01210355758667 1.378114938735962
2.2295124530792236 2.0029869079589844 1.6065301895141602
2.4454617500305176 1.9956929683685303 1.293622612953186
2.4572908878326416 2.1168735027313232 1.5229837894439697
2.20420503616333 2.1101877689361572 1.5131642818450928
3.038971424102783 2.7190446853637695 2.2032172679901123
3.022104263305664 3.0221028327941895 2.468095302581787
2.7656078338623047 2.572150468826294 2.241926908493042
2.083131790161133 1.8750778436660767 1.2508702278137207
1.3894160985946655 1.3053828477859497 1.0024158954620361
1.6544222831726074 1.3187291622161865 0.9037064909934998
2.3963751792907715 2.208949089050293 1.8782309293746948
3.296027660369873 3.0300307273864746 2.6852333545684814
2.6345040798187256 2.5398921966552734 2.1833419799804688
1.817246675491333 1.7006916999816895 1.0532269477844238
1.8156969547271729 1.4882631301879883 1.1167380809783936
1.4827017784118652 1.5696096420288086 1.2275272607803345
1.9550557136535645 1.7362141609191895 1.3554751873016357
2.1633455753326416 1.8689334392547607 1.3677037954330444
1.2731099128723145 1.1292212009429932 1.0130189657211304
1.534843921661377 1.6150556802749634 1.1602904796600342
2.359126329421997 2.1147725582122803 1.7545521259307861
2.8471486568450928 2.5957376956939697 2.0630412101745605
1.3506205081939697 1.445221185684204 1.102736234664917
1.5723479986190796 1.2696788311004639 0.969001293182373
1.9750925302505493 1.6300333738327026 0.9977912902832031
1.5490925312042236 1.2154796123504639 0.8432155847549438
1.5509769916534424 1.5092601776123047 1.0770344734191895
2.0569827556610107 1.74551522731781 1.2910791635513306
2.9461941719055176 2.683779001235962 1.86672842502594
3.045015811920166 2.7627127170562744 2.1318068504333496
2.7081527709960938 2.490100383758545 1.8466300964355469
2.3986904621124268 2.141364574432373 1.6090466976165771
2.5009608268737793 2.124994993209839 1.6314659118652344
2.6471056938171387 2.3439621925354004 1.7168467044830322
2.919501304626465 2.567404270172119 1.9073704481124878
2.532648801803589 2.2744898796081543 1.6032196283340454
3.486452102661133 3.2255733013153076 2.6010308265686035
3.4617063999176025 3.2809062004089355 2.8235561847686768
3.350309133529663 3.086798667907715 2.5980889797210693
3.120706796646118 2.799375534057617 2.378718614578247
3.151650905609131 3.064894437789917 2.6642653942108154
3.293428421020508 3.2587032318115234 2.6602909564971924
3.4783337116241455 3.3713619709014893 2.8108837604522705
3.479299545288086 3.3685688972473145 2.9222347736358643
3.0970263481140137 3.001967430114746 2.503469467163086
3.230867624282837 2.859445571899414 2.4078738689422607
3.466747760772705 3.1115639209747314 2.497833728790283
3.6073977947235107 3.333117961883545 2.75805401802063
3.5832135677337646 3.2999203205108643 2.6106088161468506
3.0893523693084717 2.868990659713745 2.299269199371338
3.029536008834839 2.6088171005249023 2.2254891395568848
3.357750654220581 2.971980333328247 2.388339042663574
3.384091854095459 3.191089630126953 2.6961708068847656
3.172227382659912 3.0529918670654297 2.5356345176696777
3.111499786376953 2.890591859817505 2.5034615993499756
3.2031941413879395 3.18434476852417 2.5295162200927734
3.6272010803222656 3.121983766555786 2.5664291381835938
3.1422817707061768 2.868393898010254 2.205733299255371
3.3515756130218506 2.9626688957214355 2.3106062412261963
3.4342148303985596 3.137350082397461 2.4029407501220703
3.323699474334717 2.8610424995422363 2.267016887664795
3.499802589416504 3.217193603515625 2.7523293495178223
3.309217691421509 2.877143383026123 2.3243839740753174
2.645359516143799 2.3366024494171143 1.842137336730957
3.012260913848877 2.696425199508667 2.0627832412719727
3.1087722778320312 2.7391109466552734 2.1584792137145996
3.309252977371216 3.067054033279419 2.419564962387085
3.3807623386383057 3.0085606575012207 2.524369239807129
3.6596920490264893 3.5413403511047363 3.109844923019409
3.9835076332092285 3.855015993118286 3.5605974197387695
3.868076801300049 3.7858614921569824 3.3998477458953857
3.7635912895202637 3.42822527885437 2.7503390312194824
3.663857936859131 3.2386441230773926 2.7268877029418945
3.7090060710906982 3.611793041229248 3.2215912342071533
3.853334903717041 3.634911060333252 2.997631788253784
3.7873215675354004 3.783804416656494 3.343078136444092
4.045121192932129 3.787243366241455 3.214848756790161
3.963303327560425 3.898440361022949 3.47044038772583
3.8743233680725098 3.8328800201416016 3.5076489448547363
3.7988686561584473 3.6392745971679688 3.4304325580596924
3.829714775085449 3.358989953994751 2.9848954677581787
4.037868499755859 3.6567463874816895 3.0738682746887207
4.140153884887695 3.8862173557281494 3.5896191596984863
3.8872177600860596 3.801851272583008 3.321687698364258
3.7249131202697754 3.5651016235351562 2.9403698444366455
3.3049869537353516 3.3834547996520996 3.0137410163879395
3.7324182987213135 3.3016693592071533 2.713528871536255
3.74236798286438 3.6692233085632324 3.2268404960632324
4.136324882507324 3.7362990379333496 3.3887505531311035
3.98915696144104 3.687650442123413 3.2125344276428223
3.7359371185302734 3.5306317806243896 3.1533775329589844
3.5590133666992188 3.443558931350708 2.9474244117736816
3.617861032485962 3.5462894439697266 3.0212440490722656
3.8316807746887207 3.532240390777588 3.0336098670959473
3.795548915863037 3.410292387008667 2.8518190383911133
3.493528366088867 3.1683402061462402 2.541945457458496
3.3845455646514893 3.0593020915985107 2.6686036586761475
3.5560414791107178 3.18031907081604 2.6661534309387207
3.6005282402038574 3.425762414932251 2.776365041732788
3.433764696121216 3.356395721435547 3.0928800106048584
