0.07786609185667132

0.3114706575870514 0.3522801697254181
0.28400611877441406 0.3705351650714874
0.2594852149486542 0.3846956491470337
0.2515467703342438 0.4113481640815735
0.272206574678421 0.40386253595352173
0.24709977209568024 0.424491286277771
0.22001808881759644 0.41379156708717346
0.21087802946567535 0.43084242939949036
0.2318854033946991 0.43631285429000854
0.20857654511928558 0.4517662823200226
0.1925988644361496 0.44789355993270874
0.1948431432247162 0.4699108302593231
0.1738470047712326 0.46442916989326477
0.18609961867332458 0.48126959800720215
0.15422482788562775 0.48779335618019104
0.16942867636680603 0.49101072549819946
0.16035564243793488 0.5056317448616028
0.1441674530506134 0.5154997110366821
0.15507270395755768 0.5268890261650085
0.13021616637706757 0.5235607028007507
0.1507541537284851 0.5342399477958679
0.11610328406095505 0.5498650670051575
0.13862793147563934 0.5418410897254944
0.13993336260318756 0.5640062093734741
0.1169147863984108 0.5649064183235168
0.15792115032672882 0.5716781616210938
0.12706045806407928 0.5739955306053162
0.1533832550048828 0.5985568761825562
0.17133598029613495 0.6097259521484375
0.1882089525461197 0.6156249046325684
0.33832478523254395 0.330022394657135
0.3299705684185028 0.3608563542366028
0.3187865614891052 0.37577125430107117
0.3110393285751343 0.3838522732257843
0.29593244194984436 0.3895677328109741
0.28603723645210266 0.3998866379261017
0.28005945682525635 0.4141656458377838
0.2759624719619751 0.4244530200958252
0.26452842354774475 0.427944153547287
0.2542761564254761 0.43846821784973145
0.24318574368953705 0.4428410232067108
0.22658666968345642 0.4537697434425354
0.23948635160923004 0.45807334780693054
0.21868713200092316 0.467698335647583
0.20057110488414764 0.47341200709342957
0.21246816217899323 0.4859265685081482
0.1969134658575058 0.49489182233810425
0.1807059347629547 0.5012481808662415
0.18192262947559357 0.5123817324638367
0.18979808688163757 0.5150071978569031
0.1812191754579544 0.5303206443786621
0.17017291486263275 0.5331809520721436
0.16451884806156158 0.5606210827827454
0.18634431064128876 0.5554810166358948
0.19890353083610535 0.5620871186256409
0.17879672348499298 0.5769098997116089
0.1986348181962967 0.5858985781669617
0.2135850042104721 0.6132329106330872
0.2321593463420868 0.6278316378593445
0.26329305768013 0.6381973624229431
0.3670657277107239 0.3072672486305237
0.3561549186706543 0.34656092524528503
0.3469609320163727 0.36454835534095764
0.33594605326652527 0.3785688281059265
0.32583868503570557 0.3881092965602875
0.3177137076854706 0.397350013256073
0.3064325451850891 0.4006534814834595
0.30047106742858887 0.4098966717720032
0.2914343476295471 0.42058756947517395
0.283939927816391 0.42674776911735535
0.2699613571166992 0.4327270984649658
0.26253610849380493 0.4439166784286499
0.2620241641998291 0.4569218158721924
0.25082772970199585 0.4666314125061035
0.2399415224790573 0.47534409165382385
0.23374687135219574 0.4818882942199707
0.2282717227935791 0.4910951256752014
0.2178027331829071 0.49756094813346863
0.22483517229557037 0.50428706407547
0.20484574139118195 0.5075495839118958
0.2003052532672882 0.524033784866333
0.21651974320411682 0.5272349715232849
0.19788840413093567 0.5394167304039001
0.2247024029493332 0.5582932233810425
0.21944917738437653 0.5735445618629456
0.2478528618812561 0.572579026222229
0.25669780373573303 0.5989207625389099
0.23341543972492218 0.5941758155822754
0.28047746419906616 0.6161936521530151
0.30884119868278503 0.6518004536628723
0.38820379972457886 0.3120097815990448
0.3797484040260315 0.3338437080383301
0.375251829624176 0.3525717854499817
0.3638325035572052 0.3694276213645935
0.35203471779823303 0.37456944584846497
0.3455178141593933 0.38487088680267334
0.3350558578968048 0.39300668239593506
0.32561618089675903 0.406779944896698
0.3160429298877716 0.411971777677536
0.3094654083251953 0.41509607434272766
0.30246272683143616 0.42197737097740173
0.2968862056732178 0.4352610111236572
0.27991804480552673 0.4467000365257263
0.2769400179386139 0.4603950083255768
0.2686697542667389 0.46743929386138916
0.26318231225013733 0.4749293029308319
0.24800299108028412 0.48642322421073914
0.25849103927612305 0.5008456110954285
0.27020180225372314 0.5205057263374329
0.24115854501724243 0.5150849223136902
0.23760448396205902 0.5297571420669556
0.2678038775920868 0.5397825837135315
0.23179620504379272 0.5429326295852661
0.2579959034919739 0.5591281652450562
0.26562392711639404 0.5800437331199646
0.291532039642334 0.5794936418533325
0.3129723370075226 0.6057354211807251
0.3415412902832031 0.6277896761894226
0.3575020432472229 0.6604993343353271
0.3943145275115967 0.684283435344696
0.4150255024433136 0.30601224303245544
0.4044569134712219 0.3323134481906891
0.39027541875839233 0.34372478723526
0.38358694314956665 0.3606250286102295
0.37344473600387573 0.3666335940361023
0.3688690662384033 0.37240469455718994
0.36046189069747925 0.3847210705280304
0.35265037417411804 0.391021728515625
0.33827468752861023 0.3985612690448761
0.3338056206703186 0.4107585847377777
0.320817232131958 0.42136871814727783
0.3146922290325165 0.43392717838287354
0.3092610836029053 0.44016367197036743
0.30512773990631104 0.4521012604236603
0.29941654205322266 0.46378761529922485
0.2890630066394806 0.47253885865211487
0.29139119386672974 0.48809316754341125
0.27456772327423096 0.501194179058075
0.28940555453300476 0.511948823928833
0.28877896070480347 0.528997004032135
0.3054133653640747 0.5353301167488098
0.28318241238594055 0.5556429624557495
0.30099010467529297 0.5602691173553467
0.3157074749469757 0.5491126775741577
0.33198148012161255 0.577531099319458
0.3438654839992523 0.5871338248252869
0.372523695230484 0.6093853712081909
0.382895827293396 0.6337721943855286
0.4198954999446869 0.6813014149665833
0.4307905435562134 0.7087083458900452
0.4200640916824341 0.28473949432373047
0.41718462109565735 0.3255290687084198
0.40986791253089905 0.33983659744262695
0.39954128861427307 0.35187092423439026
0.3971693217754364 0.3622954487800598
0.3878808319568634 0.37174317240715027
0.3809138834476471 0.379630446434021
0.3721744418144226 0.3890063464641571
0.3633376955986023 0.3977542817592621
0.35117173194885254 0.40582016110420227
0.3466770350933075 0.41937533020973206
0.3445720672607422 0.42651912569999695
0.32631364464759827 0.4335954487323761
0.3325417935848236 0.4502691924571991
0.3391704559326172 0.47776535153388977
0.32224398851394653 0.4692050814628601
0.33070120215415955 0.49559110403060913
0.3149081766605377 0.4989718496799469
0.34891384840011597 0.5141370296478271
0.3175243139266968 0.525100588798523
0.3388270139694214 0.5268681645393372
0.3293711543083191 0.5496199727058411
0.3515082597732544 0.5503321886062622
0.3593702018260956 0.5749450325965881
0.39159056544303894 0.5936566591262817
0.4097245931625366 0.6310743689537048
0.4245842397212982 0.6403166055679321
0.43577075004577637 0.6657971143722534
0.44470447301864624 0.6875540614128113
0.4446835219860077 0.7221031785011292
0.44544386863708496 0.29790520668029785
0.43429502844810486 0.3168685734272003
0.4269888997077942 0.3342266082763672
0.4235488176345825 0.3452509641647339
0.4121723175048828 0.3580443263053894
0.4063294529914856 0.36916449666023254
0.4031318128108978 0.37618377804756165
0.39382609724998474 0.3834357261657715
0.3867880403995514 0.39111053943634033
0.3780255615711212 0.39746522903442383
0.3692943751811981 0.4095204770565033
0.3784213066101074 0.42350655794143677
0.3594653904438019 0.43399810791015625
0.36407074332237244 0.44650864601135254
0.35761329531669617 0.46501561999320984
0.35521697998046875 0.4859983026981354
0.3688230812549591 0.49385160207748413
0.3483828902244568 0.5061241984367371
0.37080639600753784 0.5076419115066528
0.36106076836586 0.5310841798782349
0.3888194262981415 0.545802652835846
0.3890025317668915 0.5633272528648376
0.41264140605926514 0.5832567811012268
0.4274114668369293 0.6028463244438171
0.4358136057853699 0.6153427958488464
0.43593737483024597 0.647167444229126
0.4484812915325165 0.6531463861465454
0.45185187458992004 0.6768484711647034
0.4638041853904724 0.7089865207672119
0.4743918180465698 0.7363898754119873
0.4894234240055084 0.26524391770362854
0.4520406424999237 0.3124544322490692
0.4430201053619385 0.3329293727874756
0.4391287863254547 0.3392758369445801
0.4307832419872284 0.3471454679965973
0.4259710907936096 0.3640826642513275
0.42001980543136597 0.37349367141723633
0.4156508445739746 0.3850257694721222
0.40923458337783813 0.3890315592288971
0.40116086602211 0.4006004333496094
0.4048556685447693 0.41080018877983093
0.38957640528678894 0.4132065773010254
0.3983592391014099 0.42910146713256836
0.38762855529785156 0.4585009813308716
0.376363068819046 0.4725402891635895
0.38752052187919617 0.48058247566223145
0.40615367889404297 0.48559606075286865
0.38711726665496826 0.5005185604095459
0.391907662153244 0.520401656627655
0.4136779010295868 0.5286127328872681
0.4175705909729004 0.5513673424720764
0.43636977672576904 0.5733299255371094
0.4440350830554962 0.5976770520210266
0.4551354646682739 0.6106253266334534
0.4505302608013153 0.6258928179740906
0.45791855454444885 0.6438517570495605
0.45918378233909607 0.6648638248443604
0.4648395776748657 0.6951320767402649
0.48187538981437683 0.7004838585853577
0.48288607597351074 0.7190033197402954
0.46208325028419495 0.27569448947906494
0.4668632745742798 0.3049314320087433
0.45722755789756775 0.32265716791152954
0.45557788014411926 0.3355560898780823
0.4492696523666382 0.34669506549835205
0.44590750336647034 0.353530615568161
0.44078385829925537 0.3688366115093231
0.43441241979599 0.37530192732810974
0.42980828881263733 0.37860164046287537
0.4239956736564636 0.3968161940574646
0.429739385843277 0.4071498513221741
0.4192291796207428 0.417378306388855
0.4256196618080139 0.43617939949035645
0.41124531626701355 0.45909324288368225
0.40098413825035095 0.46812599897384644
0.42863205075263977 0.4851555824279785
0.417818158864975 0.5029435157775879
0.433287113904953 0.5079845190048218
0.43501365184783936 0.5315585732460022
0.4469698667526245 0.5428393483161926
0.45550909638404846 0.5666556358337402
0.45991256833076477 0.5863322019577026
0.4678497314453125 0.6006891131401062
0.4653908312320709 0.6234036087989807
0.46851277351379395 0.6365105509757996
0.4733501076698303 0.6610249280929565
0.46938323974609375 0.6716492176055908
0.4857616424560547 0.6902040243148804
0.4923706352710724 0.7099572420120239
0.49865904450416565 0.7343472838401794
0.48295408487319946 0.2980458736419678
0.4786527752876282 0.30962395668029785
0.4746801555156708 0.32044392824172974
0.4717572331428528 0.3308599591255188
0.4678712487220764 0.3394112288951874
0.460835337638855 0.3547914922237396
0.4541538953781128 0.3630501329898834
0.45768624544143677 0.37516579031944275
0.4529331922531128 0.38794490694999695
0.4388245940208435 0.39583519101142883
0.4501638114452362 0.4039403796195984
0.44365331530570984 0.4232400953769684
0.4518034756183624 0.4496290683746338
0.4341464638710022 0.46177244186401367
0.4439310133457184 0.47684943675994873
0.4589696526527405 0.48789605498313904
0.4549514055252075 0.501483142375946
0.4517265260219574 0.5207306742668152
0.4721375107765198 0.5399181842803955
0.469717413187027 0.5547544956207275
0.46854960918426514 0.5771933197975159
0.4807818830013275 0.5908821821212769
0.4764856696128845 0.6079515814781189
0.4800315499305725 0.6290727853775024
0.48930609226226807 0.6463233232498169
0.4847731292247772 0.6551664471626282
0.4826670289039612 0.6802728772163391
0.49898046255111694 0.7001876831054688
0.5034446716308594 0.7219375371932983
0.5087474584579468 0.7481825947761536
0.4999678134918213 0.293521523475647
0.49478036165237427 0.3038990795612335
0.48783066868782043 0.32144591212272644
0.4809879660606384 0.32645633816719055
0.48308852314949036 0.3438934087753296
0.4745846390724182 0.35287541151046753
0.47662460803985596 0.3584217131137848
0.46807894110679626 0.36565545201301575
0.4667808413505554 0.38318711519241333
0.47845524549484253 0.38690468668937683
0.4611775577068329 0.3945976793766022
0.4712720811367035 0.4121900200843811
0.458737850189209 0.43062999844551086
0.47362494468688965 0.45510992407798767
0.4704867899417877 0.46650978922843933
0.47449663281440735 0.4908209443092346
0.47192081809043884 0.5125321745872498
0.48927614092826843 0.5236032605171204
0.48626774549484253 0.546200156211853
0.4820687472820282 0.5612313747406006
0.48899760842323303 0.5724342465400696
0.49141934514045715 0.5851588249206543
0.4929139018058777 0.6143043041229248
0.49645689129829407 0.6320868134498596
0.5017494559288025 0.6444603204727173
0.4943871796131134 0.6652035713195801
0.500097930431366 0.6857993006706238
0.508651614189148 0.696186900138855
0.5147289633750916 0.7158044576644897
0.5203933119773865 0.7402094006538391
0.5171050429344177 0.2822602093219757
0.5104345679283142 0.300385445356369
0.5065101385116577 0.3119468092918396
0.4998783767223358 0.3232046961784363
0.4962886571884155 0.33366918563842773
0.49381569027900696 0.3470081686973572
0.48436644673347473 0.35515567660331726
0.4956264793872833 0.3692125082015991
0.48137348890304565 0.3765313923358917
0.49653205275535583 0.38551005721092224
0.48657774925231934 0.3998606503009796
0.4831593334674835 0.4250967502593994
0.4924420714378357 0.44333550333976746
0.4882989823818207 0.46408984065055847
0.48698875308036804 0.4804963767528534
0.5032492876052856 0.49706634879112244
0.5050908327102661 0.517654538154602
0.4962223172187805 0.5391337871551514
0.5074381828308105 0.5337444543838501
0.4981381893157959 0.5552201867103577
0.5004206895828247 0.5650624632835388
0.4990520775318146 0.5999936461448669
0.5093635320663452 0.6049126386642456
0.5092769265174866 0.6230759024620056
0.5032913088798523 0.6540275812149048
0.5076352953910828 0.6670482754707336
0.5136889219284058 0.6799572706222534
0.5165606141090393 0.7015582919120789
0.5225769281387329 0.730607807636261
0.5346904993057251 0.7626175880432129
0.5135443806648254 0.25828513503074646
0.5243036150932312 0.29666072130203247
0.5219011902809143 0.3126165270805359
0.5173192620277405 0.3259660005569458
0.5099580883979797 0.329889714717865
0.5144088268280029 0.3442963659763336
0.5061798095703125 0.3495160639286041
0.5009926557540894 0.3586154580116272
0.5070115327835083 0.3749638795852661
0.513239324092865 0.3897687494754791
0.5088630318641663 0.40672680735588074
0.5017938017845154 0.42110252380371094
0.5176121592521667 0.45210000872612
0.5067389011383057 0.4609679579734802
0.5137037634849548 0.47934234142303467
0.521776020526886 0.502184271812439
0.5111944675445557 0.5094040632247925
0.5174939036369324 0.5237840414047241
0.5048342943191528 0.5468918085098267
0.5136939883232117 0.5592325329780579
0.5099015235900879 0.5813917517662048
0.516890823841095 0.592802107334137
0.5157304406166077 0.6089332699775696
0.5096707940101624 0.6402693390846252
0.5186258554458618 0.6584398746490479
0.523262619972229 0.6765090823173523
0.5230702757835388 0.6868254542350769
0.5346655249595642 0.7087449431419373
0.5298055410385132 0.7261849641799927
0.5395599603652954 0.7425994277000427
0.5507504343986511 0.2510434687137604
0.5341931581497192 0.29162803292274475
0.5309941172599792 0.303641140460968
0.5275334715843201 0.3189091682434082
0.5278322696685791 0.3375917673110962
0.5205761790275574 0.3401167392730713
0.5237279534339905 0.35188227891921997
0.5153490304946899 0.359901487827301
0.5284050703048706 0.3688438832759857
0.5212925672531128 0.3767372667789459
0.5267651081085205 0.4129011034965515
0.5192644596099854 0.42450278997421265
0.5303964614868164 0.4350248873233795
0.5347575545310974 0.4713430106639862
0.5240609645843506 0.48798200488090515
0.5358211398124695 0.493234246969223
0.5204938054084778 0.5150231122970581
0.5280028581619263 0.5304896235466003
0.5251100659370422 0.5458367466926575
0.5266138911247253 0.565980076789856
0.5211296677589417 0.5783231258392334
0.5289350152015686 0.5841774940490723
0.525812566280365 0.6144927144050598
0.5249133706092834 0.635831892490387
0.5300015807151794 0.6560136675834656
0.5469567179679871 0.6788478493690491
0.5376136302947998 0.6935496926307678
0.5400362610816956 0.7070919275283813
0.5470273494720459 0.7369796633720398
0.5503902435302734 0.7514158487319946
0.5403029918670654 0.2705763578414917
0.5476139783859253 0.29327890276908875
0.5445604920387268 0.30341070890426636
0.5389614701271057 0.31104356050491333
0.5390700101852417 0.3276810348033905
0.543644368648529 0.34005945920944214
0.5343828201293945 0.34472888708114624
0.536400318145752 0.35190659761428833
0.5403186678886414 0.374858021736145
0.5351760387420654 0.3882654309272766
0.5436609387397766 0.4079784154891968
0.5469996333122253 0.42961233854293823
0.5507793426513672 0.441561758518219
0.5395969748497009 0.46466749906539917
0.5440211296081543 0.481922447681427
0.5379230380058289 0.5050796866416931
0.5316711664199829 0.5174095034599304
0.5471825003623962 0.5199730396270752
0.5359855890274048 0.5331740975379944
0.5340536832809448 0.5535616874694824
0.5328477621078491 0.5699633955955505
0.5400227308273315 0.5978608131408691
0.5348864197731018 0.6212916970252991
0.5433239936828613 0.6373046040534973
0.5378584265708923 0.6631408333778381
0.5477029085159302 0.6884961128234863
0.5515786409378052 0.7026743292808533
0.5577865839004517 0.7162419557571411
0.5452451705932617 0.7233381867408752
0.558058500289917 0.7440009117126465
0.5588212609291077 0.2856706976890564
0.5619596242904663 0.29988259077072144
0.5558963418006897 0.3094605803489685
0.561129629611969 0.32347553968429565
0.5502943396568298 0.33414992690086365
0.560596764087677 0.34388381242752075
0.545429527759552 0.3555302917957306
0.5544524788856506 0.35923928022384644
0.5554572939872742 0.374843955039978
0.5607812404632568 0.3850245475769043
0.5592018365859985 0.4182135760784149
0.5694895386695862 0.4333781898021698
0.5518581867218018 0.4591134190559387
0.5607196092605591 0.4683927893638611
0.561286211013794 0.48323333263397217
0.5550684928894043 0.492472380399704
0.5515943765640259 0.5031899213790894
0.5545931458473206 0.5243430733680725
0.5431804060935974 0.5387740135192871
0.5477586984634399 0.5571568012237549
0.5447935461997986 0.5821821093559265
0.5525147318840027 0.6082289218902588
0.5533161759376526 0.6303161382675171
0.5602866411209106 0.6540091037750244
0.5553441643714905 0.6670081615447998
0.562078058719635 0.6871423125267029
0.5678477883338928 0.696439802646637
0.5638316869735718 0.7089714407920837
0.561842143535614 0.7319352030754089
0.5729269981384277 0.7532562017440796
0.5668326616287231 0.2722717821598053
0.574053168296814 0.2935512065887451
0.565798282623291 0.30634889006614685
0.5709707140922546 0.3148723542690277
0.5653876066207886 0.33107301592826843
0.5729915499687195 0.3358745872974396
0.571713387966156 0.3479398787021637
0.5653706192970276 0.35963568091392517
0.5812900066375732 0.3763822019100189
0.573153018951416 0.3885412812232971
0.5787851214408875 0.41039910912513733
0.5858269929885864 0.4249936640262604
0.5818641185760498 0.43662557005882263
0.5703755617141724 0.45593884587287903
0.5780547261238098 0.4779529869556427
0.5771002173423767 0.4905870854854584
0.5733118057250977 0.5076540112495422
0.5630767941474915 0.5146346092224121
0.5646809339523315 0.5359510779380798
0.5597174167633057 0.5475111603736877
0.5590731501579285 0.5748935341835022
0.5657935738563538 0.5952610969543457
0.5738542079925537 0.6180711984634399
0.5754584074020386 0.6415953040122986
0.5722541809082031 0.668304979801178
0.5820716023445129 0.6921554207801819
0.5774269700050354 0.7042533159255981
0.581906795501709 0.7190410494804382
0.5699284076690674 0.7266133427619934
0.575535237789154 0.7403110265731812
0.5840606689453125 0.24749068915843964
0.5799869298934937 0.2877774238586426
0.5821492075920105 0.3018735945224762
0.5778022408485413 0.3247305154800415
0.5941231846809387 0.329292893409729
0.5858646035194397 0.3348637521266937
0.5831296443939209 0.35276278853416443
0.5900478363037109 0.35892802476882935
0.5933244824409485 0.3841898739337921
0.605050802230835 0.3920671343803406
0.5963006019592285 0.40779104828834534
0.5984421372413635 0.43222901225090027
0.5911284685134888 0.4401561915874481
0.5827596187591553 0.4507640600204468
0.5904630422592163 0.4667627215385437
0.5940811038017273 0.4948894679546356
0.583545982837677 0.5010384321212769
0.5814344882965088 0.5263758897781372
0.5723465085029602 0.5454831123352051
0.5801257491111755 0.5658923983573914
0.5854095220565796 0.5865317583084106
0.6027498841285706 0.6025359630584717
0.5964213013648987 0.6390033960342407
0.5899693965911865 0.660312294960022
0.5951075553894043 0.6725453734397888
0.5845156311988831 0.6777821183204651
0.5895024538040161 0.6989441514015198
0.5921595692634583 0.7130308747291565
0.5872823596000671 0.7344560027122498
0.566439688205719 0.7659037709236145
0.5921887755393982 0.2817920446395874
0.596340537071228 0.29753854870796204
0.6017957329750061 0.3085329532623291
0.5880484580993652 0.3129197359085083
0.6034501194953918 0.3236517012119293
0.597862958908081 0.3444775938987732
0.60482257604599 0.3500274419784546
0.5953463912010193 0.3626236617565155
0.6022699475288391 0.37400102615356445
0.6183879971504211 0.3828904330730438
0.6074514985084534 0.4168604612350464
0.6168062090873718 0.42258015275001526
0.6199586987495422 0.4460885226726532
0.6110439300537109 0.45591992139816284
0.6044898629188538 0.4726298153400421
0.6104812026023865 0.487765908241272
0.6172471046447754 0.5071817636489868
0.5985833406448364 0.5116404891014099
0.6134406328201294 0.5378456711769104
0.5954945683479309 0.560790479183197
0.611843466758728 0.5744641423225403
0.619211733341217 0.6103552579879761
0.6140921711921692 0.6309875249862671
0.6156300902366638 0.6513794660568237
0.6069854497909546 0.6637798547744751
0.6009582877159119 0.6815949082374573
0.6058653593063354 0.6919339299201965
0.6023727655410767 0.711543083190918
0.5999844670295715 0.723586916923523
0.5903952717781067 0.7444053292274475
0.6025838255882263 0.26794666051864624
0.6088150143623352 0.2959141135215759
0.6114102602005005 0.3112812936306
0.6183446645736694 0.3196648061275482
0.6096827983856201 0.3329078257083893
0.6125911474227905 0.3413354456424713
0.6134682297706604 0.35352182388305664
0.625135064125061 0.3660542070865631
0.6325532793998718 0.3917941749095917
0.6255176663398743 0.40150511264801025
0.6334457397460938 0.4055289924144745
0.633323609828949 0.4263034462928772
0.6285276412963867 0.4326632022857666
0.6258264183998108 0.4638098180294037
0.6192624568939209 0.4790705144405365
0.639140248298645 0.4836288392543793
0.6316695809364319 0.49849554896354675
0.6199424266815186 0.5193382501602173
0.6359136700630188 0.5279098749160767
0.6479998826980591 0.5613000988960266
0.6319994926452637 0.5799533128738403
0.6364988684654236 0.5989981889724731
0.6326697468757629 0.630186140537262
0.6281700730323792 0.6437260508537292
0.6195046901702881 0.6674776077270508
0.612858235836029 0.6779682040214539
0.620173454284668 0.6936028003692627
0.6089306473731995 0.7078603506088257
0.6063541173934937 0.7292290925979614
0.5947473049163818 0.7663363814353943
0.6213324666023254 0.249012753367424
0.6142073273658752 0.28448379039764404
0.6316909790039062 0.3171553611755371
0.6214069128036499 0.32953783869743347
0.6302661895751953 0.33894264698028564
0.628993034362793 0.3488801121711731
0.6329767107963562 0.3585803806781769
0.6381358504295349 0.3690354824066162
0.6360023617744446 0.37856534123420715
0.6485057473182678 0.3968140780925751
0.6428764462471008 0.4094265401363373
0.6539726257324219 0.4250967800617218
0.6468313932418823 0.44405242800712585
0.642458975315094 0.45761439204216003
0.6504724621772766 0.46773508191108704
0.6544687747955322 0.4893241226673126
0.6426412463188171 0.5095613598823547
0.6559298634529114 0.5223863124847412
0.6427382826805115 0.5483241081237793
0.6618543267250061 0.5690953731536865
0.6528751254081726 0.5825190544128418
0.6476434469223022 0.607383131980896
0.6408143043518066 0.6227008104324341
0.6430385112762451 0.6380105018615723
0.6320338845252991 0.6550281643867493
0.6322028040885925 0.6731114983558655
0.628068745136261 0.6849485039710999
0.6179883480072021 0.7014924883842468
0.6111189126968384 0.7216352224349976
0.6080282926559448 0.7488929033279419
0.6243581771850586 0.29149946570396423
0.6293383836746216 0.3004399836063385
0.63689786195755 0.30486229062080383
0.6348543763160706 0.327335923910141
0.6397300362586975 0.33342844247817993
0.6404498815536499 0.3453820049762726
0.644691526889801 0.3574599027633667
0.6574636101722717 0.37607964873313904
0.6520577669143677 0.3874666094779968
0.6630810499191284 0.4023810625076294
0.6602142453193665 0.4121229648590088
0.6700435876846313 0.4344775974750519
0.6552929282188416 0.4414234161376953
0.6631792187690735 0.45662930607795715
0.6676944494247437 0.47180983424186707
0.6720765829086304 0.49417391419410706
0.6695235967636108 0.5089117288589478
0.6724978685379028 0.5311604738235474
0.6668450236320496 0.5452479124069214
0.6739256978034973 0.5591553449630737
0.666843831539154 0.5772164463996887
0.6592783331871033 0.5977640151977539
0.6604541540145874 0.6153954267501831
0.6506475210189819 0.6250482797622681
0.6469995975494385 0.6475628614425659
0.6383894681930542 0.6646451354026794
0.6410553455352783 0.6825725436210632
0.6220041513442993 0.6978051662445068
0.6259387135505676 0.7205862998962402
0.6166101098060608 0.7345715165138245
0.6349095106124878 0.2814449965953827
0.6405544877052307 0.29304003715515137
0.6433596014976501 0.31477734446525574
0.6466912031173706 0.32453471422195435
0.6558815240859985 0.3383924067020416
0.6633235216140747 0.3499257564544678
0.6635817289352417 0.3661980628967285
0.6680018305778503 0.38027116656303406
0.6713931560516357 0.3937886357307434
0.6753692030906677 0.4063541293144226
0.6725112199783325 0.41736656427383423
0.6833801865577698 0.43074241280555725
0.6755862236022949 0.44893985986709595
0.6782340407371521 0.4619426429271698
0.6910086870193481 0.47248101234436035
0.6828758716583252 0.48676738142967224
0.687918484210968 0.5012785196304321
0.6900784969329834 0.5188931822776794
0.6845962405204773 0.5370287299156189
0.6829540133476257 0.5493410229682922
0.6773080825805664 0.5756921768188477
0.6736801862716675 0.5893996357917786
0.6689044237136841 0.6099531650543213
0.6614992618560791 0.6290362477302551
0.6580394506454468 0.6419744491577148
0.6531939506530762 0.6583912968635559
0.6501827836036682 0.676249086856842
0.6457560062408447 0.6915191411972046
0.6328849792480469 0.710590124130249
0.6261271238327026 0.7542107701301575
0.6571885943412781 0.28673219680786133
0.65398770570755 0.3083588182926178
0.6615026593208313 0.322187602519989
0.6630903482437134 0.3333823084831238
0.6692762970924377 0.34281715750694275
0.672408938407898 0.36011794209480286
0.675347626209259 0.3703268766403198
0.6764451265335083 0.38347873091697693
0.6774596571922302 0.39742511510849
0.687976062297821 0.4136551320552826
0.6965753436088562 0.4227382242679596
0.690838634967804 0.44002971053123474
0.694189190864563 0.4450376331806183
0.6957646608352661 0.45854583382606506
0.6984815001487732 0.4814389646053314
0.6939190626144409 0.49897050857543945
0.7018065452575684 0.5119437575340271
0.6922416090965271 0.5268082618713379
0.6979777812957764 0.5360604524612427
0.6942168474197388 0.5556020736694336
0.6879034042358398 0.5671153664588928
0.6822917461395264 0.5862115025520325
0.6784818172454834 0.6040815711021423
0.67477947473526 0.6175751090049744
0.671106219291687 0.6336022615432739
0.6658667325973511 0.6513464450836182
0.661710798740387 0.6673118472099304
0.6507263779640198 0.6900687217712402
0.639701783657074 0.7024418115615845
0.6340887546539307 0.7310791611671448
0.6451215147972107 0.26020118594169617
0.667797863483429 0.3013519048690796
0.669043779373169 0.32876524329185486
0.6738255620002747 0.33472368121147156
0.6785190105438232 0.3461945950984955
0.685519278049469 0.353401243686676
0.6896491646766663 0.3714905381202698
0.6905977129936218 0.391364723443985
0.6972101330757141 0.4044756591320038
0.7024003863334656 0.41084718704223633
0.7039079666137695 0.421049565076828
0.7090160250663757 0.43582966923713684
0.7025046944618225 0.44936174154281616
0.7118087410926819 0.4603574872016907
0.7088683843612671 0.47676125168800354
0.7069288492202759 0.49080148339271545
0.710493803024292 0.5006771087646484
0.7096534967422485 0.5208859443664551
0.7071263194084167 0.5278543829917908
0.707665205001831 0.5529319643974304
0.7025136947631836 0.560558557510376
0.698815107345581 0.578281581401825
0.6930660605430603 0.5934383869171143
0.6855673789978027 0.6110461354255676
0.6822024583816528 0.6274872422218323
0.6751492619514465 0.6442525386810303
0.6694642901420593 0.6667554378509521
0.6628143191337585 0.6793751120567322
0.6579485535621643 0.6971092224121094
0.6547200679779053 0.7079508900642395
0.673883855342865 0.2734545171260834
0.6712213158607483 0.31188157200813293
0.681479275226593 0.3218953013420105
0.6913184523582458 0.33920636773109436
0.6949960589408875 0.34796208143234253
0.7001381516456604 0.365388959646225
0.7036327719688416 0.37882333993911743
0.705421507358551 0.3831867277622223
0.7094109058380127 0.3987171947956085
0.714576244354248 0.41350361704826355
0.7164968252182007 0.426263689994812
0.7198362946510315 0.4457232654094696
0.7166272401809692 0.455591082572937
0.7220405340194702 0.4684620201587677
0.7127095460891724 0.48423343896865845
0.7184613347053528 0.4868524670600891
0.7192041873931885 0.5081901550292969
0.7161121368408203 0.5265970230102539
0.7194163203239441 0.5317092537879944
0.7124233245849609 0.5395780205726624
0.7087923288345337 0.5645725727081299
0.705430805683136 0.5713295340538025
0.7032490372657776 0.5838005542755127
0.7003615498542786 0.6079840064048767
0.6936022639274597 0.6232040524482727
0.686887800693512 0.6374129056930542
0.6784169673919678 0.6551845073699951
0.6737062335014343 0.6723823547363281
0.6664983034133911 0.7009477019309998
0.6429014205932617 0.7204430103302002
0.6783062815666199 0.2969304025173187
0.6921765804290771 0.30438563227653503
0.6973744034767151 0.32918402552604675
0.7034465074539185 0.34367048740386963
0.7071366310119629 0.35934939980506897
0.7094711065292358 0.36841753125190735
0.7138188481330872 0.3806394934654236
0.7182679176330566 0.3954105079174042
0.7217299342155457 0.406204491853714
0.7284044027328491 0.4141176640987396
0.7247991561889648 0.4300827085971832
0.7218679785728455 0.4408169388771057
0.7286628484725952 0.44999420642852783
0.7381146550178528 0.47239458560943604
0.7303815484046936 0.4785293638706207
0.722946047782898 0.49513179063796997
0.7301588654518127 0.5046333074569702
0.7339819669723511 0.516756534576416
0.7278172373771667 0.5303031206130981
0.7250562906265259 0.5482922792434692
0.7228646278381348 0.5592318177223206
0.718447744846344 0.5683526396751404
0.7121589183807373 0.5867878794670105
0.7072508931159973 0.6020106077194214
0.7042980790138245 0.6185073256492615
0.6965667605400085 0.6326298117637634
0.6922920346260071 0.646048367023468
0.685259222984314 0.666144609451294
0.679486870765686 0.6892749667167664
0.6571144461631775 0.7350397109985352
0.7068543434143066 0.2852758467197418
0.7033287882804871 0.3175903856754303
0.709488034248352 0.33382877707481384
0.7136347889900208 0.35088208317756653
0.7206635475158691 0.36468973755836487
0.7275159955024719 0.37385261058807373
0.7331620454788208 0.38528093695640564
0.7377511262893677 0.3934550881385803
0.7365943193435669 0.40981823205947876
0.7407649159431458 0.4244881272315979
0.7337973117828369 0.436855286359787
0.7432180047035217 0.443406343460083
0.7454585433006287 0.45279714465141296
0.7471339702606201 0.46632838249206543
0.7506188154220581 0.48478737473487854
0.741184413433075 0.48975756764411926
0.7353547215461731 0.49928876757621765
0.7481503486633301 0.5119578838348389
0.7379375696182251 0.5261116623878479
0.7361200451850891 0.5388336181640625
0.7383095622062683 0.5597813725471497
0.7277075052261353 0.5731295347213745
0.7239813208580017 0.5802887082099915
0.7199404835700989 0.599363386631012
0.7145552635192871 0.6107597947120667
0.7126135230064392 0.6284921169281006
0.7045151591300964 0.6392195224761963
0.6926323771476746 0.6587857007980347
0.6892877221107483 0.6776542663574219
0.6721855998039246 0.7224167585372925
0.7107892632484436 0.2999720871448517
0.719167172908783 0.32236525416374207
0.7265244126319885 0.34217044711112976
0.7383831739425659 0.35566067695617676
0.7403124570846558 0.3698079288005829
0.7443896532058716 0.381395548582077
0.7545675039291382 0.3854038715362549
0.7474231123924255 0.4076903164386749
0.7498041391372681 0.417277455329895
0.7600674629211426 0.42478200793266296
0.7577384114265442 0.4336686432361603
0.7524819374084473 0.4457071125507355
0.7589316368103027 0.4585373103618622
0.7614227533340454 0.4684414863586426
0.7598778605461121 0.4771592915058136
0.7600573301315308 0.49673447012901306
0.7523812055587769 0.5014657378196716
0.7575454115867615 0.5184438228607178
0.7524404525756836 0.5245365500450134
0.7469152808189392 0.5407938361167908
0.7507978081703186 0.5515918135643005
0.7446984648704529 0.5636293292045593
0.7360402345657349 0.5752129554748535
0.736355721950531 0.5916734933853149
0.73130863904953 0.6041437387466431
0.7277333736419678 0.6135039925575256
0.7226505875587463 0.6319449543952942
0.7184600830078125 0.6496481895446777
0.7067726850509644 0.6687877178192139
0.6918771266937256 0.7042361497879028
0.7449195981025696 0.3125082850456238
0.7454637289047241 0.33011043071746826
0.7633976936340332 0.3405115604400635
0.7544927000999451 0.36352354288101196
0.7729260325431824 0.3722856044769287
0.777348518371582 0.39041629433631897
0.7561933398246765 0.40309882164001465
0.7806228399276733 0.4156944751739502
0.7639719247817993 0.4109884202480316
0.7707472443580627 0.4292805790901184
0.7822155356407166 0.44253483414649963
0.763414204120636 0.4460532069206238
0.7704061269760132 0.45209503173828125
0.7886086106300354 0.46168357133865356
0.7741921544075012 0.48051944375038147
0.7649534344673157 0.49191156029701233
0.7818299531936646 0.5039377808570862
0.765094518661499 0.5131481289863586
0.7777131199836731 0.5266534090042114
0.7593326568603516 0.5334634780883789
0.7579408884048462 0.5460572838783264
0.7746812701225281 0.5562430024147034
0.7556178569793701 0.5654585361480713
0.7467362880706787 0.5802305936813354
0.7699574828147888 0.5903240442276001
0.7546575665473938 0.6084144115447998
0.7374104857444763 0.6196529865264893
0.74864661693573 0.6405120491981506
0.7343100905418396 0.6599245667457581
0.713588535785675 0.687376856803894
