0.25613080179313974

2.2659056186676025 2.4265072345733643 2.316995859146118
2.6991679668426514 2.843862295150757 2.7750372886657715
2.8562381267547607 2.955018997192383 2.8235177993774414
3.622936248779297 3.6758475303649902 3.5927929878234863
3.707192897796631 3.7841885089874268 3.7257168292999268
4.007118225097656 4.002867698669434 3.950679063796997
4.110245704650879 4.112651824951172 3.965059995651245
4.339446067810059 4.31519079208374 4.1695404052734375
4.205541133880615 4.222498416900635 4.13392448425293
4.182758808135986 4.172436714172363 4.01578426361084
4.281839847564697 4.232702732086182 4.004053592681885
4.097957134246826 4.146004676818848 4.115857124328613
3.8595070838928223 3.9461607933044434 3.9328060150146484
4.013754367828369 4.046004295349121 4.021416664123535
4.185800075531006 4.21445369720459 4.196410179138184
4.3604841232299805 4.311273574829102 4.235182762145996
4.511658668518066 4.3934760093688965 4.2396931648254395
4.585050582885742 4.507189750671387 4.459624290466309
4.436577796936035 4.394280433654785 4.322578430175781
4.4407267570495605 4.404126167297363 4.395988941192627
4.29918098449707 4.302727699279785 4.25372314453125
4.378512382507324 4.29776668548584 4.213357925415039
4.4912214279174805 4.422824859619141 4.3516950607299805
4.176248073577881 4.1935882568359375 4.116887092590332
4.224082946777344 4.262540817260742 4.182425022125244
4.5839972496032715 4.53519344329834 4.413763999938965
4.415811538696289 4.338866233825684 4.293041229248047
4.150516033172607 4.131793022155762 4.058563709259033
4.266200065612793 4.19221830368042 4.091800212860107
4.367671966552734 4.30289363861084 4.175723075866699
4.288039207458496 4.240970134735107 4.166047096252441
4.197198867797852 4.181870460510254 4.0426177978515625
2.056452989578247 2.114790439605713 1.9636138677597046
2.1997573375701904 2.257925510406494 2.0573318004608154
2.44946551322937 2.590291976928711 2.393399715423584
2.630709648132324 2.7515201568603516 2.6871161460876465
3.2767279148101807 3.3788700103759766 3.2781808376312256
3.4612205028533936 3.576633930206299 3.53173565864563
3.6988797187805176 3.7283520698547363 3.6193277835845947
4.080212593078613 3.9793543815612793 3.729274272918701
3.750347852706909 3.820572853088379 3.707670211791992
3.8184103965759277 3.8446857929229736 3.8639423847198486
3.8998117446899414 3.930227756500244 3.8991761207580566
4.176816463470459 4.075321674346924 3.8303275108337402
4.256515026092529 4.15024471282959 3.9657673835754395
4.148592948913574 4.114983558654785 3.978605270385742
4.193839073181152 4.1721391677856445 4.106320858001709
4.3678812980651855 4.266051292419434 4.0661773681640625
4.4246296882629395 4.3039679527282715 4.163484573364258
4.32080602645874 4.328814506530762 4.296106815338135
4.300551414489746 4.220046043395996 4.183940887451172
4.3078765869140625 4.178195953369141 4.01578426361084
3.8537795543670654 3.7936596870422363 3.6484341621398926
3.8619465827941895 3.8967251777648926 3.8551859855651855
4.200803279876709 4.104567050933838 4.019461631774902
4.3090715408325195 4.2269511222839355 4.114684104919434
4.092488765716553 4.107996463775635 4.056489944458008
4.245630264282227 4.240392208099365 3.979663610458374
4.336426258087158 4.263803482055664 4.04046630859375
3.9420650005340576 3.9643747806549072 3.922816038131714
4.192998886108398 4.106212615966797 3.97771954536438
3.880263328552246 3.897462844848633 3.829598903656006
3.8538215160369873 3.8280227184295654 3.7209737300872803
3.700914144515991 3.7502872943878174 3.676117181777954
2.5817465782165527 2.672858715057373 2.2119789123535156
2.7585036754608154 2.8869900703430176 2.626546621322632
3.1136417388916016 3.2021613121032715 3.0407230854034424
3.3214361667633057 3.443791151046753 3.3815391063690186
3.2306876182556152 3.109349012374878 2.724740982055664
3.383087635040283 3.4867255687713623 3.3981082439422607
3.2114758491516113 3.3249166011810303 3.237349271774292
3.542503833770752 3.6230885982513428 3.5907094478607178
3.0810768604278564 3.1237707138061523 2.961569309234619
3.366931915283203 3.4868245124816895 3.39428448677063
3.7120461463928223 3.6139891147613525 3.4015228748321533
3.6083009243011475 3.5352942943573 3.3633596897125244
3.6806118488311768 3.6758973598480225 3.496675491333008
3.655989646911621 3.7274906635284424 3.6249594688415527
3.985133171081543 3.90014910697937 3.639157772064209
4.0295844078063965 3.9336578845977783 3.7860941886901855
4.0537028312683105 4.009162425994873 3.9221036434173584
4.086361408233643 4.1185526847839355 4.12018346786499
4.17626428604126 4.090420722961426 3.9792277812957764
3.6387150287628174 3.736802339553833 3.7135047912597656
3.1303508281707764 3.2768521308898926 3.2420716285705566
3.5099234580993652 3.6178486347198486 3.5104520320892334
3.6798675060272217 3.660252809524536 3.4188339710235596
3.705298900604248 3.7796177864074707 3.750247001647949
4.22293758392334 4.09206485748291 3.8987574577331543
3.9690566062927246 4.0482282638549805 4.010822296142578
4.128446578979492 4.0675530433654785 3.98423171043396
4.016829490661621 3.947632312774658 3.840989589691162
4.1091413497924805 4.093713283538818 3.7924935817718506
4.192539691925049 4.179040431976318 3.8835816383361816
4.3661699295043945 4.322075843811035 4.124410152435303
4.449183464050293 4.377981185913086 4.265955448150635
2.478126049041748 2.641890048980713 2.540292263031006
3.0333104133605957 3.1789631843566895 2.8233656883239746
3.106654644012451 3.2561824321746826 3.1525444984436035
3.5820116996765137 3.574422836303711 3.373847007751465
3.4478843212127686 3.5384669303894043 3.1497087478637695
2.842384099960327 2.7479794025421143 2.5406036376953125
3.462111473083496 3.3488833904266357 2.9868252277374268
3.5937631130218506 3.4267964363098145 3.2426583766937256
2.7845349311828613 2.8792049884796143 2.7668559551239014
3.4662997722625732 3.5620741844177246 3.5248141288757324
3.411741018295288 3.424715757369995 3.2269153594970703
3.059852123260498 2.9834835529327393 2.791736125946045
3.295828104019165 3.3070123195648193 3.039015293121338
2.979543924331665 3.10929274559021 3.033118724822998
2.7773003578186035 2.9722208976745605 2.988771915435791
3.0008084774017334 3.198422908782959 3.2330124378204346
3.287910223007202 3.416884422302246 3.4346251487731934
3.421022415161133 3.526216983795166 3.406648635864258
3.576622724533081 3.6717355251312256 3.588703155517578
3.5342328548431396 3.564243793487549 3.3170876502990723
3.7632784843444824 3.7501323223114014 3.4984660148620605
3.919050455093384 3.819596290588379 3.7131564617156982
3.8392281532287598 3.9138996601104736 3.8551838397979736
4.004945755004883 3.9987130165100098 3.9172298908233643
4.208008766174316 4.03439998626709 3.7493743896484375
3.9754855632781982 3.9142215251922607 3.740574836730957
3.8561856746673584 3.7326486110687256 3.5119588375091553
3.6474010944366455 3.7136518955230713 3.596561908721924
3.4722139835357666 3.5757555961608887 3.4398715496063232
4.110652923583984 4.067868232727051 3.715069532394409
4.069141864776611 4.067454814910889 3.9054372310638428
4.217041969299316 4.1878156661987305 4.0207929611206055
2.683056354522705 2.840576648712158 2.4353322982788086
2.4881985187530518 2.526136875152588 2.145132064819336
3.2759804725646973 3.398897886276245 3.0873332023620605
3.60355544090271 3.6796529293060303 3.431755781173706
3.746161937713623 3.779346466064453 3.4830174446105957
2.9631431102752686 3.0335066318511963 2.943317413330078
2.8147618770599365 3.007265329360962 3.0621957778930664
3.510122776031494 3.597716808319092 3.3188717365264893
3.86902117729187 3.7203190326690674 3.360506534576416
4.200826644897461 4.15813684463501 3.8583436012268066
4.019766330718994 3.825683355331421 3.651822566986084
3.79990816116333 3.532151222229004 3.2669858932495117
3.895573377609253 3.729076623916626 3.482055187225342
2.898664712905884 2.816725730895996 2.6427159309387207
2.2525339126586914 2.388371229171753 2.2346181869506836
2.5634803771972656 2.7451212406158447 2.7612884044647217
3.275827407836914 3.377993106842041 3.2970426082611084
3.656898021697998 3.62453031539917 3.4303600788116455
3.9311091899871826 3.812175750732422 3.6483235359191895
3.824495553970337 3.661405086517334 3.409471035003662
3.8918747901916504 3.7627058029174805 3.4484190940856934
4.295182228088379 4.1967453956604 4.096224308013916
4.22304105758667 4.210421562194824 3.9589457511901855
4.305257320404053 4.204225063323975 3.9713034629821777
4.002918720245361 4.0425214767456055 3.8081417083740234
3.811758518218994 3.8705708980560303 3.6829628944396973
3.5466790199279785 3.6821959018707275 3.510040760040283
3.827176094055176 3.8132572174072266 3.4430387020111084
3.1832189559936523 3.231642723083496 3.040977954864502
3.3597183227539062 3.4500162601470947 3.312587261199951
3.6419730186462402 3.7473959922790527 3.54630708694458
3.882840394973755 3.8862929344177246 3.5717196464538574
2.670646905899048 2.6881260871887207 2.1077542304992676
2.312657594680786 2.377542018890381 2.1374645233154297
2.5641586780548096 2.7187020778656006 2.4375016689300537
3.869546413421631 3.8709683418273926 3.6913342475891113
3.9225916862487793 3.928560256958008 3.911867141723633
3.886887788772583 3.7736568450927734 3.5624380111694336
3.7613415718078613 3.809617280960083 3.5641398429870605
3.9181008338928223 3.944979190826416 3.7429134845733643
4.1081366539001465 4.011029243469238 3.8646464347839355
3.5253782272338867 3.4713847637176514 3.132056474685669
2.6029856204986572 2.7063870429992676 2.5655674934387207
2.3807032108306885 2.5440845489501953 2.461259126663208
3.2170958518981934 2.8944926261901855 2.572880268096924
3.0670809745788574 2.798006296157837 2.3471903800964355
2.458134889602661 2.4609475135803223 2.315560817718506
2.591052532196045 2.725738048553467 2.341355800628662
3.793673515319824 3.693955183029175 3.3985331058502197
4.132338523864746 4.017149448394775 3.899329662322998
4.1496758460998535 3.9886980056762695 3.756563663482666
4.047876834869385 3.900190830230713 3.7255094051361084
4.041587829589844 3.9756388664245605 3.887652635574341
4.073414325714111 3.9622457027435303 3.7888264656066895
4.278936862945557 4.134780406951904 3.8793811798095703
4.133424758911133 4.095808982849121 3.9082303047180176
3.91271710395813 3.7746856212615967 3.5904767513275146
3.4099342823028564 3.4024319648742676 3.2421555519104004
3.62229585647583 3.6170108318328857 3.371640920639038
4.059196472167969 3.9409542083740234 3.7086119651794434
3.791290760040283 3.7670750617980957 3.3043720722198486
3.472109079360962 3.590423107147217 3.313490152359009
3.7492823600769043 3.7690091133117676 3.3967533111572266
3.952409505844116 3.975968837738037 3.6958467960357666
2.4720969200134277 2.581838607788086 2.0199179649353027
2.4580843448638916 2.318779468536377 1.9257972240447998
2.2417845726013184 2.2666611671447754 1.7356210947036743
3.777418613433838 3.714240074157715 3.373492479324341
4.09043025970459 3.9832918643951416 3.67289137840271
4.125157833099365 4.0709333419799805 3.7996668815612793
3.9492597579956055 3.8773391246795654 3.5560638904571533
3.054004192352295 3.0709729194641113 2.6582210063934326
2.486527442932129 2.4800329208374023 2.0322299003601074
2.22770357131958 2.3043806552886963 2.012779712677002
1.8781639337539673 1.9504148960113525 1.6928367614746094
2.069448947906494 2.1606345176696777 1.7005000114440918
1.9732974767684937 2.122375011444092 2.0886130332946777
2.143765926361084 2.209862232208252 1.950946569442749
2.7384073734283447 2.5690646171569824 2.196134567260742
3.60014009475708 3.2480883598327637 2.8534257411956787
3.7705624103546143 3.8099148273468018 3.6597816944122314
4.167237758636475 3.9943699836730957 3.6211512088775635
3.91275954246521 3.8163790702819824 3.4724812507629395
3.6137146949768066 3.659529209136963 3.3690266609191895
3.967679977416992 3.798464298248291 3.332242488861084
4.0723419189453125 3.897608995437622 3.546492338180542
3.7640984058380127 3.6655256748199463 3.3477132320404053
3.4359259605407715 3.4282898902893066 3.085212230682373
3.081143379211426 3.216090440750122 3.061981678009033
2.8939871788024902 3.0033206939697266 2.742696762084961
3.7225046157836914 3.7160227298736572 3.258920669555664
3.952751636505127 3.918808937072754 3.501537799835205
3.8906283378601074 3.8112409114837646 3.372814655303955
3.6565279960632324 3.6917941570281982 3.4141416549682617
3.5851540565490723 3.691678047180176 3.2984914779663086
3.7646901607513428 3.8040995597839355 3.4845168590545654
2.8378849029541016 2.97251558303833 2.7856571674346924
3.2807278633117676 3.3046748638153076 2.7670884132385254
3.0314955711364746 3.061232089996338 2.3640007972717285
3.5123305320739746 3.6141414642333984 3.139927387237549
3.7337026596069336 3.682602643966675 3.3149850368499756
3.7311253547668457 3.572413444519043 3.1859688758850098
2.878307819366455 2.654466152191162 2.3077008724212646
2.179563283920288 2.1135635375976562 1.8726893663406372
1.4824284315109253 1.4675343036651611 1.1762406826019287
1.5951039791107178 1.7000744342803955 1.5118687152862549
2.306936740875244 2.15939998626709 1.6874721050262451
2.5364253520965576 2.2085587978363037 1.8205286264419556
1.8136155605316162 1.8717530965805054 1.4608455896377563
1.0784772634506226 1.1316746473312378 1.0205473899841309
2.1326184272766113 1.91719651222229 1.6871415376663208
2.741240978240967 2.9231913089752197 2.6662662029266357
3.6718411445617676 3.557129383087158 3.1985666751861572
3.643237352371216 3.5761966705322266 3.2570741176605225
3.832397937774658 3.756194591522217 3.288400173187256
3.5421853065490723 3.4697654247283936 3.010756492614746
3.3074755668640137 3.3243725299835205 3.0426883697509766
2.9658617973327637 3.0184035301208496 2.6809566020965576
2.6712520122528076 2.816776752471924 2.827936887741089
2.7068426609039307 2.5445914268493652 2.154334545135498
2.2762351036071777 2.460411787033081 2.351555347442627
2.455991268157959 2.6575920581817627 2.5679984092712402
2.9242682456970215 3.090275526046753 3.071058750152588
3.4393277168273926 3.2591309547424316 2.8577418327331543
3.6405766010284424 3.4587481021881104 3.1167492866516113
3.630772352218628 3.557856321334839 3.1835215091705322
3.2300429344177246 3.3662314414978027 3.2906394004821777
3.483252763748169 3.5759201049804688 3.2121634483337402
3.0530946254730225 3.1679248809814453 2.741791248321533
2.831441640853882 2.892476797103882 2.239213466644287
2.3113162517547607 2.426440477371216 1.9516122341156006
3.19106125831604 3.0450832843780518 2.5215706825256348
3.011139392852783 2.889965534210205 2.2772011756896973
3.6798644065856934 3.5157885551452637 3.01349139213562
4.002320766448975 3.8117380142211914 3.4164538383483887
3.421725273132324 3.2027714252471924 2.652162551879883
2.04705548286438 1.9234567880630493 1.5483323335647583
1.7424339056015015 1.4773536920547485 1.1546827554702759
2.4047188758850098 1.9227030277252197 1.5290509462356567
2.9147562980651855 2.5490105152130127 1.9920467138290405
1.8079583644866943 1.632416009902954 1.1539993286132812
1.0322844982147217 1.0282299518585205 0.8368951678276062
1.882811188697815 2.0357863903045654 1.9385294914245605
2.4437942504882812 2.313586711883545 1.961556077003479
2.5793797969818115 2.6569912433624268 2.075230598449707
3.2000741958618164 3.215691089630127 2.6692280769348145
3.2867631912231445 3.2734975814819336 2.911708354949951
2.83329439163208 2.8831562995910645 2.444546937942505
2.5869767665863037 2.7052078247070312 2.613006114959717
2.429258108139038 2.4679408073425293 1.9841922521591187
1.8344625234603882 1.9480125904083252 1.7915000915527344
1.7306207418441772 1.8452751636505127 1.7098286151885986
1.8475486040115356 1.845108985900879 1.477629542350769
1.6763441562652588 1.7582347393035889 1.571937084197998
1.9566370248794556 2.106843948364258 1.868019700050354
2.1026272773742676 2.1964199542999268 2.0722062587738037
2.6594314575195312 2.838202953338623 2.525712251663208
3.332479953765869 3.431196451187134 3.0671238899230957
3.095336437225342 3.166532516479492 2.8672943115234375
3.4739818572998047 3.5461294651031494 3.063769578933716
2.0836477279663086 2.1471409797668457 1.6371055841445923
1.6229259967803955 1.72834050655365 1.4431171417236328
1.8764915466308594 1.8658499717712402 1.4407932758331299
2.1851985454559326 2.2861251831054688 2.028083086013794
2.7484898567199707 2.3488147258758545 1.9220949411392212
2.9417006969451904 3.040587902069092 2.564148426055908
3.2767863273620605 3.3952136039733887 2.8735289573669434
2.3185055255889893 2.3561389446258545 1.7578110694885254
1.4039064645767212 1.1959980726242065 0.9370115399360657
1.315142035484314 1.1063786745071411 0.8392444849014282
1.5980944633483887 1.6317708492279053 1.3605190515518188
1.820101022720337 1.7003892660140991 1.3463932275772095
1.2157487869262695 1.270857334136963 1.1235618591308594
1.3694130182266235 1.422231674194336 1.2822110652923584
1.567992091178894 1.6294317245483398 1.4520176649093628
1.6842677593231201 1.7374353408813477 1.6870920658111572
1.7966581583023071 1.886663556098938 1.6652097702026367
2.40817928314209 2.0816407203674316 1.7983036041259766
2.13452410697937 2.1499767303466797 1.8089745044708252
1.7609164714813232 1.7021938562393188 1.4107850790023804
1.7247872352600098 1.7851791381835938 1.2481024265289307
1.525937795639038 1.6386744976043701 1.4766789674758911
1.5264537334442139 1.5190762281417847 1.2653734683990479
1.3509806394577026 1.404984951019287 1.195299744606018
1.0654895305633545 1.0667661428451538 0.838537871837616
1.3059223890304565 1.2800679206848145 0.9524183869361877
1.4162819385528564 1.5418100357055664 1.1996454000473022
1.904232144355774 1.9544094800949097 1.5893465280532837
2.2126212120056152 2.2651925086975098 1.850945234298706
2.7800588607788086 2.8717522621154785 2.7970986366271973
2.7881577014923096 2.9164302349090576 2.565089464187622
3.1526050567626953 3.29595685005188 2.943934917449951
1.58793044090271 1.5832805633544922 1.3209468126296997
1.2154344320297241 1.2593334913253784 1.0231397151947021
1.3606524467468262 1.4849567413330078 1.2904319763183594
1.7340365648269653 1.7715985774993896 1.5718753337860107
1.9604905843734741 2.0599422454833984 1.9603722095489502
1.8003116846084595 1.8700294494628906 1.665147066116333
1.328548789024353 1.3531162738800049 1.2074100971221924
0.8332108855247498 0.8454689383506775 0.7035501599311829
1.0180809497833252 1.0109822750091553 0.7808168530464172
1.0614138841629028 1.1156117916107178 0.886929988861084
1.4070289134979248 1.5033503770828247 1.3960106372833252
1.2872766256332397 1.3538752794265747 1.1731477975845337
1.5222234725952148 1.2553040981292725 0.9776906371116638
2.0124387741088867 1.6835834980010986 1.4671733379364014
2.1800670623779297 1.7210437059402466 1.369943380355835
1.6580723524093628 1.4543836116790771 1.1672685146331787
1.3231821060180664 1.3617498874664307 1.1771082878112793
1.5480165481567383 1.4833567142486572 1.112476110458374
1.210084319114685 1.2307565212249756 0.9833582639694214
1.3469386100769043 1.2922371625900269 1.067302942276001
1.5026538372039795 1.4251902103424072 1.0145041942596436
1.7663123607635498 1.516176462173462 1.1982663869857788
1.5885379314422607 1.6634262800216675 1.2313213348388672
1.434022307395935 1.537613868713379 1.4118249416351318
1.6373679637908936 1.552310824394226 1.0859038829803467
1.2782769203186035 1.345524787902832 1.1832611560821533
1.7191379070281982 1.7236676216125488 1.265984058380127
2.361414670944214 2.5311031341552734 2.2285563945770264
2.301924705505371 2.26073956489563 1.6856393814086914
2.5040454864501953 2.595587968826294 2.1624398231506348
2.5849900245666504 2.72951078414917 2.4087209701538086
3.130063772201538 3.089139223098755 2.6380295753479004
2.1893324851989746 2.2404067516326904 1.6861193180084229
1.9527827501296997 2.0144052505493164 1.5372545719146729
1.9753214120864868 2.1226229667663574 1.703209400177002
2.152053117752075 2.2666103839874268 1.854088544845581
2.602433681488037 2.6711673736572266 1.9831489324569702
2.4746084213256836 2.5633349418640137 1.8073970079421997
1.8233349323272705 1.707962989807129 1.3499691486358643
1.16533625125885 1.1532049179077148 0.9581210017204285
2.280200481414795 1.8159325122833252 1.4595513343811035
1.9338029623031616 1.9972529411315918 1.8700252771377563
1.7045433521270752 1.8731106519699097 1.815859079360962
1.8260122537612915 1.968995213508606 1.8777973651885986
1.4453096389770508 1.5770670175552368 1.54256272315979
2.2466015815734863 1.98239004611969 1.4529801607131958
2.1259217262268066 1.586242914199829 1.170274257659912
0.878170371055603 0.8995509147644043 0.7902716398239136
1.120139241218567 1.0927921533584595 0.9015538692474365
1.8183809518814087 1.682807445526123 1.082037091255188
1.9931118488311768 1.984628677368164 1.355461597442627
2.0442607402801514 2.10345196723938 1.610124111175537
2.1816253662109375 1.8225276470184326 1.4767177104949951
2.282925844192505 2.3121349811553955 1.8724095821380615
2.1457297801971436 2.204619884490967 1.5940052270889282
2.321382522583008 2.3289222717285156 2.1983277797698975
1.9081231355667114 2.019862651824951 1.8014276027679443
1.6211984157562256 1.7091885805130005 1.4818918704986572
1.8406944274902344 1.8641083240509033 1.2728979587554932
2.1894733905792236 2.145432710647583 1.7028976678848267
2.2359399795532227 2.3870317935943604 2.0555429458618164
2.0521061420440674 2.153986692428589 1.6708853244781494
2.5577359199523926 2.5635881423950195 1.9057897329330444
3.309335708618164 3.4340672492980957 2.9482009410858154
2.589254379272461 2.7299740314483643 2.3090157508850098
2.3449714183807373 2.4208686351776123 1.7277424335479736
2.4129385948181152 2.5534634590148926 2.1076061725616455
2.658714532852173 2.7551326751708984 2.2022557258605957
3.0107264518737793 2.7904152870178223 2.1051955223083496
2.1573917865753174 2.0929501056671143 1.4844481945037842
1.9804385900497437 1.7756329774856567 1.2295945882797241
1.6628254652023315 1.395817756652832 1.0264861583709717
2.0486912727355957 1.8294508457183838 1.320814609527588
2.728113889694214 2.5947718620300293 2.0776946544647217
2.0919342041015625 2.241988182067871 2.242185115814209
2.3148889541625977 2.464664936065674 2.438753604888916
1.575055480003357 1.6940815448760986 1.6964280605316162
1.6055238246917725 1.544166088104248 1.2999789714813232
1.9782741069793701 1.6384660005569458 1.3126846551895142
1.4146819114685059 1.1267507076263428 0.9065911173820496
1.443578839302063 1.5050883293151855 1.3416560888290405
2.3614416122436523 1.879341721534729 1.3290963172912598
2.6292452812194824 2.3206591606140137 2.0227911472320557
2.7728617191314697 2.6370954513549805 2.326364040374756
2.624401569366455 2.6871485710144043 2.246779441833496
2.7913615703582764 2.695830821990967 2.0253610610961914
3.1495046615600586 2.7636313438415527 2.106754779815674
2.471963882446289 2.5577385425567627 1.9891278743743896
2.306283950805664 2.3606746196746826 1.7619997262954712
2.4829297065734863 2.3852877616882324 1.7779881954193115
2.183741331100464 2.0301358699798584 1.4387398958206177
2.7377238273620605 2.7870678901672363 2.190042018890381
2.9041104316711426 2.9587016105651855 2.5259573459625244
2.4364161491394043 2.433845281600952 1.882702112197876
2.794240951538086 2.877408266067505 2.3851311206817627
3.6239216327667236 3.681905508041382 3.3495001792907715
2.819322109222412 2.92480731010437 2.4669504165649414
2.9966907501220703 3.085949420928955 2.5892672538757324
3.1240289211273193 3.238227367401123 2.847011089324951
3.4987330436706543 3.5073795318603516 2.9422495365142822
3.300933361053467 3.4343459606170654 3.1108946800231934
3.305206775665283 2.941521167755127 2.335902452468872
2.714308738708496 2.2761526107788086 1.6850502490997314
1.921210527420044 1.600144386291504 1.1696135997772217
1.6991873979568481 1.5585349798202515 1.3080265522003174
2.451749563217163 2.1037888526916504 1.5099842548370361
2.321117401123047 2.418412923812866 1.926213026046753
2.5129451751708984 2.595271587371826 2.1854023933410645
1.8684632778167725 1.8893651962280273 1.6601197719573975
2.7191531658172607 2.0569753646850586 1.5428705215454102
2.9434757232666016 2.9184765815734863 2.3297829627990723
2.408376693725586 2.516308546066284 1.9141926765441895
2.2907919883728027 2.2189602851867676 1.5702779293060303
1.8467588424682617 1.853210687637329 1.3806147575378418
2.000596523284912 1.9154142141342163 1.7301788330078125
3.0040698051452637 2.8695805072784424 2.2301554679870605
2.952763319015503 2.966200351715088 2.579289197921753
2.7376837730407715 2.373119592666626 1.9388883113861084
2.4804911613464355 2.0234031677246094 1.5299264192581177
2.508671998977661 2.4044177532196045 1.5980733633041382
1.97395920753479 1.8349370956420898 1.281754732131958
1.8772454261779785 1.9724996089935303 1.4248911142349243
2.034130573272705 2.0873727798461914 1.5845868587493896
2.2673566341400146 2.3639235496520996 1.9141042232513428
2.4725115299224854 2.6158947944641113 2.34655499458313
3.0373408794403076 2.776210308074951 2.3115029335021973
3.257810354232788 3.3443589210510254 2.7946109771728516
4.048070430755615 4.046074867248535 3.843122959136963
3.3052546977996826 3.4135499000549316 2.921175003051758
3.2361888885498047 3.209681987762451 2.5812222957611084
3.1863157749176025 3.3146066665649414 2.9604501724243164
3.4248738288879395 3.5639560222625732 3.2083334922790527
3.9299793243408203 3.7984068393707275 3.3330867290496826
3.6942477226257324 3.6819186210632324 3.1551742553710938
3.5161292552948 3.4789016246795654 2.765542984008789
2.1960315704345703 2.0192441940307617 1.2798248529434204
2.4961307048797607 2.3090994358062744 1.712104082107544
2.002269744873047 2.0417771339416504 1.4868831634521484
2.1051509380340576 2.173819065093994 1.5601073503494263
2.579129457473755 2.534755229949951 1.8847317695617676
1.192514181137085 1.1126548051834106 0.9261553287506104
1.6636855602264404 1.4783077239990234 1.1658391952514648
2.2425265312194824 2.2367565631866455 1.9748929738998413
2.092863082885742 2.088850498199463 1.7237447500228882
1.9139760732650757 1.446439266204834 1.1136534214019775
1.441729187965393 1.2517640590667725 0.9991065859794617
1.6678556203842163 1.3003358840942383 1.039995789527893
2.0983662605285645 1.6784549951553345 1.3084608316421509
2.371185779571533 1.9429335594177246 1.5513384342193604
1.986219882965088 1.6101744174957275 1.1784164905548096
1.181394338607788 1.1015093326568604 0.9253443479537964
1.3294230699539185 1.1258455514907837 0.8685372471809387
1.005297064781189 0.933608889579773 0.7883294820785522
1.1372215747833252 1.2106571197509766 1.0333083868026733
1.6188616752624512 1.7651602029800415 1.2260615825653076
1.9814481735229492 2.0331506729125977 1.435879111289978
3.2651822566986084 3.1715846061706543 2.583649158477783
2.315528392791748 2.367794990539551 1.5790787935256958
2.704558849334717 2.545403480529785 1.9808685779571533
4.083393096923828 4.009440898895264 3.72935152053833
3.761944532394409 3.7857508659362793 3.3577027320861816
3.5503509044647217 3.616175413131714 3.3887457847595215
3.606222629547119 3.658860206604004 3.2328810691833496
3.836585521697998 3.735140562057495 3.2865207195281982
3.970527172088623 3.97493314743042 3.514127492904663
4.177277565002441 4.124845504760742 3.8868815898895264
3.6232564449310303 3.558419704437256 3.1281399726867676
2.2849254608154297 2.231504440307617 1.4670108556747437
2.9611618518829346 2.6255784034729004 2.0799357891082764
2.2228596210479736 2.338834285736084 1.7644541263580322
2.3441760540008545 1.706413984298706 1.3060557842254639
2.9469895362854004 2.8202462196350098 2.104144334793091
0.959479033946991 0.8605403304100037 0.6853206157684326
0.7522157430648804 0.7843983173370361 0.7060965299606323
1.2126481533050537 1.345644235610962 1.3056482076644897
1.7495274543762207 1.373008370399475 1.0273196697235107
1.0141534805297852 0.9435673356056213 0.7605019211769104
0.9419269561767578 0.975246012210846 0.8994119763374329
0.745141863822937 0.7726038694381714 0.6749436855316162
0.7456377148628235 0.6655121445655823 0.5084151029586792
0.9866293668746948 0.8424795866012573 0.669718861579895
1.5470240116119385 1.318513035774231 0.9265658259391785
1.5236260890960693 1.1861622333526611 0.902058482170105
1.711305856704712 1.5084888935089111 1.0345327854156494
0.7857545018196106 0.734284520149231 0.5877014994621277
0.9172883033752441 0.9074907302856445 0.7419318556785583
1.4867006540298462 1.5389735698699951 1.114714503288269
2.866446018218994 2.9207634925842285 2.191265821456909
3.6162009239196777 3.5889546871185303 3.2928860187530518
2.5256099700927734 2.639305591583252 2.107323169708252
2.4900217056274414 2.5013482570648193 1.7306766510009766
3.8908565044403076 3.9259586334228516 3.6189944744110107
3.6932015419006348 3.723893880844116 3.4653570652008057
3.7898144721984863 3.8382318019866943 3.4612321853637695
3.4517109394073486 3.5732433795928955 3.297966480255127
3.5254569053649902 3.574622392654419 3.0936007499694824
3.8985743522644043 3.944063425064087 3.5994977951049805
4.228045463562012 4.210741996765137 4.027928352355957
3.835265636444092 3.7770206928253174 3.422150135040283
1.9042248725891113 1.4444589614868164 1.045499563217163
1.5129876136779785 1.4367544651031494 1.1470979452133179
1.554705023765564 1.2664616107940674 1.0519437789916992
1.8321601152420044 1.731208086013794 1.231740951538086
3.158564805984497 3.119379758834839 2.618929624557495
1.6903421878814697 1.751554012298584 1.496511697769165
1.1111810207366943 1.2095212936401367 1.1870172023773193
1.3676364421844482 1.476310133934021 1.4580503702163696
1.1545664072036743 1.162846565246582 1.0149613618850708
1.2441428899765015 0.9861262440681458 0.8136656284332275
0.8641475439071655 0.8702196478843689 0.7417777180671692
0.6257256269454956 0.5974477529525757 0.47954803705215454
0.6677338480949402 0.6813849806785583 0.6023318767547607
1.1841553449630737 0.9514905214309692 0.7415881156921387
2.7556614875793457 2.395327091217041 1.6692073345184326
2.68837308883667 2.1385059356689453 1.5790178775787354
2.142167091369629 1.8603025674819946 1.3343068361282349
1.140502691268921 1.0759146213531494 0.8210877776145935
0.8433116674423218 0.7780871391296387 0.6684724688529968
0.9744454622268677 1.0073872804641724 0.8371546268463135
2.986182689666748 3.060925006866455 2.7236766815185547
3.74731183052063 3.8368563652038574 3.548147201538086
3.2758824825286865 3.1630070209503174 2.3413963317871094
2.9802017211914062 3.0992186069488525 2.4516115188598633
3.898242473602295 3.918076753616333 3.5540006160736084
3.8681156635284424 3.872544527053833 3.576345443725586
4.008125305175781 4.0133514404296875 3.6096720695495605
3.664445400238037 3.6808502674102783 3.3255715370178223
3.6665866374969482 3.7008044719696045 3.418257474899292
4.114005088806152 4.0493268966674805 3.7330844402313232
4.172350883483887 4.14998722076416 3.975949764251709
3.4757981300354004 3.2695603370666504 2.6566901206970215
1.3341478109359741 1.244008183479309 1.0499738454818726
0.9073129296302795 0.9191607236862183 0.7788096070289612
0.8339852094650269 0.7861644625663757 0.6310832500457764
0.9438725709915161 0.9849556684494019 0.8490067720413208
2.8930606842041016 2.478559970855713 1.7795709371566772
1.8586783409118652 1.897920846939087 1.4233660697937012
1.328359603881836 1.222901463508606 0.9862048029899597
2.057243824005127 1.5153124332427979 1.149333119392395
2.054171323776245 1.4610474109649658 1.0625760555267334
1.1339339017868042 0.802280604839325 0.5951160192489624
0.9930092692375183 0.7362719178199768 0.546113908290863
0.8525887727737427 0.7419394254684448 0.5996882915496826
1.11295485496521 0.8598109483718872 0.6705700159072876
2.1639885902404785 1.6666743755340576 1.1500263214111328
3.684962511062622 3.5734078884124756 3.1513900756835938
2.9732043743133545 2.4917452335357666 1.821244478225708
2.4523441791534424 1.9457792043685913 1.3846712112426758
1.8098502159118652 1.6483057737350464 1.0998961925506592
0.9036919474601746 0.8572403788566589 0.6690422296524048
1.349774718284607 1.274601697921753 1.0555641651153564
3.520052671432495 3.6009907722473145 3.1479594707489014
3.962985038757324 3.92626953125 3.6761393547058105
3.4686570167541504 3.303802490234375 2.8248536586761475
2.9463589191436768 2.8177907466888428 2.0443220138549805
3.8502163887023926 3.8304660320281982 3.4379942417144775
4.039422988891602 4.042830944061279 3.817826986312866
3.9540762901306152 3.9729933738708496 3.7266719341278076
3.549138307571411 3.610668659210205 3.2390754222869873
3.483638048171997 3.482302188873291 2.926203489303589
3.742184638977051 3.724062204360962 3.228182315826416
3.667353391647339 3.6914236545562744 3.214574098587036
2.5224080085754395 2.1668570041656494 1.6026017665863037
2.152297019958496 1.7382049560546875 1.2553324699401855
1.3099467754364014 1.1056687831878662 0.9164943695068359
1.0897092819213867 0.8778111934661865 0.664944052696228
1.298149824142456 0.981047511100769 0.7454286813735962
1.5262258052825928 1.188690423965454 0.9049341678619385
1.6842072010040283 1.305451512336731 0.9572742581367493
0.7706664204597473 0.7125767469406128 0.581047534942627
1.0952702760696411 0.9209092259407043 0.7161399722099304
1.3176872730255127 0.9134442806243896 0.6980220079421997
1.4475080966949463 1.0287349224090576 0.7370686531066895
1.9620274305343628 1.3251370191574097 0.9707249999046326
1.9059298038482666 1.4438087940216064 1.0264272689819336
1.5704615116119385 1.3076070547103882 1.0552376508712769
2.475072145462036 2.128159523010254 1.7094212770462036
3.461452007293701 3.2206180095672607 2.6591813564300537
2.169999599456787 2.0866482257843018 1.485473871231079
2.1972012519836426 1.9344348907470703 1.3073148727416992
2.4749984741210938 2.1520798206329346 1.4660111665725708
1.3470594882965088 1.0251883268356323 0.8106094598770142
1.3558402061462402 1.4560033082962036 1.1102713346481323
3.132767915725708 2.8805031776428223 2.255007266998291
4.001873970031738 3.9296813011169434 3.486746311187744
3.214301586151123 3.306349515914917 2.6956043243408203
2.7170968055725098 2.688721179962158 2.1316025257110596
3.7224228382110596 3.735103130340576 3.2360305786132812
3.885921001434326 3.868265151977539 3.428732395172119
3.4207558631896973 3.4892971515655518 3.1108155250549316
2.564180374145508 2.6294751167297363 1.8993189334869385
2.4009318351745605 2.1055049896240234 1.4325692653656006
3.056546688079834 2.959153175354004 2.278374671936035
2.8726210594177246 2.6090540885925293 1.852994441986084
1.8027327060699463 1.3200428485870361 0.9949053525924683
2.089351177215576 1.6235346794128418 1.1849778890609741
1.146919846534729 1.0418310165405273 0.8812596201896667
1.040546178817749 1.031761884689331 0.8039021492004395
1.66848886013031 1.2142456769943237 0.8815215229988098
1.583956003189087 1.1371759176254272 0.7832220196723938
2.4291019439697266 1.6973141431808472 1.2259844541549683
0.6527117490768433 0.6361978054046631 0.5129143595695496
0.5533987283706665 0.5194642543792725 0.4434572160243988
0.6909108757972717 0.7294760346412659 0.6512959599494934
1.0523778200149536 1.0763205289840698 1.00554621219635
1.4900041818618774 1.4682743549346924 1.3120216131210327
1.414428949356079 1.1622178554534912 0.9928323030471802
0.9835392832756042 1.0152432918548584 0.9087721705436707
1.844079613685608 1.9183043241500854 1.6347508430480957
3.25250506401062 3.132314682006836 2.3912296295166016
2.4775052070617676 2.530893325805664 2.1436378955841064
2.1488327980041504 2.1788699626922607 1.8823468685150146
2.0306715965270996 1.8041868209838867 1.249263048171997
1.200255036354065 1.1938526630401611 0.9680560231208801
1.0542714595794678 0.936586856842041 0.7480379343032837
1.6900149583816528 1.6833410263061523 1.1991571187973022
3.1287600994110107 3.193593978881836 2.883814573287964
2.6049227714538574 2.6475958824157715 2.224593162536621
2.389220952987671 2.478593349456787 2.066161632537842
3.535294771194458 3.609776020050049 3.248412609100342
3.400181293487549 3.4004037380218506 2.8156046867370605
3.2978134155273438 3.292699098587036 2.6811771392822266
2.8665003776550293 2.8961291313171387 2.3536746501922607
2.535818099975586 2.4585514068603516 1.8259061574935913
2.850247383117676 2.8649258613586426 2.1809024810791016
2.7512686252593994 2.4500534534454346 1.6785407066345215
2.426464796066284 1.90487539768219 1.3452237844467163
3.013575792312622 3.017076253890991 2.5221335887908936
2.096346378326416 2.111137866973877 1.824588418006897
1.9501307010650635 1.9866207838058472 1.65961754322052
1.7730536460876465 1.5715991258621216 1.2667207717895508
1.3828456401824951 1.3149735927581787 1.1463655233383179
2.6060373783111572 2.0465610027313232 1.417814016342163
1.7964974641799927 1.2526098489761353 0.9089148640632629
0.9865709543228149 0.8059713840484619 0.6648846864700317
1.323366403579712 1.1001765727996826 0.8804219365119934
1.3097847700119019 1.3860526084899902 1.3384960889816284
1.920427918434143 1.6764557361602783 1.2762285470962524
1.781235694885254 1.8038653135299683 1.5613882541656494
1.5985898971557617 1.712975263595581 1.6036494970321655
3.0589396953582764 2.9389419555664062 2.058351755142212
3.8360066413879395 3.788544178009033 3.416978597640991
4.2156548500061035 4.143131256103516 3.917818307876587
3.7809700965881348 3.773336410522461 3.50360369682312
3.1447575092315674 3.220834255218506 2.6938529014587402
1.8015971183776855 1.8911890983581543 1.3806978464126587
1.5883548259735107 1.5568174123764038 1.1200448274612427
1.796879768371582 1.7459523677825928 1.3332754373550415
2.163487672805786 2.2315573692321777 1.9448890686035156
2.6407487392425537 2.7568280696868896 2.4850289821624756
2.8597004413604736 2.8784103393554688 2.4550321102142334
3.6957204341888428 3.761702299118042 3.424304723739624
3.065659999847412 3.1756937503814697 2.6344075202941895
3.0663938522338867 3.1217899322509766 2.463541030883789
2.610851764678955 2.6026647090911865 2.1476759910583496
1.9174436330795288 1.9974229335784912 1.5272448062896729
1.7756140232086182 1.7764618396759033 1.3697391748428345
1.3980474472045898 1.4203730821609497 1.2235381603240967
2.3711228370666504 1.979992151260376 1.4757235050201416
2.372079372406006 2.4251840114593506 2.1579995155334473
1.444457769393921 1.5450408458709717 1.486785650253296
1.6347936391830444 1.739892840385437 1.5481504201889038
2.155099868774414 1.80100679397583 1.3976781368255615
1.4245423078536987 1.15426504611969 0.8321097493171692
2.1868300437927246 1.5160291194915771 1.1194981336593628
1.8937751054763794 1.3640247583389282 0.9787991642951965
1.2368221282958984 0.898422122001648 0.6633055806159973
1.547098994255066 1.3765897750854492 1.029077172279358
1.607006311416626 1.6248939037322998 1.3574655055999756
2.2224857807159424 1.883713960647583 1.4730818271636963
2.2413222789764404 2.0935206413269043 1.7585408687591553
2.2069613933563232 1.8539669513702393 1.1976845264434814
2.7842535972595215 2.693880558013916 2.011302947998047
3.526343822479248 3.593757152557373 3.2795584201812744
3.9819064140319824 3.9304425716400146 3.6431355476379395
4.04933500289917 4.005842685699463 3.7547736167907715
4.00716495513916 3.890411853790283 3.558149576187134
2.9162001609802246 3.023097038269043 2.3738467693328857
2.170574188232422 2.2288625240325928 1.6421600580215454
2.2702736854553223 2.319854259490967 1.900782823562622
2.8256564140319824 2.8684675693511963 2.293548822402954
3.052281618118286 3.118600845336914 2.3409228324890137
2.5796680450439453 2.5807628631591797 1.9536092281341553
3.2879650592803955 3.4259488582611084 3.0900332927703857
3.1767666339874268 3.232273578643799 2.6866726875305176
3.0140042304992676 2.972303867340088 2.1948466300964355
2.3824868202209473 2.412698268890381 1.805707335472107
1.6789045333862305 1.6122324466705322 1.1607084274291992
1.8139159679412842 1.6355140209197998 1.2161672115325928
1.2583681344985962 1.349768877029419 1.1586544513702393
1.7448065280914307 1.4358761310577393 1.0154324769973755
1.632899522781372 1.6270381212234497 1.3228154182434082
1.1162927150726318 1.1466424465179443 1.0082519054412842
1.2277710437774658 0.9395661950111389 0.6405608057975769
1.4362602233886719 1.036165475845337 0.7444065809249878
0.7219807505607605 0.6743495464324951 0.5808547139167786
0.7503279447555542 0.7657742500305176 0.6865735650062561
0.6216596364974976 0.6309411525726318 0.5080471634864807
0.6211325526237488 0.5595449805259705 0.4530307352542877
0.7579697370529175 0.6891887187957764 0.5574283003807068
1.182739019393921 1.1145989894866943 0.8548887968063354
1.9960969686508179 1.6201921701431274 1.166480541229248
1.666348934173584 1.4905108213424683 1.1296484470367432
1.3935178518295288 1.4130643606185913 1.1309278011322021
1.9819080829620361 2.060584545135498 1.416569471359253
3.370426893234253 3.449364185333252 3.0819787979125977
3.730332374572754 3.6257996559143066 3.2098166942596436
3.89650297164917 3.7334964275360107 3.2622599601745605
3.902602195739746 3.8182156085968018 3.3596932888031006
3.347982406616211 2.927936553955078 2.3574352264404297
2.840933322906494 2.740535020828247 2.1586358547210693
3.401237964630127 3.458263874053955 2.774932384490967
3.7887394428253174 3.7091121673583984 3.155386209487915
2.8661322593688965 2.489168882369995 1.909230351448059
2.378502368927002 2.3256421089172363 1.667223572731018
3.303734302520752 3.2120659351348877 2.588451862335205
2.349761486053467 2.4089739322662354 1.9277269840240479
2.8500688076019287 2.78259015083313 2.031742811203003
2.5625338554382324 2.3706557750701904 1.6311094760894775
1.5246638059616089 1.288400411605835 0.9905217289924622
1.9894981384277344 2.054677963256836 1.716668963432312
1.185067057609558 1.1075854301452637 0.8585715293884277
1.9430358409881592 1.5435835123062134 1.077527403831482
2.69679594039917 2.732825756072998 2.2885024547576904
2.27292799949646 2.282352924346924 1.9791676998138428
2.3330678939819336 2.193160057067871 1.6353795528411865
1.5544512271881104 1.5024827718734741 1.1780332326889038
0.9349943399429321 0.9360579252243042 0.7936059236526489
1.2123627662658691 1.0134867429733276 0.7904125452041626
0.9207996129989624 0.7585917711257935 0.5553200244903564
0.6426575779914856 0.6659837365150452 0.5529729127883911
0.8185907006263733 0.8178128600120544 0.7232014536857605
1.2374423742294312 1.311915636062622 1.1559295654296875
1.7253491878509521 1.2632102966308594 0.8774703145027161
1.4966058731079102 1.2525385618209839 0.9568272829055786
1.4626212120056152 1.1243572235107422 0.7816095352172852
1.6522490978240967 1.7644284963607788 1.3438419103622437
2.9529340267181396 2.9041483402252197 2.4154725074768066
3.4693057537078857 3.502864122390747 2.8857228755950928
3.538756847381592 3.3974804878234863 2.735403537750244
3.740896224975586 3.568634510040283 3.007838487625122
2.751863956451416 2.3778774738311768 1.7352268695831299
3.641111135482788 3.5000202655792236 2.815608501434326
3.6145341396331787 3.6072916984558105 3.110558032989502
3.370526075363159 3.384516954421997 2.855799436569214
2.19244647026062 2.273766040802002 1.7013938426971436
1.903977394104004 1.9954217672348022 1.5720375776290894
3.1508445739746094 3.175560235977173 2.6525638103485107
2.1634509563446045 2.216454029083252 1.6243398189544678
2.297757387161255 2.014289140701294 1.4918138980865479
2.1630427837371826 1.9614251852035522 1.4320957660675049
1.4029195308685303 1.1918928623199463 0.9104785919189453
1.8466554880142212 1.943568229675293 1.6310007572174072
1.0091056823730469 0.8818402290344238 0.671279788017273
2.6563522815704346 2.612722873687744 1.8740476369857788
3.3364903926849365 3.403376340866089 2.938039779663086
2.8186910152435303 2.9399755001068115 2.589810848236084
3.231502056121826 3.069044828414917 2.257689952850342
2.308910369873047 1.874314785003662 1.2606412172317505
1.0508551597595215 1.0417823791503906 0.9252074956893921
1.210451364517212 1.1724145412445068 1.062867522239685
1.0666000843048096 0.799712061882019 0.5793073177337646
0.8540180921554565 0.6574006676673889 0.5018700361251831
1.5595064163208008 1.1445214748382568 0.8364659547805786
2.1185851097106934 1.7634475231170654 1.3283262252807617
0.9765273332595825 0.9288854598999023 0.8186361193656921
0.9317025542259216 0.8547096252441406 0.7152646780014038
1.0938704013824463 1.1071354150772095 0.9520737528800964
1.2757160663604736 1.2522164583206177 1.0455423593521118
1.9648743867874146 2.059532642364502 1.792543649673462
2.702611207962036 2.653512954711914 1.7975339889526367
2.9595611095428467 2.647855281829834 2.0515236854553223
3.164792776107788 2.71465802192688 2.16316556930542
2.284109115600586 2.1058261394500732 1.4810492992401123
3.4579172134399414 3.4929332733154297 3.0973575115203857
3.730165958404541 3.7484147548675537 3.367703676223755
3.265507459640503 3.356367826461792 2.9712955951690674
2.335339069366455 2.396545886993408 1.9762637615203857
2.4697089195251465 2.4765100479125977 1.995459794998169
3.532122850418091 3.4774081707000732 2.9286885261535645
2.2817983627319336 2.284564256668091 1.7300081253051758
2.084721326828003 1.8940232992172241 1.3122022151947021
1.5481255054473877 1.601680040359497 1.2179163694381714
1.445255994796753 1.445119023323059 1.1242660284042358
2.0675652027130127 1.7752711772918701 1.2255772352218628
1.5373971462249756 1.2466349601745605 0.8910255432128906
3.452573299407959 3.349688768386841 2.728672504425049
3.4995944499969482 3.4485549926757812 2.8970448970794678
2.9465949535369873 2.841008424758911 2.1861705780029297
2.889312267303467 2.7478280067443848 1.9740955829620361
1.7389534711837769 1.488512635231018 1.1490377187728882
0.8974010348320007 0.8722610473632812 0.7300403118133545
0.9040548205375671 0.8218775987625122 0.6416213512420654
1.027962565422058 0.8874388933181763 0.6851007342338562
1.130980372428894 0.9284234642982483 0.6652500629425049
1.328617811203003 1.209761381149292 0.8927985429763794
2.137573003768921 1.691068410873413 1.1119134426116943
1.3095754384994507 1.0235885381698608 0.7475794553756714
1.1057344675064087 0.9843317270278931 0.7632201313972473
1.8700376749038696 1.6038869619369507 1.1861047744750977
1.5376828908920288 1.636263132095337 1.2969366312026978
1.8766883611679077 1.845054030418396 1.419278621673584
2.136404037475586 2.0822932720184326 1.704262375831604
3.172255039215088 3.0401408672332764 2.3348734378814697
3.3682103157043457 3.071744680404663 2.4565024375915527
2.620525360107422 2.3432669639587402 1.6632803678512573
3.8622848987579346 3.757161855697632 3.415057897567749
3.519109010696411 3.5307235717773438 3.0202794075012207
3.0283665657043457 3.0717997550964355 2.6723618507385254
2.005373954772949 2.089904308319092 1.6750538349151611
2.634913206100464 2.6676387786865234 2.109938144683838
3.101924180984497 2.966193437576294 2.362239360809326
2.8564486503601074 2.935115098953247 2.4846529960632324
2.5262484550476074 2.5361239910125732 2.0992817878723145
2.2019524574279785 2.2183291912078857 1.8470548391342163
2.1774098873138428 2.1302080154418945 1.4951483011245728
2.450138807296753 2.2753829956054688 1.6088731288909912
2.765373706817627 2.751023292541504 2.0261759757995605
3.498051643371582 3.5128424167633057 3.1199958324432373
3.238950252532959 3.287799119949341 2.8596456050872803
2.9195995330810547 2.9167373180389404 2.330432415008545
2.6099486351013184 2.452819347381592 1.6768404245376587
1.3726933002471924 1.0826853513717651 0.7650114893913269
1.0990995168685913 0.9878883361816406 0.7996163964271545
0.8292653560638428 0.7389030456542969 0.6111090779304504
1.5817269086837769 1.2351900339126587 0.8960703611373901
1.9619868993759155 1.4976212978363037 1.0342156887054443
1.7216706275939941 1.4022645950317383 0.9888487458229065
2.355156660079956 1.9003416299819946 1.3578733205795288
1.6139793395996094 1.4314889907836914 1.0064316987991333
1.7519378662109375 1.5387381315231323 1.0582503080368042
1.4597424268722534 1.496227741241455 1.1933205127716064
1.6987409591674805 1.6657559871673584 1.1499989032745361
2.0075769424438477 2.0320608615875244 1.6436405181884766
2.178502082824707 2.0333023071289062 1.3586323261260986
3.2312045097351074 3.2528584003448486 2.5707662105560303
3.0886311531066895 3.036951780319214 2.221646547317505
2.8001224994659424 2.6205592155456543 1.9528650045394897
3.7202088832855225 3.6916019916534424 3.23952317237854
3.292207717895508 3.2232165336608887 2.4216084480285645
3.092968225479126 3.1515719890594482 2.4535770416259766
2.0508599281311035 2.0274927616119385 1.5307725667953491
2.538405656814575 2.4315173625946045 1.7890081405639648
2.789836883544922 2.7693774700164795 2.0692522525787354
2.9824795722961426 3.0503413677215576 2.6372761726379395
2.749415159225464 2.811007499694824 2.372605562210083
2.3899288177490234 2.3920578956604004 1.947813868522644
2.6242449283599854 2.660634994506836 2.2785427570343018
3.328200101852417 3.3112876415252686 2.8702073097229004
3.2409133911132812 3.12432599067688 2.4654440879821777
3.642300605773926 3.6151509284973145 3.142547130584717
3.5504109859466553 3.4866957664489746 2.9688868522644043
3.043668508529663 3.096043109893799 2.5942251682281494
2.6029856204986572 2.450139284133911 2.018014907836914
1.64480721950531 1.6740198135375977 1.424999713897705
1.7966852188110352 1.8246896266937256 1.4774717092514038
1.7929801940917969 1.5944480895996094 1.0795265436172485
2.4238193035125732 1.9867639541625977 1.5114164352416992
2.4967145919799805 2.25968599319458 1.5418555736541748
2.5175087451934814 2.3603298664093018 1.6766862869262695
3.0411734580993652 3.0762248039245605 2.367839813232422
2.535313844680786 2.4070866107940674 1.8409627676010132
1.8250389099121094 1.809226393699646 1.3459964990615845
1.8892996311187744 1.7017955780029297 1.2651948928833008
1.8813657760620117 1.933967113494873 1.5279505252838135
2.1338064670562744 2.1635470390319824 1.8645107746124268
1.9665937423706055 1.9641542434692383 1.3514559268951416
2.8298771381378174 2.926344394683838 2.5266332626342773
3.3265652656555176 3.3091719150543213 2.7594377994537354
3.275475025177002 3.3289530277252197 2.8734545707702637
3.4004955291748047 3.5060019493103027 3.2356369495391846
3.331005573272705 3.3215208053588867 2.698514699935913
3.004686117172241 2.9954447746276855 2.5586695671081543
2.2468209266662598 2.158419370651245 1.5998685359954834
3.0182642936706543 2.8793044090270996 2.222626209259033
2.933732271194458 2.970750331878662 2.3072218894958496
2.0950427055358887 2.1651992797851562 1.677829384803772
1.7059714794158936 1.7523417472839355 1.2938741445541382
1.8623688220977783 1.912564992904663 1.4805734157562256
1.2023019790649414 1.205765962600708 0.992042064666748
3.051689624786377 3.010937213897705 2.375761032104492
2.723991632461548 2.6834731101989746 1.9655851125717163
3.2937681674957275 3.2696964740753174 2.669313907623291
3.1425251960754395 3.1783034801483154 2.810288429260254
2.0331783294677734 2.0776803493499756 1.6168129444122314
1.9595682621002197 1.9650108814239502 1.5414259433746338
2.1388473510742188 2.117030620574951 1.7284619808197021
2.1841330528259277 2.0190799236297607 1.5246098041534424
1.97994065284729 1.7266043424606323 1.1972944736480713
2.706094741821289 2.6776812076568604 2.030097484588623
2.7234323024749756 2.5479178428649902 1.844864010810852
2.321805477142334 2.3692972660064697 1.8783674240112305
3.1230108737945557 3.162069320678711 2.606574773788452
2.527297019958496 2.56909441947937 2.1789987087249756
1.946069598197937 1.957948923110962 1.6094698905944824
2.1213583946228027 2.1731882095336914 1.7143592834472656
2.611473560333252 2.634265661239624 2.3475003242492676
2.3567287921905518 2.315542221069336 2.0766263008117676
2.240697145462036 2.2437524795532227 1.9179636240005493
2.965379238128662 2.965080738067627 2.63932466506958
3.5200650691986084 3.4721920490264893 2.8963449001312256
3.7344212532043457 3.7096924781799316 3.3107991218566895
3.603990077972412 3.682753562927246 3.360288143157959
3.846818208694458 3.820098638534546 3.479219913482666
3.3883304595947266 3.4396770000457764 2.9840481281280518
2.656651020050049 2.6917576789855957 2.193477153778076
2.8118460178375244 2.8351099491119385 2.3693931102752686
2.7094945907592773 2.7560818195343018 2.2274632453918457
1.9953248500823975 2.0291905403137207 1.571135401725769
1.786902666091919 1.7976065874099731 1.392425775527954
1.643750786781311 1.5724380016326904 1.1250064373016357
1.056405782699585 1.0103548765182495 0.8103029131889343
1.9685893058776855 1.8380789756774902 1.2746517658233643
2.1500306129455566 2.0082876682281494 1.4273130893707275
2.8534488677978516 2.835139751434326 2.1548728942871094
2.576362133026123 2.4389076232910156 1.8455018997192383
1.680440902709961 1.4468400478363037 0.9906214475631714
1.310013771057129 1.2643224000930786 0.984382152557373
1.5524721145629883 1.4000457525253296 0.9745671153068542
1.206977128982544 1.0941520929336548 0.8155152201652527
1.4038102626800537 1.4169280529022217 1.1218830347061157
2.0540173053741455 1.9054971933364868 1.2877079248428345
2.175534248352051 1.8636977672576904 1.2826592922210693
1.819807529449463 1.7992167472839355 1.290765404701233
2.2443134784698486 2.050417184829712 1.4374635219573975
1.1852601766586304 1.2098500728607178 1.0482474565505981
1.9569649696350098 1.8711501359939575 1.3901907205581665
2.61157488822937 2.563720226287842 1.9421353340148926
2.7122509479522705 2.464616298675537 1.9632229804992676
2.3981497287750244 2.515392780303955 2.004502534866333
2.5783145427703857 2.6621761322021484 2.109053611755371
3.1603169441223145 3.175208568572998 2.8436825275421143
3.557647943496704 3.563655138015747 3.1056935787200928
3.2998058795928955 3.3018441200256348 2.9333908557891846
3.5074634552001953 3.5701382160186768 3.2512807846069336
3.912290334701538 3.898442506790161 3.5952982902526855
3.6109530925750732 3.6571059226989746 3.2863917350769043
3.2410290241241455 3.2529163360595703 2.7641427516937256
3.1160595417022705 3.161430835723877 2.6408774852752686
3.0032310485839844 3.013537883758545 2.430232524871826
2.5992565155029297 2.5359835624694824 1.9203966856002808
2.102400302886963 2.0615103244781494 1.623311996459961
2.0154929161071777 1.9677212238311768 1.4013510942459106
1.5433956384658813 1.483115315437317 1.125121831893921
2.276398181915283 2.20564866065979 1.644410252571106
1.6987712383270264 1.623647928237915 1.262548565864563
2.2547948360443115 2.1473915576934814 1.5568649768829346
3.1476998329162598 3.147674083709717 2.6147475242614746
2.482677459716797 2.3288800716400146 1.6857020854949951
1.8514118194580078 1.683478832244873 1.160164475440979
1.8591915369033813 1.9295181035995483 1.4888489246368408
1.5508710145950317 1.5386664867401123 1.1731375455856323
2.3392176628112793 2.247879981994629 1.7105947732925415
2.1937854290008545 2.190552234649658 1.6855770349502563
2.0994350910186768 2.1018784046173096 1.574394941329956
1.6683012247085571 1.6852985620498657 1.3339948654174805
1.5604798793792725 1.5972707271575928 1.2158381938934326
1.383486032485962 1.4152599573135376 1.0518800020217896
2.2834572792053223 2.2407095432281494 1.5918514728546143
2.4267868995666504 2.3413310050964355 1.774780511856079
2.8980841636657715 2.821347951889038 2.111358165740967
2.836930513381958 2.8921077251434326 2.430668592453003
2.975594997406006 2.902038097381592 2.2349135875701904
2.8997538089752197 2.897677183151245 2.31207013130188
2.7545266151428223 2.7915074825286865 2.245276927947998
2.99408221244812 2.978973150253296 2.3468270301818848
3.4452998638153076 3.4298415184020996 2.8711743354797363
3.6187119483947754 3.616481304168701 3.1334221363067627
3.1445064544677734 3.1551170349121094 2.523482084274292
2.5350441932678223 2.5269103050231934 2.092069149017334
2.5153262615203857 2.477360248565674 1.9060285091400146
2.0921382904052734 2.1393747329711914 1.6929420232772827
2.9914021492004395 2.9797441959381104 2.471038341522217
2.8035318851470947 2.7635579109191895 2.227579116821289
3.002394676208496 2.8860020637512207 2.279480457305908
2.630826234817505 2.645003080368042 2.0952963829040527
2.312136650085449 2.2862696647644043 1.8586907386779785
1.3961745500564575 1.3476332426071167 1.0507748126983643
1.7823179960250854 1.7755775451660156 1.319544792175293
2.4092190265655518 2.3933544158935547 1.8714879751205444
3.056845188140869 3.0280985832214355 2.436431407928467
2.688628911972046 2.7197048664093018 2.161935329437256
2.8123667240142822 2.8371145725250244 2.404083728790283
2.200392484664917 2.198845148086548 1.8101131916046143
2.467273235321045 2.485062599182129 1.9198529720306396
2.5692858695983887 2.5620503425598145 2.061131000518799
2.007253646850586 2.0457777976989746 1.4603594541549683
2.009363889694214 2.0417075157165527 1.6137113571166992
2.2480084896087646 2.2622294425964355 1.8536829948425293
2.3626835346221924 2.325413227081299 1.9238337278366089
2.7662768363952637 2.7561168670654297 2.046377658843994
2.5863020420074463 2.4547295570373535 1.8613100051879883
2.7545762062072754 2.755404233932495 2.305135488510132
3.0771772861480713 3.0778346061706543 2.5357282161712646
3.1638782024383545 3.125260591506958 2.6425373554229736
3.3286542892456055 3.3416454792022705 2.784524917602539
3.336557388305664 3.217738628387451 2.565537452697754
3.0857093334198 3.081328868865967 2.5000834465026855
3.2533700466156006 3.2695395946502686 2.6409716606140137
3.4091877937316895 3.338221788406372 2.796226978302002
2.851344585418701 2.81477689743042 2.1780948638916016
2.2249772548675537 2.2602858543395996 1.7848008871078491
2.351778984069824 2.374269485473633 1.8533140420913696
2.572516679763794 2.5979509353637695 2.0112955570220947
