0.2596139794072014

3.5351710319519043 3.6237292289733887 3.6543211936950684
3.584179401397705 3.611318588256836 3.5017974376678467
3.4530510902404785 3.483179807662964 3.460387945175171
3.702421188354492 3.819887161254883 3.810725450515747
4.048032283782959 4.1138458251953125 4.1041998863220215
4.312260150909424 4.302278995513916 4.2040557861328125
4.146260738372803 4.083141803741455 3.962592601776123
4.3694939613342285 4.356913089752197 4.29721212387085
4.478871822357178 4.460052490234375 4.411928653717041
4.094233989715576 4.162312984466553 4.168468475341797
4.278920650482178 4.271310329437256 4.224637508392334
4.184112071990967 4.154543876647949 4.0632829666137695
4.5703911781311035 4.5304694175720215 4.425612449645996
4.292840957641602 4.246581077575684 4.127933979034424
4.4325971603393555 4.34376335144043 4.220117092132568
4.237670421600342 4.284076690673828 4.271668434143066
4.497794151306152 4.4448137283325195 4.352611541748047
3.9830594062805176 4.040852069854736 4.011686325073242
3.690908670425415 3.7531237602233887 3.782846212387085
3.7239127159118652 3.863663911819458 3.9347076416015625
4.168036460876465 4.119091033935547 3.9996700286865234
4.246392726898193 4.232410430908203 4.148720741271973
4.460408687591553 4.417107582092285 4.3137102127075195
4.347633361816406 4.292147159576416 4.184426784515381
4.225192546844482 4.06184196472168 3.827580690383911
4.289285659790039 4.209949493408203 4.030202865600586
4.063920021057129 4.125287055969238 4.129072189331055
4.051033973693848 4.069108009338379 4.0182061195373535
3.8900513648986816 3.943816661834717 3.9448020458221436
4.183368682861328 4.161916255950928 4.0760393142700195
4.081586837768555 4.0152177810668945 3.811939239501953
3.7363333702087402 3.8079724311828613 3.8427786827087402
3.803330421447754 3.8261115550994873 3.737788438796997
3.2599992752075195 3.403991222381592 3.471235752105713
3.5590038299560547 3.441265344619751 3.222780227661133
3.8267993927001953 3.5891926288604736 3.31746244430542
3.8520302772521973 3.7698264122009277 3.587980270385742
3.962031126022339 3.955794334411621 3.8782849311828613
4.3121256828308105 4.222653865814209 4.060258388519287
4.1188530921936035 4.008035659790039 3.813697099685669
3.87839674949646 3.978473663330078 4.0286407470703125
3.6208176612854004 3.7227139472961426 3.7550048828125
3.7639148235321045 3.8431620597839355 3.8747286796569824
3.776869773864746 3.682037830352783 3.588655710220337
4.0283074378967285 3.8117141723632812 3.5294454097747803
3.886453866958618 3.8761372566223145 3.8365492820739746
4.185347557067871 4.004876136779785 3.758955955505371
4.1005988121032715 4.018524646759033 3.897278070449829
4.248079776763916 4.139989376068115 3.9859459400177
3.828552007675171 3.7572662830352783 3.6380252838134766
3.5093820095062256 3.5081331729888916 3.476372241973877
3.8008346557617188 3.6703426837921143 3.468135118484497
3.9398417472839355 3.8404550552368164 3.6227879524230957
3.9818127155303955 3.960099220275879 3.7976021766662598
3.9906392097473145 3.9980015754699707 3.924222946166992
4.1128997802734375 3.927852153778076 3.6326096057891846
3.927417755126953 3.6652274131774902 3.379193067550659
3.461125135421753 3.6136341094970703 3.688063621520996
3.7689809799194336 3.8293352127075195 3.7400474548339844
3.694636821746826 3.540062665939331 3.342846393585205
3.533642292022705 3.49975323677063 3.412966012954712
3.618293523788452 3.690565824508667 3.6662137508392334
3.7881035804748535 3.764711618423462 3.5617849826812744
3.975327253341675 3.909264326095581 3.7160696983337402
4.1063337326049805 4.076144218444824 3.984175443649292
3.2618322372436523 3.3045008182525635 3.3103597164154053
2.4543821811676025 2.496419906616211 2.343783140182495
2.9912984371185303 3.04070782661438 2.972787857055664
3.1315832138061523 3.0966403484344482 2.9474844932556152
3.5466763973236084 3.3670830726623535 3.066122055053711
3.67732572555542 3.5276834964752197 3.2654147148132324
3.6515657901763916 3.6535983085632324 3.54486346244812
3.4294986724853516 3.550204038619995 3.577958106994629
3.3432817459106445 3.4228291511535645 3.5037505626678467
2.935676097869873 3.1272196769714355 3.2757058143615723
3.1608214378356934 3.25524640083313 3.397183895111084
3.367077112197876 3.3653645515441895 3.316823959350586
3.1580710411071777 3.1034677028656006 2.899056911468506
3.301612377166748 3.206820487976074 3.087174415588379
3.750162363052368 3.547623634338379 3.379179000854492
3.524693727493286 3.617812156677246 3.6815829277038574
3.1311662197113037 3.155313491821289 3.17726469039917
2.9293582439422607 3.00380277633667 3.0258865356445312
3.4695627689361572 3.3138279914855957 3.171548843383789
3.7083308696746826 3.7108347415924072 3.6202237606048584
3.323559284210205 3.4629993438720703 3.549959182739258
3.6001925468444824 3.4668941497802734 3.2970783710479736
3.401468276977539 3.3709683418273926 3.265575885772705
3.1619739532470703 3.2803547382354736 3.4102823734283447
3.4672396183013916 3.2299277782440186 2.974818468093872
3.0969011783599854 3.138489246368408 3.1814026832580566
2.5603690147399902 2.713526964187622 2.7990827560424805
2.7429208755493164 2.833646059036255 2.846445083618164
3.1614089012145996 2.9942028522491455 2.717073440551758
3.3219571113586426 3.2622153759002686 3.1504364013671875
3.96109676361084 3.8427252769470215 3.6124069690704346
3.838538646697998 3.9149680137634277 3.895758628845215
3.0167369842529297 3.1065421104431152 3.1890997886657715
2.414903163909912 2.277339458465576 2.0765230655670166
2.930250644683838 2.8922855854034424 2.6403229236602783
2.638265371322632 2.6681647300720215 2.3762400150299072
2.750427722930908 2.705712080001831 2.6028668880462646
3.292670726776123 3.279956340789795 3.1226584911346436
3.457857131958008 3.4504294395446777 3.3758671283721924
2.875549793243408 3.04187273979187 3.0966408252716064
2.629258394241333 2.7394306659698486 2.713235378265381
2.406869649887085 2.4940364360809326 2.5699431896209717
2.5706639289855957 2.7748069763183594 2.9254486560821533
2.734302043914795 2.9031574726104736 2.9816792011260986
2.5577588081359863 2.512014627456665 2.246166706085205
2.2742722034454346 2.3973612785339355 2.409503936767578
3.0158567428588867 2.8450160026550293 2.6145923137664795
2.3593533039093018 2.594416856765747 2.734590768814087
1.90225350856781 2.069964647293091 2.1597042083740234
2.215163469314575 2.2639946937561035 2.084122896194458
3.2281250953674316 3.0678868293762207 2.932448148727417
3.7148525714874268 3.4304683208465576 3.0855960845947266
2.945061206817627 2.896840810775757 2.7480077743530273
2.6668684482574463 2.7198832035064697 2.622410297393799
2.816805362701416 2.8240904808044434 2.481386423110962
2.767230272293091 2.907465696334839 3.0408737659454346
3.2986741065979004 3.16172194480896 2.956308126449585
2.8945086002349854 3.04118013381958 3.1741085052490234
2.4072744846343994 2.5683352947235107 2.5746471881866455
2.627967357635498 2.5883679389953613 2.212924003601074
2.828403949737549 2.85229229927063 2.6378977298736572
3.0697336196899414 3.0409021377563477 3.0112435817718506
3.6830668449401855 3.634946584701538 3.4626705646514893
3.658203363418579 3.712894916534424 3.648219347000122
3.2083981037139893 3.2025837898254395 3.0748438835144043
2.026902675628662 2.0835156440734863 1.9568361043930054
2.5188212394714355 2.684112071990967 2.6924664974212646
2.232503890991211 2.237706422805786 1.8733766078948975
1.7463325262069702 1.8025201559066772 1.4915392398834229
2.3256773948669434 2.4161477088928223 2.2092552185058594
2.8793253898620605 2.9452097415924072 2.8396103382110596
2.7535932064056396 2.5670385360717773 2.1240835189819336
2.726712703704834 2.335021495819092 1.9703420400619507
2.059199094772339 1.9287641048431396 1.4254541397094727
2.17938494682312 2.23722505569458 2.1797804832458496
1.8233764171600342 1.9583921432495117 1.997037649154663
1.4640276432037354 1.5798722505569458 1.5134162902832031
1.8772491216659546 1.8365850448608398 1.5684425830841064
2.1705031394958496 2.177051305770874 1.7449700832366943
1.6954371929168701 1.7638916969299316 1.5770589113235474
1.4572160243988037 1.497701644897461 1.3575726747512817
1.4876134395599365 1.4282362461090088 1.1849985122680664
1.7196199893951416 1.814306616783142 1.7375762462615967
2.643902540206909 2.726288318634033 2.3592190742492676
2.424837589263916 2.417604684829712 2.19567608833313
2.7234292030334473 2.4326651096343994 2.140228748321533
2.0696635246276855 2.0767951011657715 1.7326610088348389
2.1604056358337402 2.127938747406006 1.9451744556427002
2.3964755535125732 2.4919087886810303 2.3867199420928955
2.1688754558563232 2.34602689743042 2.383314847946167
2.374420166015625 2.2887821197509766 2.004314422607422
2.122887134552002 2.2280423641204834 2.164562940597534
2.012251853942871 2.0890109539031982 2.000825881958008
2.406938314437866 2.4258973598480225 2.065279006958008
3.413133382797241 3.4185118675231934 3.377729892730713
4.022640228271484 3.846360683441162 3.5782954692840576
3.28084135055542 3.00144100189209 2.5803158283233643
1.6549193859100342 1.5576852560043335 1.2103900909423828
2.6399364471435547 2.533149242401123 2.107412099838257
2.3212742805480957 2.1656641960144043 1.6914756298065186
2.2258870601654053 1.9672420024871826 1.4896328449249268
2.383148193359375 2.3374738693237305 1.8428938388824463
2.749978542327881 2.7970612049102783 2.294840097427368
3.379390239715576 3.211857557296753 2.9255459308624268
3.095001697540283 2.7412705421447754 2.337684154510498
2.4340436458587646 2.172706365585327 1.7802259922027588
2.2183070182800293 2.0137271881103516 1.6075239181518555
1.6373908519744873 1.7552822828292847 1.7807261943817139
1.6211727857589722 1.6221994161605835 1.4623512029647827
2.2119812965393066 2.19923734664917 1.9628161191940308
2.349355697631836 2.432581901550293 2.1393489837646484
1.7301971912384033 1.7093238830566406 1.3246701955795288
1.098282814025879 1.194130539894104 1.176903247833252
1.488974690437317 1.5973914861679077 1.6591501235961914
1.3852547407150269 1.2621172666549683 1.1521241664886475
2.004545211791992 2.0582940578460693 1.504900574684143
2.5677199363708496 2.435460329055786 1.8034379482269287
3.083125352859497 2.8546528816223145 2.4020862579345703
2.3072643280029297 2.350229263305664 1.7908331155776978
1.7077646255493164 1.836359977722168 1.7529661655426025
2.2088797092437744 2.203134059906006 1.5989288091659546
2.5015835762023926 2.5104708671569824 1.9671320915222168
1.9472464323043823 1.8710347414016724 1.7466251850128174
1.791804552078247 1.9658268690109253 1.8113782405853271
2.2411911487579346 2.2977633476257324 1.7797013521194458
2.0365493297576904 2.1151952743530273 1.6440818309783936
3.0895400047302246 2.908694267272949 2.476017713546753
4.206279754638672 4.202078342437744 4.125967979431152
2.8024466037750244 2.910619020462036 2.9025540351867676
1.7619441747665405 1.8851362466812134 1.80606210231781
2.0399935245513916 2.0845892429351807 1.693562626838684
1.9478037357330322 1.7759177684783936 1.2468065023422241
1.9307799339294434 1.9992682933807373 1.5291718244552612
1.9341509342193604 1.8737318515777588 1.7774851322174072
2.0362939834594727 2.1019303798675537 2.1294376850128174
2.8202366828918457 2.809389352798462 2.560424327850342
3.470064878463745 3.0739924907684326 2.6824374198913574
3.1797971725463867 2.9636545181274414 2.8623249530792236
2.8190112113952637 2.5245394706726074 2.3113818168640137
2.503253936767578 2.2689127922058105 2.0147061347961426
1.9968111515045166 2.044243574142456 1.8464863300323486
1.9453694820404053 2.022348165512085 1.6094157695770264
2.1033318042755127 1.9993244409561157 1.8255964517593384
0.9944678544998169 1.0652865171432495 1.0425546169281006
1.2560198307037354 1.322141408920288 1.366681694984436
1.7628331184387207 1.9192713499069214 2.013125419616699
0.8860658407211304 0.9366768598556519 0.8854066729545593
1.6147710084915161 1.5762262344360352 1.3821028470993042
2.7902629375457764 2.505186080932617 1.9456841945648193
3.4094245433807373 3.0444867610931396 2.5589144229888916
2.9802844524383545 2.6655325889587402 2.172402858734131
1.812395453453064 1.7573773860931396 1.4825904369354248
1.602893590927124 1.6910356283187866 1.4721803665161133
2.460456132888794 2.286045551300049 1.7039598226547241
1.946448564529419 1.9302245378494263 1.3298231363296509
1.4969727993011475 1.562509298324585 1.4299125671386719
1.7084605693817139 1.729146957397461 1.25832998752594
1.8407609462738037 1.9765454530715942 1.5506417751312256
2.7500712871551514 2.6853699684143066 2.0016119480133057
4.034839630126953 4.032013416290283 3.9461989402770996
3.226104259490967 3.2957470417022705 3.25545334815979
1.5692158937454224 1.6234098672866821 1.4518769979476929
2.184511423110962 2.29014253616333 2.2204205989837646
1.4752531051635742 1.469261884689331 1.2185218334197998
1.2785565853118896 1.3298513889312744 1.219118356704712
1.5959208011627197 1.6903520822525024 1.6095035076141357
1.8361613750457764 1.7921979427337646 1.6609934568405151
2.1837353706359863 2.3807616233825684 2.5199151039123535
3.087445020675659 2.952791690826416 2.6213290691375732
3.7468888759613037 3.3107693195343018 2.9208643436431885
2.8778738975524902 2.6915335655212402 2.1160435676574707
1.8987796306610107 1.7120130062103271 1.204660177230835
1.5531742572784424 1.5071457624435425 1.2469710111618042
1.405987024307251 1.3356748819351196 1.2103302478790283
1.2444534301757812 1.0515706539154053 0.8207737803459167
0.7619025707244873 0.6584588289260864 0.5990663766860962
1.4011446237564087 1.317619800567627 0.9935384392738342
1.3701785802841187 1.441100001335144 1.5038526058197021
0.831619381904602 0.8135434985160828 0.7399224042892456
1.5787135362625122 1.5686407089233398 1.2077980041503906
2.1457035541534424 1.8074207305908203 1.4594799280166626
2.44572114944458 1.9931061267852783 1.6084887981414795
2.263855218887329 2.0339975357055664 1.3973352909088135
1.4040560722351074 1.2912908792495728 0.9708086252212524
0.8283423185348511 0.7968610525131226 0.7891230583190918
1.6933232545852661 1.632154941558838 1.1486527919769287
1.4625695943832397 1.5186270475387573 1.2817684412002563
0.7998002767562866 0.7227057218551636 0.6416952610015869
1.0969123840332031 1.102662444114685 0.9401413798332214
1.716758370399475 1.7964717149734497 1.5637953281402588
2.7818431854248047 2.770078659057617 2.376511573791504
4.066349506378174 3.9504666328430176 3.743107795715332
3.348656177520752 3.177595853805542 2.8663899898529053
1.491445779800415 1.3968191146850586 1.094421625137329
1.442227840423584 1.2122340202331543 0.8372288942337036
1.2373831272125244 1.0040245056152344 0.7690378427505493
0.8225661516189575 0.8253846764564514 0.7662782669067383
0.7829317450523376 0.7056336402893066 0.6235922574996948
1.087471604347229 0.9114347696304321 0.7439892888069153
1.2971066236495972 1.3618522882461548 1.4037415981292725
1.7600724697113037 1.5413846969604492 1.382049798965454
2.478335380554199 2.3106331825256348 1.6173040866851807
2.4765686988830566 2.3766238689422607 1.8235620260238647
1.6502469778060913 1.5702927112579346 1.202717900276184
1.5404207706451416 1.373777151107788 1.0553534030914307
2.279655694961548 1.7470964193344116 1.449842095375061
2.298774003982544 2.0966734886169434 1.6412492990493774
1.8192646503448486 1.8838939666748047 1.4074745178222656
2.3702609539031982 2.222769260406494 2.0134615898132324
1.1587810516357422 1.173301100730896 1.0222337245941162
1.081394910812378 1.060919165611267 0.8645857572555542
2.2493178844451904 1.9552063941955566 1.584700107574463
2.1670544147491455 1.727710485458374 1.2246174812316895
1.8826508522033691 1.5992532968521118 1.1568830013275146
1.9755213260650635 1.6163209676742554 1.348166584968567
1.3135300874710083 1.16390061378479 0.9219202399253845
0.8004180788993835 0.5932379961013794 0.48228201270103455
1.2034858465194702 1.2438241243362427 1.2512156963348389
1.0579767227172852 1.1227128505706787 1.0815085172653198
0.9552571773529053 0.9367086291313171 0.7234708070755005
1.3422589302062988 1.3490452766418457 1.0660983324050903
2.1083314418792725 2.0751514434814453 1.434809684753418
3.57322096824646 3.4160542488098145 3.1017794609069824
3.9555118083953857 3.9026169776916504 3.689068555831909
2.8335049152374268 2.8306143283843994 2.5033626556396484
1.4251043796539307 1.2504832744598389 1.0694090127944946
0.6755853891372681 0.5725371241569519 0.4689788222312927
0.9241968393325806 0.7417165040969849 0.5811365842819214
1.030273199081421 1.1051146984100342 1.0722811222076416
1.220733404159546 1.2207812070846558 1.0037779808044434
1.5205049514770508 1.4486061334609985 1.4543250799179077
2.193465232849121 2.265160083770752 1.72152841091156
2.5897507667541504 2.560379981994629 2.572242259979248
3.352627754211426 2.997241497039795 2.5204639434814453
3.528371810913086 3.1491544246673584 2.848963499069214
3.5355052947998047 3.03196382522583 2.4899704456329346
2.94154691696167 2.444575309753418 2.131863832473755
3.8660290241241455 3.556075096130371 3.2215564250946045
4.023741722106934 3.705061912536621 3.308598756790161
2.8877880573272705 2.8694005012512207 2.8625755310058594
1.8744313716888428 1.8653619289398193 1.806028127670288
1.3398182392120361 1.1336643695831299 1.0245264768600464
0.9671793580055237 0.7976853251457214 0.6592493653297424
1.2232282161712646 0.9044827222824097 0.7331131100654602
1.6469191312789917 1.2744300365447998 1.0752592086791992
1.1251332759857178 0.9833565354347229 0.8299697637557983
0.9799612760543823 0.9011298418045044 0.789056122303009
1.3474153280258179 0.9703172445297241 0.683401882648468
1.1569361686706543 0.8603749871253967 0.6311300992965698
1.329460859298706 1.0513911247253418 0.8760334849357605
1.1730097532272339 1.1551259756088257 0.885989785194397
1.6509928703308105 1.3872736692428589 1.0884120464324951
1.3293802738189697 1.413830041885376 1.313035011291504
1.9972935914993286 2.132194995880127 1.9043710231781006
3.687169313430786 3.6188597679138184 3.425999402999878
3.6429715156555176 3.5662426948547363 3.3693883419036865
2.245302438735962 2.276294231414795 1.945138692855835
1.1256338357925415 1.0353204011917114 0.7965218424797058
1.0527796745300293 0.8768235445022583 0.6421840786933899
1.648543357849121 1.3425216674804688 0.9232737421989441
2.3370766639709473 2.371490478515625 1.6706998348236084
2.467651844024658 2.458587884902954 2.013561248779297
2.6909708976745605 2.263648509979248 1.7583743333816528
3.362260341644287 3.3175735473632812 3.192394971847534
3.7966878414154053 3.5169711112976074 3.246941089630127
3.8583245277404785 3.707387924194336 3.4931418895721436
4.087543487548828 3.8669509887695312 3.565053939819336
3.47572660446167 3.4289135932922363 3.318765163421631
3.301790475845337 2.859281539916992 2.5254199504852295
3.7106175422668457 3.14721941947937 2.6937878131866455
3.8211100101470947 3.355597972869873 2.930647373199463
2.5903494358062744 2.419837474822998 2.28991961479187
2.0324716567993164 2.1987662315368652 2.2874538898468018
2.4321186542510986 2.148401975631714 1.7457990646362305
1.4882441759109497 1.2152081727981567 0.8911579847335815
0.5731917023658752 0.4386993944644928 0.39519596099853516
0.6978592872619629 0.55950927734375 0.47257834672927856
0.7435575723648071 0.7141793966293335 0.6350371241569519
1.148884654045105 0.777359664440155 0.6352638006210327
0.9894240498542786 0.7398505210876465 0.5745530724525452
0.9335979223251343 0.6625386476516724 0.5426713228225708
0.5712061524391174 0.44909411668777466 0.40359020233154297
0.9637774229049683 1.0193102359771729 0.8675883412361145
1.4615236520767212 1.495814323425293 1.065741777420044
1.2776014804840088 1.2420283555984497 1.1008679866790771
1.7454627752304077 1.8750591278076172 1.448249340057373
3.352694034576416 3.1075949668884277 2.7075846195220947
3.958622455596924 3.7049810886383057 3.339242935180664
2.7446365356445312 2.5623083114624023 1.8596750497817993
1.1634478569030762 1.1839772462844849 0.953641414642334
0.939193844795227 0.9315437078475952 0.8099104762077332
1.5564324855804443 1.6527467966079712 1.276617407798767
2.2419755458831787 2.25934100151062 1.5216968059539795
1.8534517288208008 1.9275517463684082 1.3911768198013306
2.0560085773468018 1.7539821863174438 1.4541089534759521
2.930612564086914 2.503660202026367 1.8579730987548828
2.268711566925049 2.0393967628479004 1.3570772409439087
3.1297433376312256 2.78489351272583 2.5159640312194824
3.1176352500915527 3.1407642364501953 3.0983290672302246
2.76568865776062 2.2539305686950684 1.9047715663909912
3.2076144218444824 2.6120858192443848 1.9967041015625
3.3758254051208496 2.8122787475585938 2.1744496822357178
3.2380130290985107 2.5908679962158203 2.1937267780303955
2.9045863151550293 2.707548141479492 2.530369520187378
3.697599411010742 3.5892815589904785 3.373666286468506
3.194551467895508 3.2674169540405273 3.2474021911621094
1.833747148513794 1.367035984992981 1.068267583847046
1.4116218090057373 1.0612924098968506 0.7994979023933411
1.1435434818267822 1.081727147102356 1.053032636642456
1.3004560470581055 1.2616506814956665 1.1753771305084229
0.9121795296669006 0.9522450566291809 1.0072394609451294
1.5333646535873413 1.1445866823196411 0.8756546974182129
1.7048121690750122 1.2606837749481201 0.8484231233596802
0.8074266910552979 0.8186708688735962 0.7043971419334412
0.6705609560012817 0.6132455468177795 0.5386214256286621
1.292174220085144 1.2495231628417969 0.9035055041313171
1.5227559804916382 1.603130578994751 1.311510443687439
2.27006196975708 2.2745304107666016 1.57160484790802
3.767084836959839 3.531395435333252 3.166322708129883
3.9140079021453857 3.7813236713409424 3.596667766571045
3.090331554412842 2.9877092838287354 2.580806255340576
1.373297929763794 1.291343092918396 0.9002072811126709
0.7464460134506226 0.6749106645584106 0.5527283549308777
1.1831601858139038 1.2953755855560303 1.1203306913375854
1.7686119079589844 1.8114912509918213 1.2496968507766724
1.4689768552780151 1.249513030052185 0.9300406575202942
1.6145799160003662 1.5263971090316772 1.0255533456802368
1.6163808107376099 1.2769079208374023 0.9283449053764343
1.3674203157424927 1.099852442741394 0.8445734977722168
2.5294480323791504 2.11938738822937 1.593209981918335
2.3413901329040527 2.0420773029327393 1.7751710414886475
2.0361571311950684 1.6588138341903687 1.3059152364730835
2.7797598838806152 2.0984654426574707 1.4380987882614136
2.9195876121520996 2.257065773010254 1.6646127700805664
3.0308127403259277 2.3331828117370605 1.808153748512268
3.0882248878479004 2.8664798736572266 2.3129284381866455
3.9613804817199707 3.9043376445770264 3.7819957733154297
3.186946392059326 3.004143238067627 2.6943490505218506
2.6534790992736816 2.088629722595215 1.6146107912063599
2.039428949356079 1.8140642642974854 1.5973268747329712
1.6669392585754395 1.5204163789749146 1.3320844173431396
1.6726744174957275 1.690657138824463 1.302910327911377
1.3420466184616089 1.343762993812561 1.362382173538208
1.7328801155090332 1.454787015914917 1.170108675956726
1.4666764736175537 1.260711908340454 1.0539361238479614
1.408610463142395 1.534255027770996 1.5388985872268677
1.181875467300415 1.0580838918685913 0.7411057353019714
1.0467036962509155 0.9285170435905457 0.7505394816398621
1.8370198011398315 1.8116689920425415 1.2079516649246216
2.6213622093200684 2.573256015777588 2.33396577835083
4.0066986083984375 3.834120750427246 3.5365242958068848
4.2069196701049805 4.1281609535217285 3.952629804611206
3.332042694091797 3.121119737625122 2.6446011066436768
2.0553927421569824 2.1284902095794678 1.6276280879974365
1.7647593021392822 1.7970240116119385 1.6352016925811768
1.9078195095062256 1.9989954233169556 1.4092366695404053
2.1073269844055176 2.198636531829834 1.4523392915725708
1.7381844520568848 1.5948854684829712 1.4826358556747437
1.8760480880737305 1.5587469339370728 1.0374401807785034
1.084856390953064 0.9349009394645691 0.6459335684776306
1.7358710765838623 1.3415930271148682 1.047549843788147
2.3651416301727295 1.9378443956375122 1.5521633625030518
1.9285881519317627 1.4838279485702515 1.187198519706726
1.3204395771026611 1.3045955896377563 1.0565898418426514
1.620126485824585 1.3785814046859741 1.1017767190933228
2.4961278438568115 1.8156160116195679 1.3001182079315186
2.2977821826934814 1.6377127170562744 1.1706387996673584
2.6124634742736816 2.201249599456787 1.7203221321105957
3.5887179374694824 3.3347887992858887 3.0110201835632324
3.4818882942199707 3.2244679927825928 2.7226741313934326
3.344876527786255 2.9489729404449463 2.3054513931274414
2.551253080368042 2.548823118209839 1.9269254207611084
1.742600679397583 1.678719162940979 1.6197011470794678
1.973028540611267 1.538427472114563 1.1747758388519287
1.086402177810669 0.9470733404159546 0.776195764541626
0.8433781862258911 0.7086173295974731 0.6676947474479675
1.2403967380523682 1.044066071510315 0.8485701680183411
1.6193711757659912 1.6449501514434814 1.6500343084335327
1.4449572563171387 1.4513723850250244 1.2427525520324707
0.844722330570221 0.6749264597892761 0.5289178490638733
1.6231882572174072 1.5622276067733765 1.1069562435150146
2.4199559688568115 2.3754611015319824 1.8974977731704712
3.215324878692627 3.2512614727020264 3.1462416648864746
4.407559871673584 4.355469703674316 4.240489959716797
3.6921467781066895 3.4730539321899414 3.0907533168792725
2.5275816917419434 2.465177536010742 1.9793184995651245
2.6474759578704834 2.6984589099884033 2.521634817123413
2.4636363983154297 2.49133563041687 2.3678348064422607
2.9881510734558105 2.705700397491455 2.1237380504608154
2.3406624794006348 1.8941214084625244 1.2305052280426025
1.233579397201538 1.1367861032485962 0.9792391061782837
1.3001543283462524 0.9157029390335083 0.6738728284835815
2.123190402984619 1.5166181325912476 1.0948928594589233
2.250988483428955 1.7297548055648804 1.2169685363769531
1.6113189458847046 1.165235161781311 0.8629945516586304
1.0143121480941772 0.8314398527145386 0.6832631230354309
1.042279839515686 1.0175187587738037 0.9879895448684692
1.7939218282699585 1.3293046951293945 0.8964730501174927
1.721268653869629 1.1959891319274902 0.7398327589035034
1.8266223669052124 1.549267053604126 1.1578114032745361
2.0527169704437256 1.766588807106018 1.3554918766021729
2.6109695434570312 1.9104487895965576 1.4023727178573608
3.1078498363494873 2.4736950397491455 1.8914388418197632
2.926370859146118 2.7439517974853516 1.9168519973754883
2.120466947555542 1.6515661478042603 1.168599009513855
1.5084726810455322 1.498039722442627 1.0285903215408325
1.6052865982055664 1.1031038761138916 0.7151769399642944
0.6048620939254761 0.5186558365821838 0.5067035555839539
1.4215338230133057 1.1210124492645264 0.7577484846115112
2.0188169479370117 1.9997262954711914 1.7317640781402588
1.767272710800171 1.3849265575408936 1.004148006439209
1.0440819263458252 0.8556472659111023 0.6212226152420044
1.2349035739898682 1.253938913345337 1.0228917598724365
2.5354223251342773 2.5233218669891357 1.9147264957427979
3.3140084743499756 3.4392504692077637 3.3983516693115234
4.327417850494385 4.2526373863220215 4.119345188140869
3.586648941040039 3.2587697505950928 2.7392380237579346
2.3332161903381348 2.121346950531006 1.6098010540008545
2.6685099601745605 2.451375961303711 1.664271354675293
2.5382323265075684 2.1522464752197266 1.4906835556030273
2.393752336502075 2.030038595199585 1.5179966688156128
1.9960263967514038 1.7018747329711914 1.1236646175384521
0.9812593460083008 0.7666516304016113 0.5890401005744934
1.3690154552459717 1.0696507692337036 0.7538238763809204
2.625206708908081 2.031249523162842 1.3776981830596924
1.9271008968353271 1.3894822597503662 0.9328895807266235
1.5122309923171997 1.1281168460845947 0.7672926783561707
0.9284704923629761 0.7155094742774963 0.5987110137939453
1.247804045677185 0.9236398935317993 0.6878190040588379
1.4871604442596436 0.9593502283096313 0.6727887392044067
1.2925846576690674 1.112597107887268 0.8940235376358032
1.4831033945083618 1.2902799844741821 1.1287428140640259
1.0674666166305542 0.8489395380020142 0.7254112958908081
1.4214541912078857 1.0194284915924072 0.663536548614502
1.9807169437408447 1.4000440835952759 0.9617472290992737
1.650299072265625 1.2421600818634033 0.8687872886657715
1.3045216798782349 1.2333800792694092 1.0165687799453735
1.3538869619369507 0.910253643989563 0.6096625328063965
1.429400086402893 1.0011385679244995 0.7385905385017395
0.5038957595825195 0.43027985095977783 0.401599645614624
1.2388349771499634 0.9023597240447998 0.5873268842697144
2.1133904457092285 2.1867618560791016 1.640317678451538
1.9406894445419312 1.9807778596878052 1.3168362379074097
1.4996929168701172 1.351527452468872 0.947459876537323
1.6620560884475708 1.5988157987594604 1.2590081691741943
2.2248635292053223 2.2733187675476074 1.904206395149231
2.9547300338745117 2.9752085208892822 2.9101104736328125
4.03447961807251 3.9736664295196533 3.851001501083374
3.131618022918701 2.81980562210083 2.2465927600860596
2.200775623321533 2.0572266578674316 1.355191707611084
2.442115306854248 2.4829459190368652 1.767801284790039
2.635801076889038 2.6255404949188232 2.2832138538360596
3.343508720397949 2.903952121734619 2.2931742668151855
2.800200939178467 2.5777194499969482 1.9322971105575562
0.6104767322540283 0.55378258228302 0.47613921761512756
1.1616027355194092 1.0106621980667114 0.7650550007820129
2.7759320735931396 2.3059933185577393 1.54453444480896
1.1755974292755127 0.8223186731338501 0.5610638856887817
0.7108165621757507 0.5433130860328674 0.4266311228275299
0.6062139272689819 0.5133911967277527 0.46506989002227783
0.899177610874176 0.6097236275672913 0.42441561818122864
1.0749975442886353 0.7196856737136841 0.4870525896549225
1.300161600112915 0.8682630062103271 0.5525341629981995
0.7561365365982056 0.6014240980148315 0.5769978761672974
0.5032068490982056 0.3965020775794983 0.3420177698135376
0.8640226125717163 0.6269372701644897 0.49880272150039673
1.1902523040771484 0.8089319467544556 0.523470401763916
0.596430778503418 0.48211315274238586 0.421246200799942
1.0058969259262085 0.7558082938194275 0.6069814562797546
1.1165817975997925 0.8367789387702942 0.634985089302063
0.9105997681617737 0.6600309014320374 0.47114524245262146
0.45235520601272583 0.33803048729896545 0.30579859018325806
1.069936990737915 1.0650020837783813 1.0049222707748413
1.7636959552764893 1.6804075241088867 1.4421124458312988
1.7781254053115845 1.5415265560150146 1.0409669876098633
1.9271507263183594 1.5605556964874268 1.046689748764038
1.8625987768173218 1.6425049304962158 1.2697560787200928
2.0806124210357666 2.043794870376587 1.4486855268478394
3.1493825912475586 2.9446957111358643 2.464916944503784
3.851043224334717 3.5947697162628174 3.2068521976470947
2.4979286193847656 2.350816249847412 1.5269792079925537
1.5608428716659546 1.5032939910888672 0.9888557195663452
1.4884693622589111 1.489512324333191 1.3156590461730957
1.819669485092163 1.5952303409576416 1.0378690958023071
2.9374473094940186 2.671419382095337 1.8930742740631104
2.0354089736938477 1.9776712656021118 1.2510467767715454
0.8008727431297302 0.7528417706489563 0.6518889665603638
1.649293303489685 1.5494006872177124 1.2475712299346924
2.916882038116455 2.365756034851074 1.8298641443252563
1.0536071062088013 0.7605510950088501 0.5484737753868103
0.5719707012176514 0.437893807888031 0.3500099778175354
0.43717801570892334 0.36409199237823486 0.31767281889915466
0.5158933401107788 0.4470711946487427 0.4398854672908783
1.070820689201355 0.8207144141197205 0.5430276989936829
1.314138650894165 0.9859151244163513 0.7583746314048767
0.7246654629707336 0.5452092289924622 0.4505866467952728
0.6817717552185059 0.4587775766849518 0.3733062148094177
1.0234599113464355 0.6950397491455078 0.4900476932525635
0.6784274578094482 0.6076534390449524 0.648752748966217
0.5136934518814087 0.39054927229881287 0.35754337906837463
0.7597161531448364 0.6039403080940247 0.5031968355178833
1.0977189540863037 0.7365629076957703 0.47987493872642517
0.6643141508102417 0.48955243825912476 0.36799728870391846
0.954094409942627 0.7872669100761414 0.564654529094696
2.0387449264526367 1.7407071590423584 1.2449836730957031
1.9064443111419678 1.9578783512115479 1.580322027206421
2.2072367668151855 1.7566736936569214 1.2448316812515259
2.325124502182007 2.0184972286224365 1.6652017831802368
2.3185057640075684 2.0105907917022705 1.436773419380188
2.4629175662994385 2.2474782466888428 1.5695217847824097
3.535372018814087 3.280207395553589 2.780548572540283
3.806389808654785 3.68882417678833 3.457146167755127
2.8331618309020996 2.5488522052764893 1.9431345462799072
1.9375996589660645 1.8314100503921509 1.2036075592041016
1.7116361856460571 1.7123044729232788 1.3094215393066406
1.4751304388046265 1.318718433380127 0.8860815167427063
1.9902287721633911 2.017575740814209 1.4712445735931396
1.3218481540679932 1.3390916585922241 1.2426600456237793
1.0731236934661865 1.0393543243408203 0.9080802202224731
3.0503602027893066 2.8153438568115234 2.1073756217956543
2.265735149383545 1.8122713565826416 1.3580175638198853
0.8308178186416626 0.6734110116958618 0.46667739748954773
1.1105464696884155 0.8630374073982239 0.641077995300293
0.6389985084533691 0.5762912034988403 0.5509341955184937
0.5739825963973999 0.5271700024604797 0.4924224019050598
1.2038644552230835 1.1614607572555542 1.1468819379806519
1.4928948879241943 1.1423817873001099 0.8734771013259888
0.8430107831954956 0.7202750444412231 0.6181601285934448
1.2607170343399048 0.9231903553009033 0.6148467063903809
1.546879529953003 1.0974429845809937 0.7121437191963196
1.1018418073654175 0.9414064884185791 0.7300570011138916
0.9186869263648987 0.8325411081314087 0.7364344000816345
1.261991262435913 0.971953809261322 0.7606659531593323
1.108634114265442 0.8742473721504211 0.5945436358451843
0.813030481338501 0.5800289511680603 0.4369368553161621
1.7100094556808472 1.3078196048736572 0.9287482500076294
2.7349534034729004 2.4048986434936523 1.635787010192871
2.6233255863189697 2.59755277633667 2.1237850189208984
2.633375644683838 2.5372507572174072 1.7137582302093506
2.911487102508545 2.7387447357177734 2.059391975402832
2.7659409046173096 2.2873692512512207 1.745525598526001
2.306593894958496 2.328721046447754 1.6780833005905151
3.5740838050842285 3.3627185821533203 2.9472951889038086
3.512052059173584 3.3009536266326904 2.9628405570983887
2.0782618522644043 1.9675819873809814 1.4617257118225098
1.2166578769683838 1.0411086082458496 0.7352352142333984
1.6724940538406372 1.6574962139129639 1.1607080698013306
1.917361855506897 1.856482744216919 1.5162131786346436
2.0397543907165527 1.969999074935913 1.8430382013320923
1.007991909980774 0.8856136202812195 0.630012035369873
1.96733558177948 1.5865479707717896 1.1348508596420288
2.6408824920654297 2.483654022216797 1.7931855916976929
1.5198997259140015 1.2229530811309814 0.868606448173523
1.0687593221664429 0.9066241979598999 0.7650713324546814
1.7405922412872314 1.3718626499176025 0.8381180167198181
0.8036006689071655 0.7355009317398071 0.552821695804596
0.9201048612594604 0.8692559599876404 0.8420580625534058
1.423230767250061 1.4431895017623901 1.4015264511108398
1.6315391063690186 1.3365861177444458 1.0081849098205566
1.9214693307876587 1.487720012664795 0.980664849281311
1.7769110202789307 1.3360670804977417 0.9753153324127197
2.069877862930298 1.6508311033248901 1.2427480220794678
2.4030110836029053 2.026176929473877 1.4895472526550293
2.0930323600769043 2.1499569416046143 1.443172812461853
1.7157838344573975 1.5832405090332031 1.0311107635498047
1.1956886053085327 1.101118803024292 1.0502245426177979
0.6611255407333374 0.5415031909942627 0.5024611353874207
1.53463613986969 1.1708074808120728 0.826142430305481
2.6283631324768066 2.535287857055664 1.8768761157989502
2.864753007888794 2.7456719875335693 2.2781715393066406
3.3826801776885986 3.0348494052886963 2.420973777770996
3.3313560485839844 2.9698214530944824 2.2205283641815186
2.802428722381592 2.6591672897338867 1.88449227809906
2.473120927810669 2.445993185043335 1.7277486324310303
3.846464157104492 3.63157320022583 3.28041934967041
3.428037405014038 3.3768110275268555 3.2127909660339355
2.4385323524475098 2.31632137298584 1.7359893321990967
1.6252409219741821 1.3118757009506226 0.9475437998771667
1.848091721534729 1.845458745956421 1.3628212213516235
2.164395809173584 2.2300610542297363 1.6449037790298462
1.4634034633636475 1.4449515342712402 1.13460373878479
1.378584861755371 1.149570107460022 0.8346289396286011
2.4337658882141113 2.1006486415863037 1.3292160034179688
1.8391214609146118 1.3899930715560913 1.033719778060913
1.375373125076294 0.9751704931259155 0.6568175554275513
2.165639638900757 1.6394317150115967 1.098602056503296
1.2837086915969849 1.1054655313491821 0.8019605278968811
0.945090651512146 0.6780809760093689 0.48168450593948364
1.4310554265975952 1.112302541732788 0.7499174475669861
1.1610417366027832 1.007431983947754 0.8087081909179688
1.0180877447128296 0.8022657036781311 0.6138571500778198
2.044320821762085 1.5913019180297852 1.0661768913269043
2.6086678504943848 2.104029417037964 1.5406115055084229
2.895056962966919 2.5160021781921387 1.695917010307312
2.9995243549346924 2.8393185138702393 2.2665088176727295
2.6711158752441406 2.343825101852417 1.5422017574310303
1.8859421014785767 1.9369779825210571 1.2749369144439697
1.1477419137954712 1.0538932085037231 0.8357959985733032
0.8704798221588135 0.7676078081130981 0.6754572987556458
1.0055711269378662 0.9359591603279114 0.7668302059173584
2.2946159839630127 1.832420825958252 1.3729387521743774
3.2895288467407227 2.773921251296997 2.1598711013793945
3.5577783584594727 3.21547794342041 2.532564163208008
3.085437059402466 2.941965103149414 2.3015003204345703
2.561267852783203 2.5162549018859863 2.0729663372039795
2.754375696182251 2.7382006645202637 2.5704784393310547
4.186063766479492 4.075093746185303 3.8465769290924072
3.8609142303466797 3.7641220092773438 3.596383571624756
3.164884328842163 2.996570348739624 2.532731294631958
3.0266494750976562 2.8117637634277344 2.0540480613708496
2.8024556636810303 2.699432849884033 2.283255100250244
2.431090831756592 2.324610710144043 2.0540294647216797
2.229557991027832 2.159925937652588 1.8377095460891724
3.429307222366333 3.1396870613098145 2.674206256866455
2.8150787353515625 2.7903573513031006 2.605191707611084
2.4133248329162598 1.9114134311676025 1.4031298160552979
2.044999599456787 1.9289910793304443 1.6680489778518677
2.011579751968384 1.7702150344848633 1.453492522239685
1.5244081020355225 1.3172446489334106 1.0489450693130493
1.6996572017669678 1.2493280172348022 0.8664406538009644
2.531403064727783 2.1170730590820312 1.414156198501587
1.7398350238800049 1.5258934497833252 0.9817344546318054
0.9273898005485535 0.7831792235374451 0.5705556273460388
2.083353281021118 1.8787702322006226 1.462607741355896
2.321654796600342 1.9069993495941162 1.4511111974716187
2.388261318206787 1.8331454992294312 1.2347586154937744
2.780000686645508 2.641233444213867 1.9657610654830933
2.255131244659424 2.2669997215270996 2.1739840507507324
2.3280484676361084 2.324155569076538 1.5042569637298584
1.3890159130096436 1.1806131601333618 0.8320779800415039
1.4477289915084839 1.3437386751174927 1.1246793270111084
1.362262487411499 1.2642831802368164 0.9942368865013123
1.2993855476379395 1.0536631345748901 0.688924252986908
2.4408938884735107 2.3982174396514893 1.6066241264343262
3.162928342819214 2.7531895637512207 1.9540632963180542
2.9995126724243164 2.8008456230163574 2.245500087738037
2.77958345413208 2.6746559143066406 2.051460027694702
3.2803823947906494 3.133497714996338 2.6203298568725586
4.066697120666504 3.9301095008850098 3.636378765106201
3.6613943576812744 3.5341432094573975 3.304647445678711
2.9310073852539062 2.8063559532165527 2.3231825828552246
2.973034381866455 2.894719362258911 2.5866544246673584
3.2379977703094482 3.1090729236602783 2.9096627235412598
3.0141730308532715 3.0069236755371094 2.927504062652588
3.5363807678222656 3.439239263534546 3.3078927993774414
4.143457889556885 3.9281749725341797 3.5953915119171143
3.696237564086914 3.2297487258911133 2.6739425659179688
3.1359052658081055 2.55609393119812 1.9230496883392334
2.6459901332855225 2.14705228805542 1.5938246250152588
2.1484720706939697 2.1306567192077637 1.5572503805160522
2.68912672996521 2.574157238006592 2.085559368133545
1.9157590866088867 1.5102835893630981 1.094256043434143
2.4489054679870605 1.9400486946105957 1.293056845664978
2.449645519256592 2.2455172538757324 1.8239895105361938
1.2203645706176758 1.1728296279907227 0.9173468947410583
1.636149525642395 1.5744901895523071 1.474602222442627
2.185591220855713 1.7427992820739746 1.2363595962524414
1.8745086193084717 1.5123391151428223 1.1884124279022217
2.5725350379943848 2.3212642669677734 1.8503180742263794
2.2812228202819824 2.0343120098114014 1.6984270811080933
2.265500545501709 2.2425036430358887 1.6258665323257446
1.4957501888275146 1.4688570499420166 1.3382642269134521
2.0200881958007812 1.9941362142562866 1.9041621685028076
1.7700955867767334 1.7686048746109009 1.6010533571243286
1.2578972578048706 1.166373372077942 0.8870977163314819
2.5906131267547607 2.1395668983459473 1.3865234851837158
2.854989528656006 2.4767229557037354 1.9023065567016602
2.798487901687622 2.5463435649871826 1.7177610397338867
3.0055575370788574 2.809595823287964 2.0424859523773193
3.1861166954040527 3.1739420890808105 3.015077829360962
3.8443398475646973 3.771970510482788 3.5118021965026855
3.3510117530822754 3.2189807891845703 2.8985233306884766
2.7913622856140137 2.6838786602020264 2.41090989112854
3.110718250274658 2.934248447418213 2.3951823711395264
3.53275203704834 3.143672466278076 2.49798846244812
3.5726828575134277 3.2530386447906494 2.65565824508667
3.7003231048583984 3.375053882598877 2.803400754928589
3.8716964721679688 3.5387933254241943 3.012397289276123
3.3856618404388428 3.005643844604492 2.30328369140625
2.8924264907836914 2.437870502471924 1.7234681844711304
2.243821144104004 1.8282769918441772 1.2622283697128296
2.394127368927002 2.150643825531006 1.720238447189331
2.290153980255127 2.239184856414795 2.0383243560791016
1.3164889812469482 1.2540239095687866 0.9531406164169312
1.8601709604263306 1.8541548252105713 1.255450963973999
2.690696954727173 2.4724605083465576 1.796317219734192
1.5304362773895264 1.478182077407837 1.065068244934082
1.5971248149871826 1.3231897354125977 0.8734134435653687
1.8659287691116333 1.7330011129379272 1.4062135219573975
1.866946816444397 1.8178353309631348 1.6955565214157104
2.454148769378662 2.3946003913879395 1.7405790090560913
2.259286880493164 2.229346752166748 1.9193453788757324
2.1965579986572266 2.233513116836548 1.7773798704147339
1.7083559036254883 1.5877326726913452 1.3351973295211792
2.4275095462799072 2.4252140522003174 2.192232370376587
2.5887210369110107 2.5522210597991943 2.420424222946167
1.552183747291565 1.3140490055084229 0.8934487104415894
2.0017664432525635 1.9064538478851318 1.5319257974624634
2.5853703022003174 2.2650463581085205 1.7625207901000977
2.551162004470825 2.1694979667663574 1.5661500692367554
2.4156734943389893 2.4171395301818848 1.8787809610366821
2.9882850646972656 2.8816986083984375 2.639694929122925
3.8320775032043457 3.4908084869384766 2.870447874069214
3.9007174968719482 3.659087657928467 3.2836995124816895
3.1584858894348145 3.005582332611084 2.6941981315612793
2.8882484436035156 2.644029378890991 2.0188333988189697
2.586660385131836 2.4508938789367676 1.7678712606430054
2.5210118293762207 2.4840316772460938 2.0176644325256348
3.1914844512939453 2.737438917160034 1.9870915412902832
2.6733944416046143 2.2870564460754395 1.5619828701019287
2.2885336875915527 2.1225407123565674 1.394726037979126
2.2808663845062256 2.0167105197906494 1.343256950378418
1.192344307899475 0.9067314863204956 0.6204047203063965
1.9257948398590088 1.6965574026107788 1.1580650806427002
2.125903606414795 2.086186170578003 1.3227665424346924
2.0732860565185547 1.7956262826919556 1.2479619979858398
2.724419355392456 2.3197693824768066 1.601613163948059
2.94562029838562 2.5085463523864746 1.8893239498138428
1.7237673997879028 1.6407420635223389 1.2801426649093628
1.3307275772094727 1.259526014328003 1.047247290611267
1.8745486736297607 1.7209017276763916 1.123905062675476
2.314836025238037 2.2203335762023926 1.4294624328613281
3.011972427368164 2.6508655548095703 1.8754202127456665
2.754673480987549 2.7780568599700928 2.6161725521087646
2.098684549331665 2.0081140995025635 1.6112947463989258
2.5015406608581543 2.489614248275757 2.0225272178649902
3.191815137863159 2.9905099868774414 2.661248207092285
3.002562999725342 2.8283591270446777 2.501415729522705
1.5770589113235474 1.4556877613067627 1.0819132328033447
1.8054052591323853 1.7427386045455933 1.352691888809204
2.1127688884735107 1.8358725309371948 1.3840700387954712
1.9949440956115723 1.6619089841842651 1.156731128692627
2.175496816635132 2.1054484844207764 1.6801644563674927
1.9672399759292603 1.8586235046386719 1.2857812643051147
2.7866861820220947 2.650620698928833 2.117464303970337
3.6851906776428223 3.484715461730957 3.07218599319458
2.990865707397461 2.798647880554199 2.4611310958862305
2.324002981185913 2.2410759925842285 1.7973272800445557
2.3381404876708984 2.2234323024749756 1.6085700988769531
2.4105753898620605 2.3972105979919434 1.6266319751739502
2.708704710006714 2.561445713043213 1.8468297719955444
2.112968921661377 2.0328261852264404 1.42776358127594
2.0736031532287598 1.7836443185806274 1.1933239698410034
1.6916096210479736 1.4033623933792114 0.9488692283630371
0.7925713062286377 0.6518946886062622 0.47240567207336426
1.62201988697052 1.5049817562103271 1.0475142002105713
1.805232048034668 1.7241934537887573 1.5015387535095215
2.4127979278564453 2.2832891941070557 1.5444689989089966
3.1357064247131348 2.7083239555358887 2.0012454986572266
2.6804614067077637 2.543062210083008 1.9314546585083008
2.0788402557373047 2.0759987831115723 1.7536096572875977
1.0693399906158447 0.8992268443107605 0.6347634792327881
1.5070596933364868 1.1936458349227905 0.7900294065475464
2.0901846885681152 1.9756373167037964 1.2670445442199707
2.3321850299835205 2.051649570465088 1.2928894758224487
1.7686231136322021 1.4839179515838623 0.9971791505813599
2.0840752124786377 1.9714869260787964 1.4204912185668945
3.252163887023926 3.272610902786255 3.172229290008545
3.5790085792541504 3.467672824859619 3.2245395183563232
3.1816654205322266 3.0310986042022705 2.4273390769958496
2.229982852935791 2.090522527694702 1.4059010744094849
1.8308725357055664 1.680143117904663 1.116021990776062
2.332857608795166 2.15289044380188 1.6085050106048584
2.2292771339416504 1.9872175455093384 1.354019284248352
1.6201708316802979 1.425091028213501 0.9913781881332397
1.7588350772857666 1.6004693508148193 1.1561400890350342
2.621260166168213 2.5018036365509033 1.991361379623413
3.449799060821533 3.34842586517334 3.033900260925293
3.1296298503875732 2.9250285625457764 2.258460521697998
2.4546120166778564 2.372875928878784 1.847291350364685
2.6692895889282227 2.5390498638153076 2.113370418548584
3.171408176422119 2.7812724113464355 2.175952911376953
3.3051185607910156 3.1714651584625244 2.626220226287842
2.581943988800049 2.2590785026550293 1.7237321138381958
2.454493284225464 2.2831435203552246 1.5467197895050049
1.7959455251693726 1.7575068473815918 1.267305612564087
0.962317943572998 0.7773544192314148 0.5828566551208496
2.178973913192749 2.1175289154052734 1.7017656564712524
2.3474066257476807 2.286299705505371 1.7426807880401611
3.040964365005493 2.9271228313446045 2.563599109649658
3.233245372772217 3.0792126655578613 2.793200969696045
2.861542224884033 2.794031858444214 2.337240695953369
2.8246212005615234 2.65932035446167 2.063518762588501
1.3351633548736572 1.1472194194793701 0.812947690486908
1.2108149528503418 1.0396642684936523 0.7201464176177979
2.6251540184020996 2.547123908996582 2.0994441509246826
2.412104368209839 2.3474619388580322 1.9288979768753052
1.4289778470993042 1.3118798732757568 0.995652973651886
1.9150526523590088 1.7243751287460327 1.2634809017181396
2.9536185264587402 2.923356771469116 2.7253072261810303
3.0568103790283203 3.0889010429382324 2.9264400005340576
3.4284214973449707 3.142561435699463 2.5039114952087402
2.5846574306488037 2.4727530479431152 1.7939379215240479
2.364391326904297 2.223949432373047 1.6466161012649536
2.9171595573425293 2.578068971633911 2.0043911933898926
2.627347469329834 2.3634166717529297 1.64408278465271
2.336350917816162 2.1619033813476562 1.4654377698898315
2.1098220348358154 1.9775482416152954 1.4996273517608643
2.9996769428253174 2.827125310897827 2.3016960620880127
3.650630474090576 3.5292460918426514 3.3327198028564453
3.1043553352355957 2.9618325233459473 2.511491060256958
2.8147006034851074 2.548295259475708 1.8487905263900757
2.840541124343872 2.6749191284179688 2.183587074279785
2.967390775680542 2.7730257511138916 2.0412142276763916
3.248426914215088 2.943983554840088 2.3064053058624268
2.7752525806427 2.404628038406372 1.6892160177230835
2.4066224098205566 2.0967447757720947 1.4601945877075195
1.3305777311325073 1.2182167768478394 0.8852351307868958
1.439323902130127 1.3934118747711182 1.0024158954620361
2.1975491046905518 1.9445377588272095 1.3692972660064697
1.9932035207748413 1.9468634128570557 1.5315178632736206
2.7322463989257812 2.6333091259002686 2.353639602661133
3.0488619804382324 2.8211560249328613 2.163957118988037
2.8641483783721924 2.6460201740264893 1.848929762840271
2.6486804485321045 2.4368090629577637 1.83889639377594
1.8677831888198853 1.6204144954681396 1.1349951028823853
1.6501142978668213 1.436729907989502 0.9658960103988647
2.560767650604248 2.3735246658325195 1.6589477062225342
2.5095467567443848 2.219818115234375 1.6581900119781494
1.6604502201080322 1.5422937870025635 1.1505515575408936
2.070037603378296 1.8199307918548584 1.2777704000473022
2.6940433979034424 2.496661424636841 1.9424012899398804
2.79038667678833 2.6701762676239014 2.2436511516571045
2.902205228805542 2.753114700317383 2.229593515396118
2.4661245346069336 2.271498441696167 1.713134527206421
2.822929859161377 2.574019193649292 1.7925965785980225
3.316420555114746 3.2031397819519043 2.784402847290039
3.1161608695983887 2.8320693969726562 2.025034189224243
2.5635933876037598 2.3941657543182373 1.8498717546463013
2.373732328414917 2.3007829189300537 1.7857011556625366
3.175294876098633 2.9580605030059814 2.3383774757385254
4.040588855743408 3.8260462284088135 3.5039963722229004
3.2495598793029785 3.1066830158233643 2.632047176361084
2.8834967613220215 2.63010573387146 1.9883573055267334
2.6444284915924072 2.427649974822998 1.9384875297546387
2.2161974906921387 2.0928478240966797 1.522456407546997
2.0155863761901855 1.8612303733825684 1.342682957649231
1.874657392501831 1.6838109493255615 1.1856809854507446
1.7623971700668335 1.5115396976470947 1.061783790588379
1.1166105270385742 0.954565167427063 0.6966500282287598
1.3007224798202515 1.063828468322754 0.7670038938522339
1.520593523979187 1.2538948059082031 0.8509336113929749
1.6851152181625366 1.5550631284713745 1.2669599056243896
2.224501609802246 2.0255935192108154 1.4709112644195557
2.5158369541168213 2.355646848678589 1.809773564338684
2.318366050720215 2.1459667682647705 1.5591224431991577
2.082624912261963 1.933854341506958 1.4158058166503906
2.3694233894348145 2.201202869415283 1.6685082912445068
2.4783365726470947 2.1840932369232178 1.511547327041626
2.2743959426879883 2.0510170459747314 1.51393723487854
2.796701431274414 2.459057331085205 1.8108055591583252
2.6330602169036865 2.4080710411071777 1.750839114189148
2.7954258918762207 2.5753674507141113 1.9415768384933472
3.005340099334717 2.7420272827148438 2.129929304122925
3.0698013305664062 2.891388416290283 2.3321197032928467
2.9395980834960938 2.7037863731384277 1.955108642578125
2.7373433113098145 2.605215072631836 2.0380306243896484
3.1075985431671143 2.8564791679382324 2.178884506225586
3.276700019836426 2.9162144660949707 2.1604485511779785
2.701446771621704 2.456272840499878 1.886860728263855
2.9128506183624268 2.694425344467163 2.023369312286377
2.8532629013061523 2.7200698852539062 2.268425226211548
3.4905781745910645 3.2305409908294678 2.596827983856201
3.8230175971984863 3.6460533142089844 3.379384994506836
3.454893112182617 3.165365695953369 2.628923177719116
3.264760732650757 3.037379741668701 2.36985445022583
3.374140501022339 3.108785390853882 2.5198404788970947
2.9494545459747314 2.833369493484497 2.302415132522583
2.479259490966797 2.3229286670684814 1.761742353439331
2.4075982570648193 2.1629080772399902 1.6039786338806152
2.6428470611572266 2.4709134101867676 1.7781375646591187
2.818145275115967 2.616805076599121 1.931541919708252
2.6089694499969482 2.427971601486206 1.9489182233810425
2.909642457962036 2.6663451194763184 2.0218160152435303
3.1564688682556152 2.838190793991089 2.0781798362731934
3.0730397701263428 2.8803951740264893 2.2402682304382324
3.2870728969573975 3.138782262802124 2.4925060272216797
3.230968475341797 3.036722183227539 2.3675310611724854
2.8821702003479004 2.6007180213928223 1.9877156019210815
3.0043234825134277 2.757035493850708 2.058131217956543
3.1824283599853516 3.0259463787078857 2.589508533477783
3.189786911010742 2.890493154525757 2.196042776107788
3.5714850425720215 3.2764151096343994 2.664583683013916
3.348651647567749 3.004065990447998 2.2913012504577637
3.6858408451080322 3.3219234943389893 2.6110246181488037
3.745842456817627 3.576732635498047 3.252612352371216
3.3618016242980957 3.191338062286377 2.734504461288452
3.4864585399627686 3.3128695487976074 2.7945547103881836
3.2527787685394287 3.0701351165771484 2.55804443359375
3.6154582500457764 3.348776340484619 2.648340940475464
3.629176139831543 3.4039924144744873 2.9100499153137207
3.103745460510254 2.986847400665283 2.503448009490967
3.34232759475708 3.0926082134246826 2.390573263168335
3.339600086212158 3.1136116981506348 2.4871513843536377
3.5693130493164062 3.4602015018463135 3.1244726181030273
3.659806489944458 3.3985249996185303 2.9393327236175537
4.032855987548828 3.7162373065948486 3.2046852111816406
3.5010838508605957 3.2435669898986816 2.7520716190338135
3.6257684230804443 3.3217856884002686 2.7969295978546143
3.8488659858703613 3.5898184776306152 3.090057134628296
3.469078779220581 3.2106130123138428 2.5416712760925293
2.9584004878997803 2.8575596809387207 2.440955877304077
3.239865779876709 3.046638011932373 2.544895648956299
3.4795114994049072 3.2558505535125732 2.6755528450012207
3.1385293006896973 2.9998531341552734 2.3699724674224854
3.4030375480651855 3.105273723602295 2.4092049598693848
3.336240530014038 3.192140817642212 2.7040228843688965
3.369778871536255 3.204185962677002 2.92098331451416
3.5077176094055176 3.3521790504455566 2.8285586833953857
3.73201322555542 3.3852992057800293 2.7821109294891357
3.016282081604004 2.9026198387145996 2.4262819290161133
2.9471898078918457 2.690772533416748 2.1530258655548096
3.3503401279449463 3.1520309448242188 2.58255934715271
3.4767932891845703 3.1443700790405273 2.4703075885772705
3.592538356781006 3.462777614593506 3.1141743659973145
3.669417381286621 3.3884036540985107 2.824554443359375
3.8831613063812256 3.509906530380249 2.9313855171203613
3.717423915863037 3.6576333045959473 3.3764569759368896
3.165653944015503 3.017704725265503 2.4081170558929443
3.3723583221435547 3.3670437335968018 3.1446375846862793
3.517911672592163 3.515193462371826 3.3115074634552
3.7631630897521973 3.5703654289245605 3.1245758533477783
4.013332843780518 3.662489414215088 3.0798802375793457
3.609696388244629 3.5744075775146484 3.3717117309570312
3.780656337738037 3.7401509284973145 3.545166254043579
4.037930965423584 3.7847156524658203 3.3789684772491455
3.7391438484191895 3.5427024364471436 3.1144766807556152
3.87699556350708 3.750692844390869 3.4524881839752197
4.257472038269043 4.170269966125488 3.9250972270965576
4.0558342933654785 3.919417381286621 3.6778552532196045
4.19385290145874 4.046660423278809 3.7545440196990967
4.124861717224121 3.9233286380767822 3.5312867164611816
3.916670322418213 3.8534326553344727 3.6214747428894043
4.16260290145874 4.065888404846191 3.8551955223083496
3.7956340312957764 3.7342135906219482 3.509770154953003
3.863922119140625 3.6599295139312744 3.239027976989746
3.7555720806121826 3.4969429969787598 2.9867234230041504
3.5054070949554443 3.3807666301727295 3.0513339042663574
3.6672019958496094 3.5726771354675293 3.307091236114502
3.937418222427368 3.649498462677002 3.0833990573883057
4.180773735046387 3.9944121837615967 3.6550943851470947
4.350679397583008 4.226526737213135 3.990365505218506
3.9337010383605957 3.800759792327881 3.5390713214874268
3.7917094230651855 3.5506057739257812 2.9797756671905518
3.887134075164795 3.6832332611083984 3.3118233680725098
4.099717140197754 3.8384127616882324 3.3128530979156494
4.03943395614624 3.896094799041748 3.662121295928955
4.137988090515137 3.941895008087158 3.5698604583740234
4.174315452575684 4.055190086364746 3.8228678703308105
4.270832061767578 4.173103332519531 3.9247655868530273
3.992029905319214 3.8552699089050293 3.5651516914367676
3.9559848308563232 3.742051601409912 3.3860530853271484
4.031083106994629 3.955287218093872 3.7606234550476074
4.215527057647705 4.10617733001709 3.8674240112304688
4.3566060066223145 4.290772438049316 4.1258955001831055
4.152667999267578 4.020267963409424 3.764810800552368
3.9907383918762207 3.8961338996887207 3.6144778728485107
3.8143725395202637 3.6503360271453857 3.2963414192199707
3.4093337059020996 3.233752727508545 2.7583088874816895
