0.2678844103123488

1.813414454460144 1.824172854423523 1.5626071691513062
1.6359907388687134 1.586896300315857 1.3517076969146729
2.045778274536133 2.0880379676818848 1.8894412517547607
2.9554648399353027 3.067293167114258 3.0150933265686035
2.2919557094573975 2.3347413539886475 2.225904941558838
2.445945978164673 2.528977870941162 2.4576921463012695
1.295716643333435 1.3224252462387085 1.303611159324646
3.0496058464050293 3.143568992614746 3.1559712886810303
3.3911938667297363 3.4526376724243164 3.388115406036377
3.18569016456604 3.2808709144592285 3.27962589263916
3.755567789077759 3.8184878826141357 3.757467269897461
3.6261966228485107 3.669632911682129 3.5769152641296387
2.0046491622924805 2.077810764312744 2.059680461883545
1.7417398691177368 1.7779639959335327 1.744482398033142
3.4884908199310303 3.5600662231445312 3.4701993465423584
2.199349880218506 2.3697092533111572 2.4492924213409424
2.9460089206695557 3.067408800125122 2.9915428161621094
2.436635732650757 2.6402437686920166 2.7102699279785156
2.4431850910186768 2.4672253131866455 2.2663557529449463
0.9096353650093079 0.8753461837768555 0.780421257019043
1.9297572374343872 2.0953006744384766 2.1663007736206055
1.5316288471221924 1.571716070175171 1.4923555850982666
1.833825945854187 1.9518468379974365 2.021040678024292
2.0800299644470215 2.1736299991607666 1.9925826787948608
2.805520534515381 2.868182897567749 2.7243165969848633
3.0159153938293457 3.1292412281036377 3.125277519226074
2.1206202507019043 2.264295816421509 2.2635092735290527
2.6558618545532227 2.8348889350891113 2.78090500831604
2.373566150665283 2.4925410747528076 2.44309663772583
3.1026453971862793 3.126613140106201 2.8886733055114746
2.6515393257141113 2.6461071968078613 2.3832242488861084
2.9141547679901123 3.004159450531006 2.8543834686279297
1.2549077272415161 1.195041537284851 1.0428764820098877
1.2950533628463745 1.3043068647384644 1.1652919054031372
0.923626184463501 0.830418050289154 0.7108478546142578
1.4553743600845337 1.5171653032302856 1.4377461671829224
1.7007160186767578 1.6617554426193237 1.429747223854065
1.6283879280090332 1.7293440103530884 1.6266870498657227
1.1713751554489136 1.1863205432891846 1.1218137741088867
2.1838126182556152 2.0682146549224854 1.8313714265823364
2.615926504135132 2.7360572814941406 2.7094829082489014
2.35552978515625 2.3436834812164307 2.1511738300323486
2.8477911949157715 2.8960812091827393 2.857369899749756
1.8960719108581543 1.8439306020736694 1.6802983283996582
2.5599863529205322 2.635465621948242 2.530912399291992
1.5225870609283447 1.5255643129348755 1.5268687009811401
2.8217036724090576 2.8230276107788086 2.6454806327819824
1.232130527496338 1.280010461807251 1.1948570013046265
2.378822088241577 2.3774688243865967 2.0859339237213135
1.6696935892105103 1.6176966428756714 1.4155043363571167
1.4893317222595215 1.3084968328475952 1.140517234802246
1.0936763286590576 0.9315333962440491 0.7920467853546143
0.9596830010414124 1.0310077667236328 1.028537631034851
1.2949235439300537 1.3942148685455322 1.3596140146255493
1.6795392036437988 1.728039264678955 1.690548062324524
2.463592529296875 2.6003262996673584 2.592686414718628
2.2924017906188965 2.2087244987487793 1.963757038116455
1.9465731382369995 1.9881831407546997 1.7558420896530151
1.7507976293563843 1.8525863885879517 1.7863689661026
1.3907444477081299 1.4887418746948242 1.4071943759918213
2.573249578475952 2.521202325820923 2.11661696434021
1.5039888620376587 1.5416933298110962 1.3013361692428589
1.6994283199310303 1.7524266242980957 1.5452419519424438
2.378636598587036 2.391779899597168 2.159480571746826
1.1199599504470825 1.1140772104263306 1.0366308689117432
1.079720377922058 0.9714325666427612 0.8287495374679565
2.1595160961151123 2.243014097213745 2.1249804496765137
2.800457000732422 2.865483522415161 2.792978048324585
1.4911433458328247 1.45279061794281 1.253888726234436
1.8065752983093262 1.8476585149765015 1.7669267654418945
3.004730701446533 3.0145766735076904 2.7169151306152344
2.723236560821533 2.6315059661865234 2.39715838432312
1.93472421169281 2.0124599933624268 1.8771042823791504
2.339585781097412 2.2605113983154297 1.9588515758514404
3.2697365283966064 3.253300666809082 3.1188266277313232
2.365896463394165 1.9960116147994995 1.695777416229248
1.8830679655075073 1.6110838651657104 1.3963936567306519
1.4963045120239258 1.4709314107894897 1.2709674835205078
3.0246598720550537 3.0185275077819824 2.785242795944214
2.031520366668701 1.7969889640808105 1.581278920173645
3.409099578857422 3.4112002849578857 3.223837375640869
2.5632622241973877 2.2185873985290527 1.8789422512054443
2.258615493774414 2.1709043979644775 1.8628926277160645
0.8232854008674622 0.752900242805481 0.6661722660064697
2.03763484954834 2.022944688796997 1.8642244338989258
2.235489845275879 2.3190178871154785 2.3376474380493164
1.7258893251419067 1.6987409591674805 1.5272462368011475
2.204150676727295 2.0392632484436035 1.7598876953125
1.3750513792037964 1.1798958778381348 1.0127694606781006
1.1677533388137817 1.1570242643356323 1.0834572315216064
1.6094186305999756 1.625600814819336 1.3687744140625
1.7712421417236328 1.8242870569229126 1.653649926185608
1.1556322574615479 1.0868022441864014 0.9494489431381226
1.2764275074005127 1.3129962682724 1.1610965728759766
2.1977405548095703 2.1462786197662354 1.8509160280227661
1.979517936706543 2.0139026641845703 1.7597779035568237
1.447279453277588 1.3754538297653198 1.1529502868652344
0.7342782020568848 0.6603044867515564 0.610197901725769
1.9324427843093872 1.997322678565979 1.7339781522750854
1.3491084575653076 1.4036872386932373 1.3253979682922363
2.151921510696411 2.1875715255737305 1.9513124227523804
2.7494921684265137 2.7722184658050537 2.5869688987731934
3.3599750995635986 3.3289520740509033 3.1644372940063477
3.6569597721099854 3.7168846130371094 3.6511716842651367
2.215515375137329 1.8594638109207153 1.6171458959579468
2.6771864891052246 2.4914638996124268 2.1923985481262207
3.0011913776397705 2.872943639755249 2.485492467880249
2.6059346199035645 2.3870596885681152 2.0649008750915527
2.0237038135528564 1.952070951461792 1.6741008758544922
1.090255618095398 1.1150801181793213 1.04673171043396
1.71161687374115 1.5798392295837402 1.339173674583435
2.5839638710021973 2.546562910079956 2.314563512802124
3.6711325645446777 3.7620692253112793 3.6819489002227783
2.7840726375579834 2.953244686126709 3.021742820739746
1.5292216539382935 1.611842393875122 1.6582233905792236
1.2462387084960938 1.0855892896652222 0.9343728423118591
1.2219946384429932 1.296114206314087 1.1657662391662598
1.9276573657989502 1.7454307079315186 1.4983038902282715
2.4048819541931152 2.3286330699920654 1.9516379833221436
0.9349285364151001 0.9206253886222839 0.8662381172180176
1.8090566396713257 1.708739995956421 1.4016505479812622
1.1915186643600464 1.002265453338623 0.8101049065589905
3.0535476207733154 3.0307395458221436 2.779719352722168
2.5246543884277344 2.5408544540405273 2.4574928283691406
1.4197149276733398 1.4165006875991821 1.1911635398864746
3.0099024772644043 2.941930055618286 2.6071360111236572
2.841890573501587 2.8228237628936768 2.5408689975738525
2.3017287254333496 2.337315082550049 2.015690326690674
1.540311336517334 1.52571702003479 1.2551765441894531
0.9684171080589294 0.8841449022293091 0.7384867072105408
1.7451039552688599 1.7904338836669922 1.448542594909668
0.9452174305915833 0.9263441562652588 0.8843260407447815
1.69221031665802 1.5324463844299316 1.2693852186203003
1.0465450286865234 1.1033152341842651 1.077384114265442
1.9196423292160034 1.7668498754501343 1.4976074695587158
1.4249807596206665 1.136641025543213 0.9721111059188843
1.3694915771484375 1.361687421798706 1.3115873336791992
3.119474411010742 3.1102964878082275 2.915870189666748
1.6973249912261963 1.437861442565918 1.2158021926879883
2.8640573024749756 2.7019574642181396 2.371368646621704
1.351342797279358 1.4279847145080566 1.458570122718811
2.615868330001831 2.780155658721924 2.8764712810516357
2.043349266052246 2.215423822402954 2.3052291870117188
1.7176053524017334 1.8729791641235352 1.9570297002792358
3.363847494125366 3.48158860206604 3.468208074569702
2.6221635341644287 2.7257187366485596 2.659271001815796
1.3909013271331787 1.4629623889923096 1.4106007814407349
1.6062700748443604 1.4998259544372559 1.290565013885498
1.36915922164917 1.1691728830337524 0.9643280506134033
1.241650104522705 1.273026943206787 1.2785652875900269
2.74800705909729 2.73880672454834 2.505896806716919
3.238738775253296 3.341956853866577 3.27970290184021
3.1793861389160156 3.2655527591705322 3.177445888519287
3.3958706855773926 3.321645736694336 3.103576898574829
3.253120183944702 3.229987144470215 3.0330357551574707
2.6648426055908203 2.767162561416626 2.616209030151367
1.9493199586868286 1.8666679859161377 1.4953104257583618
2.689440965652466 2.634146213531494 2.176403284072876
1.993232250213623 2.0929369926452637 2.0015125274658203
1.5618807077407837 1.5699752569198608 1.4404102563858032
1.5926251411437988 1.622096300125122 1.4510875940322876
1.7827589511871338 1.6394572257995605 1.3020002841949463
1.4383537769317627 1.299122929573059 1.0285167694091797
1.1300071477890015 1.0352505445480347 0.9055291414260864
1.3046329021453857 1.044768214225769 0.8618268966674805
1.4741147756576538 1.3861064910888672 1.1163229942321777
1.3158930540084839 1.252195119857788 1.0917011499404907
1.6517183780670166 1.3838876485824585 1.1560237407684326
1.2027604579925537 0.9818823933601379 0.839775562286377
0.8508206009864807 0.859138011932373 0.8543870449066162
0.8270478248596191 0.7627938985824585 0.7158192992210388
2.380347967147827 2.4524073600769043 2.4385902881622314
1.6618547439575195 1.7288686037063599 1.5946661233901978
1.1599574089050293 1.1784377098083496 1.1537891626358032
1.0125502347946167 0.9648138880729675 0.8650808334350586
1.187750220298767 1.0528477430343628 0.9059875011444092
1.258637547492981 1.2653428316116333 1.0530184507369995
2.760401487350464 2.8788836002349854 2.8484139442443848
1.879211187362671 1.8752602338790894 1.5138851404190063
2.8115577697753906 2.5460281372070312 2.186199188232422
3.171597480773926 3.171830415725708 2.9352266788482666
2.900087594985962 2.7563223838806152 2.47145676612854
2.555319309234619 2.4985861778259277 2.152900218963623
3.0049712657928467 2.935347318649292 2.6599714756011963
3.39864444732666 3.4409565925598145 3.297576427459717
2.0125572681427 1.9727727174758911 1.6081174612045288
1.4286293983459473 1.4187372922897339 1.3064086437225342
1.543531060218811 1.6600172519683838 1.5886107683181763
1.3006689548492432 1.0933970212936401 0.8808030486106873
1.3871196508407593 1.3275892734527588 1.0464200973510742
0.9039970636367798 0.8795720934867859 0.791467547416687
0.8183807134628296 0.734156608581543 0.6191402673721313
2.0990865230560303 2.1126770973205566 1.7081211805343628
3.1041016578674316 3.1618525981903076 2.9741714000701904
1.3835128545761108 1.1906776428222656 0.9026886820793152
1.2292299270629883 1.143065094947815 1.0196492671966553
1.012251377105713 0.7719806432723999 0.6044238805770874
0.7666763067245483 0.7045319676399231 0.6612060070037842
1.0152915716171265 0.8955878019332886 0.7569748759269714
0.9373706579208374 0.9867183566093445 0.977897584438324
0.6477822661399841 0.5606064796447754 0.5212061405181885
0.580763041973114 0.489084392786026 0.4540518522262573
0.6793757677078247 0.6378074884414673 0.6324031352996826
0.9196023941040039 0.6801055073738098 0.5377357006072998
0.6149532794952393 0.5461999773979187 0.5448490381240845
0.5312049984931946 0.4233388304710388 0.40098562836647034
0.68012934923172 0.6576088666915894 0.6464539170265198
0.7398597002029419 0.5688504576683044 0.48958805203437805
1.3726736307144165 1.3722106218338013 1.2640446424484253
2.2613282203674316 1.8111919164657593 1.5469340085983276
1.2565873861312866 0.9476708769798279 0.7317034602165222
2.6687564849853516 2.292447566986084 2.038109064102173
1.658219814300537 1.2894055843353271 1.0126895904541016
2.2622196674346924 2.280467987060547 2.0490193367004395
2.822470188140869 2.3272292613983154 1.8813434839248657
3.02500319480896 2.754572629928589 2.2651665210723877
2.781613349914551 2.696070909500122 2.2969794273376465
2.4947080612182617 2.546205520629883 2.0418455600738525
1.5598324537277222 1.4131348133087158 1.2001113891601562
0.6036916375160217 0.5539137721061707 0.5231861472129822
0.8501406908035278 0.8125511407852173 0.7012527585029602
1.8039579391479492 1.8163541555404663 1.5659958124160767
1.227020502090454 1.258630394935608 1.1895815134048462
1.0399653911590576 1.0342521667480469 0.8547069430351257
1.6844127178192139 1.7623910903930664 1.5652296543121338
1.8681793212890625 1.8778477907180786 1.5666967630386353
0.8491907715797424 0.6871563792228699 0.5428940057754517
2.2085046768188477 2.0870919227600098 1.6885939836502075
0.9156993627548218 0.7770933508872986 0.6592983603477478
1.1706552505493164 0.9205260276794434 0.691560685634613
1.0429158210754395 0.987444281578064 0.9123920202255249
2.3205630779266357 1.926303744316101 1.5391467809677124
1.5703544616699219 1.1942979097366333 0.9680759310722351
1.3197799921035767 0.9885047078132629 0.8064809441566467
0.7107322216033936 0.5457466840744019 0.4668658673763275
0.5652674436569214 0.4685443043708801 0.4397914409637451
0.743808925151825 0.7420449256896973 0.732496440410614
1.0209870338439941 0.7658671140670776 0.6010292768478394
0.9023650884628296 0.8494632840156555 0.7571709752082825
1.5061612129211426 1.4808138608932495 1.3464138507843018
1.54020357131958 1.2680038213729858 1.1233766078948975
0.7600300312042236 0.6534934043884277 0.6043214201927185
1.5353399515151978 1.1599979400634766 0.9086271524429321
1.046787977218628 0.8063664436340332 0.6247110366821289
3.031416893005371 2.933500289916992 2.4416284561157227
1.889723777770996 1.4532417058944702 1.1740777492523193
2.362614154815674 1.989530086517334 1.6014496088027954
1.8938337564468384 1.619289755821228 1.3767211437225342
3.2575550079345703 3.1592087745666504 2.7105014324188232
1.7369519472122192 1.4644709825515747 1.1632710695266724
2.434600591659546 2.4088947772979736 1.9839448928833008
1.7458949089050293 1.66371750831604 1.3359266519546509
0.7635992765426636 0.713356614112854 0.6348146200180054
0.9459640979766846 0.988599419593811 0.9528220891952515
2.302264451980591 2.2741096019744873 1.7637032270431519
1.1763591766357422 1.2061673402786255 1.017376184463501
2.540201187133789 2.5451834201812744 2.121265172958374
2.272740602493286 2.2624289989471436 1.8589704036712646
1.9711410999298096 1.789858102798462 1.3589996099472046
2.522836923599243 2.3100366592407227 1.8319514989852905
1.215226650238037 1.2295258045196533 1.1523404121398926
1.2618491649627686 1.1072331666946411 0.9061142802238464
2.1522867679595947 1.8357478380203247 1.3616153001785278
2.499035596847534 2.1262364387512207 1.7598600387573242
1.9112530946731567 1.4644663333892822 1.0669904947280884
1.4675617218017578 1.2993072271347046 1.1554853916168213
0.9044695496559143 0.7364149689674377 0.565656304359436
1.0960116386413574 0.7884583473205566 0.5987414717674255
1.4679245948791504 1.1704868078231812 1.0109426975250244
1.2672994136810303 1.114471673965454 0.9831559062004089
1.7530854940414429 1.4288396835327148 1.2325161695480347
3.6260769367218018 3.587801456451416 3.4033608436584473
2.563579797744751 2.444952964782715 2.289914846420288
3.0261077880859375 2.611051321029663 2.223695755004883
3.0865015983581543 3.1867048740386963 3.178990364074707
3.3469762802124023 3.3312575817108154 3.1871068477630615
1.6337883472442627 1.3924368619918823 1.1531471014022827
3.161062717437744 2.8086233139038086 2.3204870223999023
3.3548243045806885 3.0539603233337402 2.5647292137145996
3.250558376312256 3.01029372215271 2.4658637046813965
3.508840560913086 3.4876041412353516 3.32328462600708
2.8529458045959473 2.568519353866577 2.02850341796875
3.051372766494751 2.898519277572632 2.3614232540130615
2.1571764945983887 1.8925936222076416 1.546909213066101
1.0680711269378662 0.9041646718978882 0.6925013065338135
1.6028320789337158 1.5747846364974976 1.2565150260925293
1.2823455333709717 1.2385658025741577 0.9946165084838867
1.4324342012405396 1.4294885396957397 1.3193988800048828
3.3732666969299316 3.40494441986084 3.2841193675994873
1.8019704818725586 1.7811962366104126 1.3563331365585327
2.5559678077697754 2.4591102600097656 1.9975098371505737
2.0600903034210205 1.9722226858139038 1.4304078817367554
2.7174835205078125 2.6744697093963623 2.157684326171875
1.8818312883377075 1.627878189086914 1.2105737924575806
1.4928773641586304 1.167168140411377 0.8705724477767944
1.620513916015625 1.3304738998413086 1.0127302408218384
1.3760266304016113 1.0437785387039185 0.8339747190475464
2.1485564708709717 1.6399943828582764 1.2026302814483643
1.8323071002960205 1.3770627975463867 1.013685703277588
0.8461123704910278 0.6185635924339294 0.4793621897697449
1.0476473569869995 0.9157994389533997 0.7706120610237122
1.1034998893737793 1.0493836402893066 0.9498937129974365
2.9857521057128906 2.42140531539917 1.964532732963562
2.3854238986968994 2.1110053062438965 1.8316185474395752
1.894645094871521 1.9634838104248047 1.9757132530212402
1.753758192062378 1.6673510074615479 1.4860460758209229
1.859842300415039 1.8746048212051392 1.7485175132751465
2.024932622909546 1.9941377639770508 1.5440213680267334
2.0922086238861084 2.120806932449341 2.0983943939208984
2.2571849822998047 1.7015351057052612 1.2531450986862183
1.9819025993347168 1.5560904741287231 1.2331914901733398
3.574373245239258 3.62579607963562 3.548516035079956
3.694287061691284 3.7252984046936035 3.5887255668640137
2.4590351581573486 2.09448504447937 1.7195016145706177
2.919586658477783 2.7978579998016357 2.304107904434204
2.904778003692627 2.6905338764190674 2.1511282920837402
2.6110427379608154 2.43009352684021 1.906978964805603
1.4901444911956787 1.3070446252822876 1.0260313749313354
0.9710848331451416 0.8404995203018188 0.6218152046203613
1.3723881244659424 1.337167501449585 1.1991872787475586
2.315648078918457 2.3816282749176025 2.2318270206451416
1.9512369632720947 1.9945087432861328 1.5885621309280396
1.5678044557571411 1.4545108079910278 1.184696078300476
1.6310594081878662 1.640608787536621 1.2523032426834106
3.5612592697143555 3.571384906768799 3.424846887588501
2.346796989440918 2.337543249130249 2.029790163040161
2.876624345779419 2.966031551361084 2.913637399673462
1.3102266788482666 0.9325287938117981 0.6646555662155151
1.1847834587097168 0.8490444421768188 0.6494833827018738
1.6776793003082275 1.310396432876587 1.046217679977417
1.5388681888580322 1.100549340248108 0.7572982311248779
1.720678448677063 1.5289442539215088 1.3633133172988892
1.960700273513794 1.5973838567733765 1.3346494436264038
2.9391870498657227 3.0339081287384033 3.0712149143218994
3.5393612384796143 3.440758228302002 3.2110838890075684
1.3940523862838745 1.0205315351486206 0.7589881420135498
1.4427794218063354 1.5454225540161133 1.5278555154800415
1.2562462091445923 1.2192165851593018 1.1248775720596313
2.535231828689575 2.14047908782959 1.8619734048843384
2.1632378101348877 1.5990911722183228 1.2072442770004272
1.6385842561721802 1.7514337301254272 1.772462010383606
1.4898390769958496 1.4951318502426147 1.3297725915908813
3.1727254390716553 2.9251413345336914 2.4520368576049805
3.840162992477417 3.8596153259277344 3.783301830291748
3.5816650390625 3.579120635986328 3.372647285461426
1.488021731376648 1.12733793258667 0.8020131587982178
2.4228169918060303 2.0206451416015625 1.5170116424560547
2.5526375770568848 2.285856246948242 1.7852509021759033
1.6293058395385742 1.2869147062301636 0.9450488090515137
1.6621570587158203 1.3805011510849 1.0943646430969238
0.6790093779563904 0.5977092385292053 0.5508330464363098
1.1410882472991943 1.0445760488510132 0.8058485984802246
2.508251428604126 2.56642484664917 2.4133894443511963
1.5043079853057861 1.5529409646987915 1.282007098197937
1.3858362436294556 1.4051227569580078 1.1965399980545044
1.1627583503723145 1.028842806816101 0.8380389213562012
3.247986316680908 3.1933953762054443 2.837437629699707
3.8523855209350586 3.832850456237793 3.7395946979522705
2.903046131134033 2.827047348022461 2.3402576446533203
2.486734390258789 2.2688653469085693 1.7287428379058838
2.028914451599121 1.5476329326629639 1.209150791168213
0.7073590159416199 0.5881392955780029 0.5039385557174683
1.3319001197814941 1.2887738943099976 1.1277815103530884
2.4726598262786865 2.016249656677246 1.5222525596618652
1.7426083087921143 1.6932446956634521 1.6304676532745361
3.968475103378296 3.950223207473755 3.856983184814453
4.105958461761475 4.063048839569092 3.9305217266082764
3.8383355140686035 3.861339569091797 3.78279972076416
1.4919072389602661 1.4115089178085327 1.1916295289993286
1.7473658323287964 1.2893825769424438 0.9614611268043518
2.0388522148132324 1.7122246026992798 1.4905930757522583
2.565962314605713 2.012460470199585 1.6656771898269653
1.3502111434936523 1.0792450904846191 0.8755988478660583
2.83005690574646 2.8706958293914795 2.800166368484497
2.723151445388794 2.1044676303863525 1.481847882270813
2.1539244651794434 1.7517566680908203 1.414595603942871
2.2074177265167236 2.2243027687072754 1.7621104717254639
1.1655877828598022 0.9023897647857666 0.707081139087677
1.0219866037368774 0.7878151535987854 0.5674371719360352
1.2476773262023926 0.9211705327033997 0.6846641302108765
2.206454038619995 1.8968554735183716 1.4482899904251099
1.1001845598220825 1.1575878858566284 1.0573055744171143
1.9995083808898926 1.9681768417358398 1.521642804145813
1.7780526876449585 1.7299808263778687 1.4773012399673462
2.857339859008789 2.847818374633789 2.483924627304077
2.794034957885742 2.708376407623291 2.235348701477051
1.9757120609283447 1.980118751525879 1.8159486055374146
2.6107287406921387 2.6707265377044678 2.592782735824585
3.9286744594573975 3.9163706302642822 3.8489062786102295
4.073151588439941 4.009825229644775 3.8366243839263916
3.7902042865753174 3.7784602642059326 3.674130916595459
3.948209285736084 3.896925449371338 3.7636868953704834
1.7382253408432007 1.67376708984375 1.4302383661270142
1.6385174989700317 1.2122077941894531 0.8421785235404968
1.4980599880218506 1.152143955230713 0.8638728260993958
1.414757490158081 1.361465334892273 1.2134671211242676
3.184509515762329 2.9627797603607178 2.643923044204712
3.6717514991760254 3.6865603923797607 3.631896495819092
4.249980449676514 4.1871724128723145 4.052650451660156
2.7772300243377686 2.5693109035491943 2.238036632537842
2.43523907661438 1.7137508392333984 1.2210264205932617
2.108077049255371 2.0268490314483643 1.7511118650436401
1.8252595663070679 1.3764126300811768 1.0516657829284668
3.4385945796966553 3.1628434658050537 2.7110838890075684
1.5895124673843384 1.61338210105896 1.417762279510498
3.1019699573516846 2.995344400405884 2.7639458179473877
3.252241611480713 3.1180202960968018 2.792675495147705
1.5083155632019043 1.3010722398757935 1.0642979145050049
1.1596161127090454 1.002816915512085 0.8406951427459717
0.5685556530952454 0.4701979160308838 0.439287006855011
1.3634952306747437 1.014910101890564 0.768100917339325
2.01432728767395 1.7049447298049927 1.2683203220367432
1.835052728652954 1.5758122205734253 1.2732051610946655
1.2809085845947266 1.065809965133667 0.7744653224945068
0.5453206300735474 0.4865364730358124 0.4430973529815674
0.7754228115081787 0.6972949504852295 0.5743516683578491
3.0271413326263428 2.9369349479675293 2.4720757007598877
3.1360626220703125 3.0778887271881104 2.7370073795318604
2.170924186706543 2.0089550018310547 1.5385452508926392
3.229283332824707 3.2751076221466064 3.082304000854492
2.1385276317596436 2.112143039703369 1.9709285497665405
3.4950737953186035 3.5214345455169678 3.4310011863708496
1.5956608057022095 1.5768064260482788 1.404736876487732
3.2750275135040283 3.0934529304504395 2.598249912261963
2.3789684772491455 2.2663607597351074 1.9136191606521606
2.8028271198272705 2.320901870727539 1.7583297491073608
3.1606545448303223 2.609647035598755 1.9505517482757568
3.3872177600860596 2.9879162311553955 2.4830071926116943
3.5151376724243164 3.2552995681762695 2.7925126552581787
2.808464527130127 2.7570736408233643 2.23234486579895
2.548456907272339 2.4036107063293457 2.0015578269958496
3.0904719829559326 3.0744035243988037 3.0012094974517822
2.605477809906006 1.84306800365448 1.3739298582077026
3.32053804397583 2.870405912399292 2.324434518814087
2.9856677055358887 2.4019219875335693 1.8240715265274048
3.557541847229004 3.2188642024993896 2.619546890258789
3.472208261489868 3.302726984024048 2.9191179275512695
3.188920736312866 3.181168794631958 3.097667694091797
2.1160190105438232 2.0621178150177 1.9564650058746338
2.2363314628601074 2.218724012374878 2.131843328475952
2.4436144828796387 2.423736333847046 1.8997586965560913
0.9532377123832703 0.6853466629981995 0.502475380897522
1.1042356491088867 0.8311707377433777 0.5933431386947632
1.8494433164596558 1.4165170192718506 1.0013039112091064
1.6464979648590088 1.620896339416504 1.4733541011810303
1.5366992950439453 1.4981818199157715 1.2295300960540771
0.8882845044136047 0.8398818969726562 0.7030395865440369
1.045161247253418 0.9376051425933838 0.7065903544425964
1.2495096921920776 1.207950234413147 0.9674512147903442
2.875425100326538 2.7243309020996094 2.1520416736602783
1.438625454902649 1.4385288953781128 1.1246330738067627
2.6239888668060303 2.6057519912719727 2.138836145401001
3.5012645721435547 3.4108002185821533 3.1140758991241455
3.74830961227417 3.662330389022827 3.3788251876831055
1.4939545392990112 1.4624849557876587 1.3408973217010498
3.1744959354400635 2.830742597579956 2.2236409187316895
1.74578058719635 1.4239481687545776 1.0388820171356201
2.814668655395508 2.538593053817749 2.059326171875
3.6743853092193604 3.4577927589416504 3.082399845123291
4.111613750457764 4.007762432098389 3.785820960998535
3.329069137573242 3.177403688430786 2.8358826637268066
3.3855276107788086 3.0561373233795166 2.591341972351074
2.9439103603363037 2.789401054382324 2.502523899078369
2.2502968311309814 2.163095235824585 1.701615571975708
1.9782947301864624 1.4414024353027344 1.0750552415847778
2.8333957195281982 2.083988904953003 1.5351099967956543
3.1954402923583984 2.6529581546783447 2.122785806655884
4.0077691078186035 3.9481935501098633 3.7359962463378906
3.8691558837890625 3.822136163711548 3.663661479949951
3.722921371459961 3.7381343841552734 3.6505627632141113
2.3359620571136475 2.3558084964752197 2.264289140701294
2.0031309127807617 1.901962399482727 1.7886334657669067
2.8107922077178955 2.715998411178589 2.3116111755371094
1.5679152011871338 1.2133511304855347 0.9303219318389893
0.9277361035346985 0.9288166761398315 0.7717039585113525
0.7033080458641052 0.6369184851646423 0.5622736215591431
0.6429065465927124 0.5312355756759644 0.47337573766708374
0.8528613448143005 0.7749107480049133 0.6412889957427979
1.3595302104949951 1.189125657081604 0.8628209233283997
1.7536461353302002 1.6743435859680176 1.3567016124725342
1.3607211112976074 1.3373854160308838 1.0509862899780273
2.3008575439453125 2.1854543685913086 1.648612380027771
3.200831890106201 3.0055410861968994 2.4934613704681396
3.7174911499023438 3.718435525894165 3.5461199283599854
1.8862075805664062 1.8706363439559937 1.7124927043914795
2.1199402809143066 2.165652275085449 1.5845714807510376
1.0190213918685913 0.8956159353256226 0.7562491297721863
3.1026687622070312 2.742379903793335 2.1252338886260986
0.9551098346710205 0.7427363991737366 0.5605862140655518
3.0584537982940674 2.7652065753936768 2.405186653137207
2.127758264541626 1.7487596273422241 1.4629933834075928
3.469679594039917 3.3205814361572266 3.0037789344787598
3.7700037956237793 3.5646145343780518 3.2155706882476807
1.90376615524292 1.753301739692688 1.5542722940444946
2.6107239723205566 2.61657452583313 2.0715153217315674
3.1869022846221924 2.9191062450408936 2.495542287826538
2.677516460418701 2.419226884841919 2.007152557373047
2.0762619972229004 1.526361107826233 1.0644100904464722
3.6057488918304443 3.3052611351013184 2.8530423641204834
2.9522812366485596 2.5634305477142334 2.018162488937378
2.5366265773773193 2.2460992336273193 1.9507145881652832
3.106680154800415 2.5156397819519043 1.9365822076797485
2.492109537124634 2.463489294052124 2.2030763626098633
1.3488726615905762 1.327939510345459 1.1834737062454224
1.6753439903259277 1.7054067850112915 1.6353998184204102
1.7297301292419434 1.456351637840271 1.2605003118515015
2.587876796722412 2.53933048248291 1.9495173692703247
2.223371982574463 2.1501238346099854 1.5949689149856567
2.0604724884033203 2.040966033935547 1.7653452157974243
1.0440131425857544 1.032658338546753 0.8942916393280029
1.7270253896713257 1.5694547891616821 1.1929126977920532
1.9577668905258179 1.843839406967163 1.4135185480117798
2.190652847290039 2.215182065963745 1.7422925233840942
3.5352845191955566 3.386363983154297 2.9725229740142822
2.977083921432495 2.9975857734680176 2.6589317321777344
1.920404076576233 1.9641793966293335 1.465827465057373
2.555602788925171 2.5737721920013428 1.9933604001998901
0.8564079999923706 0.772540271282196 0.653375506401062
1.8717831373214722 1.8337068557739258 1.3767666816711426
3.2616472244262695 2.8673346042633057 2.303488254547119
1.2286791801452637 1.1901386976242065 1.0506587028503418
1.968888521194458 1.5413249731063843 1.1065508127212524
2.435075521469116 2.08872389793396 1.7290478944778442
2.7668237686157227 2.7063064575195312 2.3822243213653564
2.474827527999878 2.493433952331543 1.9751322269439697
2.2661426067352295 1.7645865678787231 1.3458421230316162
1.2527782917022705 0.9226195216178894 0.6380580067634583
1.6145285367965698 1.1790564060211182 0.7694860696792603
3.8381052017211914 3.680445671081543 3.393123149871826
1.322923183441162 0.9601237773895264 0.7073624134063721
1.7891137599945068 1.7297453880310059 1.3701355457305908
2.3776159286499023 2.2997045516967773 1.7818554639816284
2.562073230743408 2.5639116764068604 2.4685473442077637
1.032915711402893 0.8866990208625793 0.6696968674659729
3.3967983722686768 3.0364692211151123 2.4547603130340576
3.1042428016662598 2.956226348876953 2.5408670902252197
2.631481885910034 2.5903186798095703 2.1175246238708496
1.893720269203186 1.9003262519836426 1.5153495073318481
2.0001399517059326 1.707742691040039 1.4256079196929932
1.857118844985962 1.850129246711731 1.7011245489120483
2.237380266189575 2.165079355239868 1.852310299873352
1.8287383317947388 1.736715316772461 1.399781346321106
1.5381922721862793 1.3651061058044434 1.0811707973480225
1.432319164276123 1.267921805381775 0.941802978515625
2.324930191040039 2.320598840713501 1.829974889755249
2.9270970821380615 2.84295392036438 2.184431552886963
2.453456163406372 2.4669721126556396 1.8975749015808105
2.4187331199645996 2.417207956314087 2.198225736618042
1.8877835273742676 1.7475645542144775 1.2914481163024902
0.6786577105522156 0.570204496383667 0.4581788182258606
1.1153130531311035 0.9047420024871826 0.6721011400222778
1.806207537651062 1.5843077898025513 1.1062167882919312
1.2811180353164673 1.0182909965515137 0.7453827857971191
2.0341429710388184 1.9619978666305542 1.7826560735702515
2.0801162719726562 1.958285927772522 1.4854618310928345
3.3809614181518555 3.3793671131134033 3.244992256164551
2.638737201690674 2.0836021900177 1.3912583589553833
1.766049861907959 1.259822964668274 0.8274956941604614
1.0714482069015503 0.7903729677200317 0.5415796041488647
0.9125996232032776 0.7339202165603638 0.5618487000465393
1.1560806035995483 1.0471855401992798 0.9536649584770203
1.4829989671707153 1.1147575378417969 0.7766982316970825
1.5899691581726074 1.492607831954956 1.2364145517349243
2.466679096221924 1.8382186889648438 1.3099430799484253
1.8529510498046875 1.5833840370178223 1.164801001548767
3.8561289310455322 3.7911298274993896 3.5619618892669678
3.5258567333221436 3.555199384689331 3.43735933303833
1.2298167943954468 1.1654877662658691 1.0203615427017212
2.987626075744629 2.8157966136932373 2.385286808013916
2.0183627605438232 1.6238656044006348 1.2428830862045288
1.523924708366394 1.149538278579712 0.8323993682861328
1.6704044342041016 1.2832159996032715 0.8979921936988831
1.2118879556655884 1.2802730798721313 1.1324334144592285
1.406683325767517 1.405880331993103 1.2420605421066284
1.5232601165771484 1.5065444707870483 1.3975380659103394
2.1604180335998535 2.031374454498291 1.568693995475769
1.6169747114181519 1.6491286754608154 1.2291730642318726
2.709151029586792 2.563476324081421 1.9146510362625122
2.086437463760376 2.093093156814575 1.5133174657821655
3.3828516006469727 3.2801380157470703 2.9258322715759277
3.382262945175171 3.1615819931030273 2.6435494422912598
1.7325880527496338 1.6780296564102173 1.4217313528060913
0.9514521956443787 0.8325978517532349 0.6517006158828735
1.3185228109359741 1.1157742738723755 0.8278370499610901
0.7904453277587891 0.687606155872345 0.5314125418663025
2.149625778198242 1.714349627494812 1.1516395807266235
3.805832862854004 3.7480664253234863 3.5678672790527344
2.853602886199951 2.8782732486724854 2.7983288764953613
2.816999673843384 2.3257668018341064 1.7428594827651978
2.74951434135437 2.222745895385742 1.5354658365249634
1.7352813482284546 1.4193209409713745 1.0366575717926025
1.5043591260910034 1.3481438159942627 1.040523648262024
2.079767942428589 1.7117382287979126 1.2601333856582642
3.2866437435150146 2.7782135009765625 2.1313576698303223
2.902130365371704 2.2655465602874756 1.7026383876800537
0.7407857179641724 0.6925323009490967 0.5635011196136475
2.0548298358917236 1.8769755363464355 1.3585363626480103
3.0753681659698486 2.9517147541046143 2.3152031898498535
4.088625907897949 4.011411190032959 3.8336994647979736
3.407888650894165 3.286818742752075 3.0589544773101807
4.177377700805664 4.107505798339844 3.9407992362976074
2.8107848167419434 2.7178492546081543 2.1925160884857178
1.9909420013427734 1.47109055519104 1.0466070175170898
1.7249387502670288 1.4646904468536377 1.0703434944152832
0.8221787214279175 0.630715012550354 0.4973191022872925
0.6025382280349731 0.5446106195449829 0.46550366282463074
1.2028390169143677 1.1773717403411865 0.9183359146118164
2.978633165359497 2.8466477394104004 2.2127954959869385
2.7828822135925293 2.766843795776367 2.3269736766815186
3.8101565837860107 3.7882275581359863 3.683016538619995
3.5892980098724365 3.565352201461792 3.327122449874878
3.2348227500915527 3.2247462272644043 3.024918794631958
2.267575979232788 2.0396811962127686 1.3784455060958862
1.1286195516586304 1.1001149415969849 0.9227626323699951
2.4478633403778076 2.4224863052368164 1.7810099124908447
3.317735433578491 3.3093159198760986 3.145432710647583
2.575450897216797 2.581141471862793 2.334446668624878
2.70223331451416 2.733607053756714 2.665947198867798
3.541832208633423 3.1887621879577637 2.600950002670288
3.3525638580322266 2.9456374645233154 2.3009467124938965
2.469567060470581 2.2914812564849854 1.921723484992981
2.933424234390259 2.8327574729919434 2.1897096633911133
3.763005256652832 3.7571842670440674 3.6534101963043213
3.976961135864258 3.8662519454956055 3.605492115020752
4.228210926055908 4.188159942626953 4.001674175262451
3.5103962421417236 3.093639850616455 2.5054619312286377
3.5206778049468994 3.3633553981781006 3.0344772338867188
2.1049129962921143 1.9026154279708862 1.6392017602920532
2.8032257556915283 2.6492767333984375 2.4475786685943604
2.817209005355835 2.7718231678009033 2.119786500930786
2.624727249145508 2.5460026264190674 2.206300735473633
3.4422285556793213 3.4251387119293213 3.290719509124756
3.3080432415008545 3.1736676692962646 2.9267423152923584
2.7776620388031006 2.6262009143829346 1.9358670711517334
2.284660577774048 1.8525341749191284 1.353468894958496
1.3182958364486694 1.0404109954833984 0.7340600490570068
1.1569031476974487 0.9861927628517151 0.6959187984466553
1.4230107069015503 1.3203915357589722 1.1134390830993652
0.879969596862793 0.7287182211875916 0.5449144244194031
2.3633275032043457 2.2794313430786133 1.8886795043945312
2.7307655811309814 2.7212347984313965 2.1397645473480225
3.112759828567505 3.0890791416168213 2.8953187465667725
2.9236867427825928 2.877225399017334 2.3546502590179443
2.32812762260437 2.2719199657440186 2.0367231369018555
1.6616008281707764 1.546209454536438 1.0894423723220825
1.4202768802642822 1.2318695783615112 0.8864921927452087
1.470238447189331 1.4739118814468384 1.2312116622924805
1.7597568035125732 1.807692050933838 1.4369494915008545
1.3725483417510986 1.28999662399292 1.0908044576644897
2.9062411785125732 2.65572452545166 2.1979897022247314
4.186812400817871 4.098951816558838 3.917022466659546
1.7032393217086792 1.6065480709075928 1.3018442392349243
2.537001848220825 2.4271492958068848 2.19930362701416
3.109799385070801 2.9405007362365723 2.3730175495147705
3.846465826034546 3.5541813373565674 3.1029911041259766
3.3051459789276123 3.205868721008301 2.975630521774292
3.87076735496521 3.7569127082824707 3.462218761444092
4.075706481933594 3.993027925491333 3.746814250946045
3.6378824710845947 3.636779546737671 3.5461645126342773
3.880889654159546 3.678551435470581 3.229387044906616
3.4637956619262695 3.2142810821533203 2.685044050216675
3.687269449234009 3.5194571018218994 3.1401665210723877
3.266777753829956 2.864135265350342 2.247515916824341
3.156794786453247 2.7127363681793213 2.1349010467529297
3.652881622314453 3.4086709022521973 2.994093179702759
2.573927640914917 2.10935115814209 1.6240298748016357
2.068922519683838 1.8328635692596436 1.250910997390747
2.4343159198760986 2.2735366821289062 1.6616989374160767
2.2960333824157715 2.084242820739746 1.367274522781372
1.6369388103485107 1.6014516353607178 1.3591969013214111
3.0215258598327637 2.889035940170288 2.3256587982177734
3.4912123680114746 3.379711151123047 3.053898572921753
3.0045602321624756 2.924057960510254 2.415297031402588
3.5146021842956543 3.4456560611724854 3.1320204734802246
2.0085339546203613 1.950693964958191 1.3542392253875732
2.6171624660491943 2.5752861499786377 2.111924648284912
1.656483769416809 1.6473844051361084 1.273422360420227
2.163527488708496 2.130919933319092 1.7033061981201172
3.640313148498535 3.505366086959839 3.2094545364379883
1.803694725036621 1.820252776145935 1.5316767692565918
3.3888967037200928 3.299987554550171 2.973043918609619
3.15224027633667 3.1403744220733643 2.9978249073028564
3.2363641262054443 3.0863780975341797 2.7103726863861084
1.9367526769638062 1.91205632686615 1.5782157182693481
3.0229573249816895 2.455528974533081 1.716087818145752
2.2681825160980225 1.9449840784072876 1.3548557758331299
3.62673020362854 3.499403238296509 3.1473546028137207
3.3257534503936768 3.069519519805908 2.522949457168579
3.043893337249756 2.9658217430114746 2.789957046508789
2.9099512100219727 2.8197622299194336 2.3392558097839355
3.3357322216033936 3.31500244140625 3.201169490814209
3.762394905090332 3.426502227783203 2.8782715797424316
3.556516170501709 3.513054847717285 3.404308557510376
3.690828800201416 3.616091728210449 3.3518710136413574
3.978311538696289 3.8803117275238037 3.641756772994995
3.6241421699523926 3.2886898517608643 2.693478584289551
2.6822221279144287 2.441300630569458 1.8695746660232544
3.3700554370880127 3.1312475204467773 2.5487008094787598
2.3285937309265137 1.9584453105926514 1.6230356693267822
1.9476605653762817 1.673783302307129 1.165014386177063
1.830306053161621 1.5881675481796265 1.0802068710327148
1.632530689239502 1.4478927850723267 1.062153935432434
2.7428646087646484 2.6215460300445557 2.149982452392578
3.816321849822998 3.7383816242218018 3.5332322120666504
3.179492712020874 2.996868371963501 2.415600299835205
3.375368356704712 3.19977068901062 2.79447865486145
2.3605196475982666 2.2970263957977295 1.6822932958602905
2.3731987476348877 2.1927547454833984 1.5070617198944092
1.5066173076629639 1.3813613653182983 0.9640742540359497
3.184514045715332 3.1049880981445312 2.6281416416168213
2.364475965499878 2.2985892295837402 1.9048874378204346
2.162584066390991 2.1142375469207764 1.827230453491211
2.970761299133301 2.6361289024353027 1.9284014701843262
2.3366141319274902 2.0290262699127197 1.3292629718780518
2.6911282539367676 2.575313091278076 2.3412632942199707
2.5225026607513428 2.0171971321105957 1.4744763374328613
2.234008312225342 2.212996006011963 1.9383496046066284
2.5743021965026855 2.590381145477295 1.8329471349716187
3.445310354232788 3.1731979846954346 2.6825459003448486
3.4384701251983643 3.2586607933044434 2.924358367919922
3.3689067363739014 3.00058650970459 2.335895299911499
3.5281178951263428 3.4291834831237793 3.1640281677246094
3.1182467937469482 2.6142354011535645 2.02042555809021
2.9151089191436768 2.856128692626953 2.097933053970337
3.045675277709961 2.8933157920837402 2.574374198913574
2.889726161956787 2.383591413497925 1.8493244647979736
2.415705680847168 1.951141357421875 1.3239387273788452
2.716226100921631 2.1497910022735596 1.4954801797866821
2.626587152481079 2.320622205734253 1.7050615549087524
2.0376181602478027 1.9952106475830078 1.5468381643295288
0.725006639957428 0.6300733089447021 0.5047140121459961
0.9269077777862549 0.7715747952461243 0.5553833246231079
1.0333212614059448 0.832388162612915 0.6421740055084229
1.4237031936645508 1.325411081314087 0.9801419377326965
1.5239036083221436 1.4814094305038452 1.2044339179992676
3.75006365776062 3.680659294128418 3.4485063552856445
4.255180835723877 4.177170276641846 4.006392478942871
3.998659133911133 3.8875644207000732 3.6789357662200928
3.1131885051727295 2.8261797428131104 2.1924691200256348
3.5560429096221924 3.3336734771728516 2.892798900604248
3.547321319580078 3.2830677032470703 2.723773241043091
2.493570566177368 2.4452719688415527 2.061403274536133
3.0086913108825684 2.91617751121521 2.6481552124023438
3.499068260192871 3.460740566253662 3.254969835281372
3.551848888397217 3.3910136222839355 3.049808979034424
1.6796598434448242 1.696229338645935 1.1288232803344727
1.5381896495819092 1.5637891292572021 1.3130385875701904
1.793290376663208 1.53363037109375 1.1058263778686523
3.135059356689453 2.8239920139312744 2.0481979846954346
3.441441059112549 3.3636345863342285 3.043353796005249
2.669417142868042 2.6813862323760986 1.9952353239059448
3.6861109733581543 3.335184335708618 2.7797963619232178
2.688586950302124 2.5844974517822266 2.205930471420288
3.235165596008301 2.7860288619995117 2.2111659049987793
2.236079692840576 2.1565606594085693 1.637613296508789
2.4832420349121094 2.362323045730591 2.105781316757202
2.533661127090454 2.268559694290161 1.8505021333694458
3.226968288421631 3.1243484020233154 2.879556179046631
2.5457561016082764 2.0345945358276367 1.4423807859420776
2.818887710571289 2.286289930343628 1.6670843362808228
3.247359037399292 2.9550821781158447 2.394012689590454
2.5945606231689453 2.473874568939209 2.120591402053833
2.2820770740509033 2.228940725326538 1.841151475906372
2.142589569091797 1.9269640445709229 1.3727601766586304
2.320606231689453 2.1535019874572754 1.6046786308288574
1.7415752410888672 1.7032347917556763 1.3595190048217773
3.172977924346924 3.0023746490478516 2.597184419631958
3.427239179611206 3.2840051651000977 2.9553608894348145
4.3341779708862305 4.252170562744141 4.089201927185059
4.193290710449219 4.103929042816162 3.9033453464508057
3.9184165000915527 3.81207013130188 3.592327833175659
3.878330707550049 3.730635166168213 3.4093546867370605
1.828822135925293 1.6685938835144043 1.2219245433807373
3.387566566467285 3.0777881145477295 2.4041588306427
2.7505595684051514 2.40317440032959 1.7041741609573364
2.8577404022216797 2.5144283771514893 1.8199355602264404
2.742974042892456 2.748774290084839 2.044951915740967
1.4646772146224976 1.4264883995056152 1.0819995403289795
1.8047759532928467 1.7600982189178467 1.3120825290679932
1.552575945854187 1.5595365762710571 1.120867133140564
2.8498692512512207 2.789008855819702 2.5988545417785645
2.381699562072754 2.2643516063690186 1.7163424491882324
2.227193593978882 2.2177252769470215 1.818945050239563
3.0620217323303223 2.7521815299987793 2.1219635009765625
2.1816890239715576 2.011667013168335 1.5076444149017334
3.201488971710205 3.0363264083862305 2.3493993282318115
1.8471403121948242 1.730630874633789 1.2186111211776733
1.5533653497695923 1.471017599105835 1.0218498706817627
1.4737305641174316 1.2915234565734863 0.9280505776405334
2.1209986209869385 2.0434792041778564 1.6919853687286377
3.037383556365967 2.6306252479553223 1.8973124027252197
2.8902032375335693 2.455836772918701 1.885757327079773
2.836979627609253 2.6516592502593994 2.026097297668457
2.4367196559906006 2.379610538482666 1.8569039106369019
1.3806545734405518 1.21536386013031 0.9346123337745667
1.3022574186325073 1.1228221654891968 0.8501118421554565
3.169851303100586 2.9276556968688965 2.2339584827423096
3.643188953399658 3.576249837875366 3.349519729614258
3.5852291584014893 3.4712724685668945 3.133875846862793
4.182146072387695 4.111242294311523 3.9325459003448486
4.147347927093506 4.03366231918335 3.7955663204193115
4.079401969909668 3.962897300720215 3.736069440841675
3.3675696849823 3.110812187194824 2.5024640560150146
3.1887052059173584 3.007157325744629 2.555144786834717
2.6338467597961426 2.3619816303253174 1.662136197090149
3.0224156379699707 2.764721393585205 2.037576675415039
2.5378317832946777 2.458090305328369 1.85448157787323
2.560119867324829 2.292384624481201 1.546252965927124
1.6032168865203857 1.5106828212738037 1.0331851243972778
2.7284443378448486 2.477395534515381 1.859312653541565
1.3003110885620117 1.2773821353912354 0.9593530893325806
1.6960018873214722 1.6783698797225952 1.31070077419281
3.0864086151123047 2.9262075424194336 2.5568630695343018
4.3225016593933105 4.241999626159668 4.052227020263672
2.495622158050537 2.449859619140625 1.9784351587295532
3.2216756343841553 2.950622797012329 2.286892890930176
4.184478282928467 4.04170036315918 3.779240131378174
3.947953701019287 3.7493815422058105 3.3765625953674316
2.968489170074463 2.9331953525543213 2.3081507682800293
2.0635061264038086 1.9337599277496338 1.4051799774169922
1.3394594192504883 1.1622018814086914 0.8646991848945618
1.146227240562439 0.940051257610321 0.6937403678894043
1.2182655334472656 1.0772860050201416 0.7944247722625732
3.184816837310791 2.8257415294647217 2.053636074066162
3.466083526611328 3.1497325897216797 2.540722608566284
2.3751800060272217 2.307858467102051 2.017707586288452
1.8203502893447876 1.6213668584823608 1.2096426486968994
1.135594367980957 1.0931044816970825 0.8802372217178345
3.8915696144104004 3.805232048034668 3.5994043350219727
3.126997709274292 3.0702126026153564 2.7439682483673096
2.5096237659454346 2.3820197582244873 1.8903307914733887
4.054231643676758 3.9881644248962402 3.793421983718872
3.7036893367767334 3.4930529594421387 3.056079387664795
3.5822455883026123 3.5551247596740723 3.309135675430298
3.5929760932922363 3.4339113235473633 3.0532188415527344
2.3222708702087402 2.2808544635772705 1.797860026359558
2.7816267013549805 2.6184468269348145 1.8863136768341064
2.8424270153045654 2.822356700897217 2.281479835510254
3.1230075359344482 2.937666654586792 2.302489995956421
2.397109031677246 2.388241767883301 1.9111944437026978
1.9347094297409058 1.7314784526824951 1.229291558265686
3.2420899868011475 2.8854992389678955 2.153468132019043
2.106523036956787 1.9793864488601685 1.425247311592102
2.0533857345581055 1.9130263328552246 1.2912706136703491
3.1521637439727783 3.050467014312744 2.7825376987457275
3.670773506164551 3.559257984161377 3.2614474296569824
3.219024419784546 3.1155495643615723 2.506580114364624
2.586728811264038 2.4223647117614746 1.6660528182983398
2.8438010215759277 2.4444284439086914 1.9297717809677124
3.619609832763672 3.2653417587280273 2.6243693828582764
2.867943286895752 2.673023223876953 2.3323051929473877
2.4390251636505127 2.3564200401306152 1.7314059734344482
2.3341524600982666 2.1880483627319336 1.7186710834503174
2.670769453048706 2.4884183406829834 1.7666802406311035
2.4301860332489014 2.225910186767578 1.7999415397644043
2.2103750705718994 2.091135025024414 1.4035223722457886
2.9432268142700195 2.7607719898223877 2.151045799255371
1.8504124879837036 1.8118131160736084 1.4244084358215332
1.967185616493225 1.766146183013916 1.2808994054794312
2.7883710861206055 2.6868984699249268 2.350578546524048
3.982484817504883 3.872222900390625 3.663747787475586
3.346048593521118 3.1448938846588135 2.694822072982788
3.4484472274780273 3.2796740531921387 2.6757218837738037
3.621367931365967 3.535743474960327 3.175565481185913
3.7121827602386475 3.6223652362823486 3.3482649326324463
3.857614278793335 3.6343319416046143 3.1981003284454346
3.0008373260498047 2.882615327835083 2.3821818828582764
2.0985562801361084 2.0442726612091064 1.4388819932937622
2.1273813247680664 2.114344835281372 1.5966529846191406
1.943830132484436 1.952711820602417 1.5023776292800903
2.9815993309020996 2.800692319869995 2.3946850299835205
2.5688300132751465 2.469527006149292 2.086786985397339
2.406622886657715 2.235985517501831 1.5572447776794434
2.254991054534912 2.1378214359283447 1.4482207298278809
2.063966989517212 2.067840814590454 1.6454793214797974
2.846982479095459 2.7432656288146973 2.384510040283203
3.88533878326416 3.7897555828094482 3.5803964138031006
2.756826639175415 2.6165502071380615 2.2554056644439697
2.9255588054656982 2.615934133529663 1.8549119234085083
2.2896461486816406 2.1528518199920654 1.5893412828445435
3.58268404006958 3.4878926277160645 3.2180376052856445
3.925861358642578 3.6761159896850586 3.1898653507232666
3.164299726486206 3.062939167022705 2.8107194900512695
3.1487233638763428 3.0063488483428955 2.3576064109802246
3.315293073654175 3.0224971771240234 2.331568717956543
3.786358118057251 3.56473970413208 3.0787711143493652
3.6140377521514893 3.365600824356079 2.8640623092651367
3.33994197845459 3.036111354827881 2.4974160194396973
1.7787667512893677 1.7474008798599243 1.2998263835906982
1.5752390623092651 1.555259108543396 1.2007876634597778
1.6724647283554077 1.5914815664291382 1.2022144794464111
2.1985602378845215 2.107299566268921 1.7585445642471313
2.6419005393981934 2.5468428134918213 2.1702516078948975
2.5204615592956543 2.3989460468292236 2.0432581901550293
2.991434097290039 2.8801212310791016 2.430110454559326
2.9747772216796875 2.7679967880249023 2.1102983951568604
3.3769819736480713 3.3169796466827393 2.9661200046539307
3.351339817047119 3.1572611331939697 2.6796159744262695
2.944132089614868 2.7661705017089844 2.1900386810302734
2.6947972774505615 2.6475257873535156 2.145411252975464
1.389068841934204 1.415888786315918 1.1267415285110474
1.8602895736694336 1.8300397396087646 1.334410309791565
3.307138442993164 2.975285291671753 2.3044300079345703
0.9692955017089844 0.9405379295349121 0.7319202423095703
1.1101776361465454 1.0822534561157227 0.8246057629585266
0.8635061383247375 0.8741326928138733 0.6756169199943542
2.4481260776519775 2.3775272369384766 2.0505411624908447
4.021918296813965 3.8820178508758545 3.5767550468444824
3.7097361087799072 3.5200681686401367 3.040414571762085
3.790419340133667 3.6653289794921875 3.354069948196411
2.9637608528137207 2.8324429988861084 2.2748208045959473
1.9610555171966553 1.8680977821350098 1.339491844177246
3.02115797996521 2.8955249786376953 2.4474143981933594
3.5508310794830322 3.4090521335601807 3.0447235107421875
3.6946229934692383 3.394603729248047 2.8347225189208984
2.827950954437256 2.689607620239258 2.1024553775787354
3.0732760429382324 2.905735731124878 2.213794469833374
3.3327343463897705 3.2314035892486572 3.0124635696411133
3.99894380569458 3.923109531402588 3.7031872272491455
3.6697824001312256 3.6052629947662354 3.3183510303497314
3.0677459239959717 2.8909826278686523 2.4236831665039062
1.0268968343734741 0.925593912601471 0.7343056201934814
1.5020781755447388 1.4275826215744019 1.0659431219100952
1.9225091934204102 1.86488938331604 1.5140559673309326
2.588263988494873 2.5036418437957764 2.0059075355529785
2.6793689727783203 2.5800464153289795 1.9711271524429321
2.839892864227295 2.7052106857299805 2.133234977722168
2.9565746784210205 2.827740430831909 2.2109856605529785
3.790114641189575 3.6707794666290283 3.3246443271636963
3.284675359725952 3.1900272369384766 2.8118133544921875
2.8243956565856934 2.6709890365600586 2.0092203617095947
3.10817289352417 2.966184616088867 2.4127426147460938
3.292788028717041 3.0788044929504395 2.410292387008667
2.2413110733032227 2.2149221897125244 1.6566715240478516
2.594841241836548 2.4788148403167725 1.861122727394104
1.3638767004013062 1.2844679355621338 0.9736148715019226
1.1735173463821411 1.173641324043274 0.8930814266204834
1.894587755203247 1.8492698669433594 1.4236985445022583
3.073460102081299 2.9544765949249268 2.505311965942383
4.180318832397461 4.050319671630859 3.7899131774902344
3.917633056640625 3.7175118923187256 3.34560227394104
3.3465561866760254 3.1956281661987305 2.8070497512817383
3.403827667236328 3.184755802154541 2.5258336067199707
3.14208984375 2.879829168319702 2.1857588291168213
3.893237352371216 3.745159149169922 3.43217134475708
3.730799674987793 3.582103967666626 3.157036066055298
3.4420084953308105 3.2249042987823486 2.6705896854400635
3.3465170860290527 3.1740195751190186 2.6136319637298584
3.101123809814453 2.9818308353424072 2.602051019668579
3.2866451740264893 3.1502466201782227 2.8416388034820557
3.6099603176116943 3.4347546100616455 2.9799678325653076
4.00554084777832 3.8224852085113525 3.4498207569122314
3.4431045055389404 3.276883602142334 2.866697311401367
3.097604513168335 2.888916015625 2.2115895748138428
2.312464952468872 2.144927501678467 1.5577874183654785
2.9061245918273926 2.8098394870758057 2.344217538833618
2.937483787536621 2.698789358139038 2.080721139907837
2.861342668533325 2.597191333770752 1.913827896118164
3.1141927242279053 2.9590587615966797 2.453616142272949
3.2098731994628906 3.0543901920318604 2.4711532592773438
3.9189453125 3.7448959350585938 3.4072933197021484
3.807067394256592 3.5752906799316406 3.0894198417663574
3.6098387241363525 3.418545961380005 2.917679786682129
3.6820967197418213 3.576428174972534 3.234313488006592
3.8765292167663574 3.69612455368042 3.348241090774536
3.5677876472473145 3.365027904510498 2.8319573402404785
3.028671979904175 2.8705196380615234 2.248483657836914
2.455536127090454 2.3776462078094482 1.809415340423584
2.983847141265869 2.7973592281341553 2.0919032096862793
2.633653163909912 2.6046030521392822 1.9689284563064575
3.2282843589782715 3.0748488903045654 2.422828197479248
3.8532755374908447 3.634164333343506 3.1737210750579834
4.089422702789307 3.956238269805908 3.6878554821014404
3.554730176925659 3.3777873516082764 2.898552417755127
3.2588205337524414 3.0751497745513916 2.4299449920654297
2.9551703929901123 2.632960319519043 2.015995740890503
2.381502389907837 2.2342007160186768 1.7304240465164185
2.5268025398254395 2.4228146076202393 1.8304184675216675
3.7090160846710205 3.477431058883667 2.9440503120422363
3.5537924766540527 3.2064714431762695 2.542349338531494
3.4105348587036133 3.123802423477173 2.45743989944458
3.4314048290252686 3.2173609733581543 2.770636796951294
3.8896641731262207 3.7231390476226807 3.3686068058013916
3.5357182025909424 3.2895917892456055 2.787168264389038
3.2754595279693604 3.097893476486206 2.6973838806152344
3.0349559783935547 2.81048321723938 2.16021466255188
2.7366394996643066 2.482926845550537 1.8109185695648193
2.7833361625671387 2.604966163635254 2.043799877166748
2.509387493133545 2.316406726837158 1.7216713428497314
2.4220235347747803 2.2088825702667236 1.6478002071380615
3.163867235183716 2.9185352325439453 2.3074376583099365
2.6205973625183105 2.404207229614258 1.7998828887939453
3.9864718914031982 3.8631649017333984 3.571253776550293
3.938810110092163 3.794735908508301 3.4781601428985596
3.4537253379821777 3.2730891704559326 2.773409128189087
3.5000927448272705 3.398731231689453 3.0476715564727783
3.6913936138153076 3.4828598499298096 3.010490894317627
3.197766065597534 3.040170431137085 2.658017873764038
3.444735050201416 3.1565895080566406 2.6228106021881104
2.770373582839966 2.638545513153076 1.9979262351989746
2.8167531490325928 2.728994369506836 2.2013673782348633
3.3409030437469482 3.140167474746704 2.5311450958251953
3.3160760402679443 3.179614782333374 2.702049493789673
3.1698827743530273 2.9672610759735107 2.3151609897613525
3.5098698139190674 3.3000550270080566 2.7577672004699707
3.0499227046966553 2.8522236347198486 2.35994553565979
2.826500177383423 2.7582554817199707 2.1061878204345703
2.945601463317871 2.833165407180786 2.201566696166992
2.698368787765503 2.5520012378692627 2.1289784908294678
2.592698574066162 2.4995553493499756 1.988437533378601
3.2421553134918213 3.0732526779174805 2.5636072158813477
3.452230453491211 3.284069538116455 2.9398579597473145
3.7340426445007324 3.5410614013671875 2.9631590843200684
3.6087961196899414 3.468247890472412 3.106882095336914
3.7930409908294678 3.615304946899414 3.133983850479126
3.5579302310943604 3.359943151473999 2.8983163833618164
3.8693552017211914 3.657410144805908 3.2640507221221924
3.189434051513672 2.9925217628479004 2.506579875946045
1.9341919422149658 1.8101176023483276 1.3178950548171997
2.009270191192627 1.9020960330963135 1.4231406450271606
2.036879062652588 1.9886505603790283 1.547637939453125
2.1986007690429688 2.0738654136657715 1.5308139324188232
2.7282307147979736 2.6326141357421875 2.128920078277588
2.39617919921875 2.2708675861358643 1.8307830095291138
