0.07056661903833401

0.273167222738266 0.3451163172721863
0.24606715142726898 0.38218507170677185
0.20669487118721008 0.4055423438549042
0.23303453624248505 0.4103524088859558
0.21866092085838318 0.4350343346595764
0.20533537864685059 0.4509884715080261
0.18579982221126556 0.4288698136806488
0.1799924373626709 0.4581950008869171
0.18977196514606476 0.4776366055011749
0.15037329494953156 0.45803025364875793
0.17112551629543304 0.49170294404029846
0.14037877321243286 0.4880305230617523
0.16046155989170074 0.5046220421791077
0.15187843143939972 0.51360684633255
0.1213979423046112 0.5009462833404541
0.14367449283599854 0.5234618782997131
0.11093801259994507 0.523870050907135
0.13851366937160492 0.5454187393188477
0.10284147411584854 0.5428489446640015
0.12079247087240219 0.5502021312713623
0.12899912893772125 0.5615010857582092
0.11271451413631439 0.5692224502563477
0.09998065233230591 0.5622872114181519
0.09708447009325027 0.5881744623184204
0.12207730859518051 0.583352267742157
0.1094084158539772 0.5942254662513733
0.12399810552597046 0.6051560640335083
0.11125637590885162 0.6258692145347595
0.13740505278110504 0.629543125629425
0.15361014008522034 0.6392344832420349
0.31415605545043945 0.31995803117752075
0.3001461923122406 0.3502667248249054
0.2807377278804779 0.3842678666114807
0.2699531316757202 0.4062916934490204
0.25764912366867065 0.4095483720302582
0.2543987035751343 0.42786359786987305
0.23699645698070526 0.4338909685611725
0.23490223288536072 0.4454610347747803
0.22051547467708588 0.45805028080940247
0.22030077874660492 0.4703569710254669
0.21071000397205353 0.474755197763443
0.1985827088356018 0.4825492799282074
0.18782532215118408 0.4956423342227936
0.18411172926425934 0.4992366433143616
0.17438086867332458 0.5082523822784424
0.18162178993225098 0.5168450474739075
0.1674938052892685 0.5203467011451721
0.1546386331319809 0.5353325605392456
0.14600682258605957 0.5404254198074341
0.15950508415699005 0.5443017482757568
0.1548105776309967 0.5534327030181885
0.1423034369945526 0.5533392429351807
0.1538838893175125 0.5748909115791321
0.13542239367961884 0.5763509273529053
0.15421324968338013 0.5880047678947449
0.1499829739332199 0.5971558690071106
0.14747542142868042 0.6115903854370117
0.16905981302261353 0.604843020439148
0.17930473387241364 0.6192423701286316
0.185357928276062 0.6456950306892395
0.34964603185653687 0.2875828742980957
0.3262122869491577 0.3512636423110962
0.3149159252643585 0.378090500831604
0.29689452052116394 0.3824159801006317
0.29395750164985657 0.3980187475681305
0.2867067754268646 0.41020169854164124
0.2762806713581085 0.42232730984687805
0.2641846835613251 0.43772831559181213
0.2575479745864868 0.44436582922935486
0.25175556540489197 0.45929500460624695
0.24515259265899658 0.4645426273345947
0.23500514030456543 0.47183889150619507
0.2244589477777481 0.48046520352363586
0.21449162065982819 0.4924704134464264
0.2174256145954132 0.5012415051460266
0.20583239197731018 0.5054194331169128
0.19418419897556305 0.5147086381912231
0.19130171835422516 0.5222508907318115
0.1831062138080597 0.5295605659484863
0.17027580738067627 0.5334585905075073
0.17479375004768372 0.5441122651100159
0.16688968241214752 0.5653534531593323
0.18016323447227478 0.566860020160675
0.17145824432373047 0.5768449902534485
0.18965522944927216 0.5783151984214783
0.1794765740633011 0.5911629796028137
0.18810994923114777 0.6002146601676941
0.20310795307159424 0.6097428202629089
0.2127406746149063 0.6367253065109253
0.24088838696479797 0.6545637249946594
0.3674662411212921 0.3205902576446533
0.3533087968826294 0.3401907682418823
0.34014618396759033 0.3659404516220093
0.3366597890853882 0.38700833916664124
0.314859539270401 0.3932207524776459
0.3103928565979004 0.40548422932624817
0.2992641031742096 0.4183803200721741
0.2909342348575592 0.43235257267951965
0.27976930141448975 0.441622793674469
0.2730964124202728 0.4522657096385956
0.26512813568115234 0.4624139964580536
0.2557871341705322 0.47324591875076294
0.24467281997203827 0.47579920291900635
0.24585109949111938 0.48761048913002014
0.2343803495168686 0.4894470274448395
0.22788739204406738 0.4990635812282562
0.2232232242822647 0.5101388096809387
0.21779826283454895 0.5180274248123169
0.21407020092010498 0.5293633341789246
0.19963707029819489 0.5443456768989563
0.19140326976776123 0.5512609481811523
0.21729016304016113 0.5457457304000854
0.19596096873283386 0.5591372847557068
0.2126847207546234 0.5600249767303467
0.2028348296880722 0.5822833180427551
0.21990510821342468 0.5891891121864319
0.22216318547725677 0.600026547908783
0.2416103333234787 0.6113473176956177
0.27896010875701904 0.6386340260505676
0.29539501667022705 0.6748967170715332
0.37934231758117676 0.2976047694683075
0.37448403239250183 0.3458935618400574
0.36355215311050415 0.35916391015052795
0.3562188744544983 0.37166300415992737
0.3516167104244232 0.39371079206466675
0.33320096135139465 0.3974570035934448
0.32582128047943115 0.41361069679260254
0.31757852435112 0.4155876040458679
0.31276053190231323 0.42834970355033875
0.29985347390174866 0.43655964732170105
0.2931461036205292 0.44512608647346497
0.2840366065502167 0.44766172766685486
0.2821975350379944 0.46375250816345215
0.26825377345085144 0.4670912027359009
0.25794172286987305 0.4802224338054657
0.253014475107193 0.49422210454940796
0.25074413418769836 0.5151631832122803
0.23622062802314758 0.5222530364990234
0.22481822967529297 0.535287618637085
0.23826563358306885 0.5281066298484802
0.23094475269317627 0.5496695637702942
0.24727286398410797 0.5455371737480164
0.22770437598228455 0.562993049621582
0.240983247756958 0.5680379271507263
0.24798761308193207 0.5868829488754272
0.2671767771244049 0.5765491724014282
0.26411890983581543 0.600297749042511
0.3103655278682709 0.6206470727920532
0.33073705434799194 0.6522623896598816
0.3619929254055023 0.7121647000312805
0.4139102101325989 0.2630223035812378
0.3917260468006134 0.32920560240745544
0.3867214322090149 0.3504224121570587
0.37644243240356445 0.3634757101535797
0.37047135829925537 0.37803566455841064
0.3627499043941498 0.38705089688301086
0.35606202483177185 0.3990614712238312
0.3419727683067322 0.41041481494903564
0.33499762415885925 0.42979347705841064
0.3202163279056549 0.42694395780563354
0.31483522057533264 0.4401012659072876
0.3055642247200012 0.4495551586151123
0.29437312483787537 0.45684823393821716
0.2892502546310425 0.4679962694644928
0.2854592800140381 0.48011314868927
0.2697319984436035 0.4872259199619293
0.2746562063694 0.5036123991012573
0.2628519833087921 0.5097501873970032
0.2708952724933624 0.5214521288871765
0.25772762298583984 0.532517671585083
0.2703835368156433 0.5367124080657959
0.28723710775375366 0.54058837890625
0.2636275887489319 0.5624375939369202
0.2930889129638672 0.5532593727111816
0.29058969020843506 0.5756174325942993
0.33414939045906067 0.5928543210029602
0.3566989302635193 0.6078143119812012
0.3660286068916321 0.6422759294509888
0.3806365728378296 0.6741934418678284
0.39952701330184937 0.7241256833076477
0.41305115818977356 0.29555895924568176
0.40898019075393677 0.32032981514930725
0.3991146981716156 0.34524473547935486
0.40038254857063293 0.35874438285827637
0.3926214277744293 0.37295058369636536
0.38318192958831787 0.3870086669921875
0.3745213747024536 0.3934031128883362
0.3675825893878937 0.40310952067375183
0.35984110832214355 0.40691623091697693
0.34832340478897095 0.41922527551651
0.3422626256942749 0.4366397559642792
0.328714519739151 0.4414103925228119
0.32335343956947327 0.4447730481624603
0.31301191449165344 0.4553545117378235
0.31469079852104187 0.46757328510284424
0.3002883493900299 0.48204946517944336
0.30393439531326294 0.49068114161491394
0.29097914695739746 0.5001102685928345
0.2920958995819092 0.520672082901001
0.30954381823539734 0.512630045413971
0.31787824630737305 0.5219315886497498
0.3229813575744629 0.5381134152412415
0.33273324370384216 0.5603649616241455
0.36291244626045227 0.5666876435279846
0.36948174238204956 0.5816261172294617
0.3869543969631195 0.6133553981781006
0.4002210795879364 0.6301612854003906
0.40895703434944153 0.6555804014205933
0.40784674882888794 0.6795667409896851
0.4357151389122009 0.7347508072853088
0.4357232451438904 0.30956393480300903
0.42667898535728455 0.3308335840702057
0.420511394739151 0.3443444073200226
0.41732898354530334 0.35753142833709717
0.41174060106277466 0.36817508935928345
0.4039624035358429 0.37875619530677795
0.3973245322704315 0.3912188410758972
0.38717976212501526 0.3971605598926544
0.3769756555557251 0.4097324013710022
0.3705889582633972 0.41860687732696533
0.3576452434062958 0.4254544675350189
0.36086782813072205 0.4303324818611145
0.3488578200340271 0.4420534372329712
0.34462255239486694 0.4519496560096741
0.33163997530937195 0.45975473523139954
0.3351341784000397 0.4716716408729553
0.32515963912010193 0.49268510937690735
0.34400925040245056 0.49712270498275757
0.33993828296661377 0.5125492215156555
0.3532334864139557 0.5174325704574585
0.35773664712905884 0.5357891917228699
0.3797363042831421 0.5439035296440125
0.39271730184555054 0.5650151968002319
0.4037405550479889 0.5802741050720215
0.40595853328704834 0.604741632938385
0.41679584980010986 0.6241808533668518
0.4281463027000427 0.6470932960510254
0.4339810907840729 0.6671147346496582
0.4329738914966583 0.6913589835166931
0.46038904786109924 0.7041059732437134
0.4438757002353668 0.2787316143512726
0.4489372968673706 0.32682889699935913
0.4404459595680237 0.3421509265899658
0.4357246160507202 0.3519509732723236
0.4293290376663208 0.36410894989967346
0.42211177945137024 0.37559664249420166
0.4144679605960846 0.3847734034061432
0.40936553478240967 0.3921698331832886
0.3999144434928894 0.4004519581794739
0.39620527625083923 0.40661323070526123
0.3883913457393646 0.4129663407802582
0.37857845425605774 0.4262674152851105
0.3808371126651764 0.43537360429763794
0.36669567227363586 0.44860437512397766
0.36131078004837036 0.4577684700489044
0.3613743185997009 0.47564032673835754
0.38127365708351135 0.4804125130176544
0.37040823698043823 0.4955855906009674
0.38726750016212463 0.5019853711128235
0.40146106481552124 0.524336040019989
0.4017553925514221 0.5428858399391174
0.41660791635513306 0.5540502667427063
0.43698903918266296 0.5811755657196045
0.42749452590942383 0.5981485843658447
0.44428691267967224 0.6102194786071777
0.45059719681739807 0.6245556473731995
0.45868417620658875 0.6471551656723022
0.447957843542099 0.6681835055351257
0.45451533794403076 0.6828450560569763
0.4508662819862366 0.7670310139656067
0.4679275155067444 0.2873021960258484
0.4613023102283478 0.30831801891326904
0.46176958084106445 0.33240118622779846
0.4560871124267578 0.3470885157585144
0.449779212474823 0.3573177754878998
0.43858444690704346 0.36971449851989746
0.43443259596824646 0.3785799443721771
0.430324912071228 0.38395896553993225
0.4251757562160492 0.3912295401096344
0.420122355222702 0.4048629403114319
0.41411349177360535 0.4124937057495117
0.4012805223464966 0.4196356236934662
0.40539878606796265 0.43225008249282837
0.38804271817207336 0.4474375247955322
0.39719662070274353 0.4622242748737335
0.41450589895248413 0.46836334466934204
0.4102543592453003 0.4844723045825958
0.4224502742290497 0.5036320686340332
0.42444026470184326 0.520490825176239
0.4271949231624603 0.534049391746521
0.4472303092479706 0.5433766841888428
0.4413779675960541 0.5660316348075867
0.46012744307518005 0.5893706679344177
0.45746684074401855 0.6044788956642151
0.46571916341781616 0.6166964769363403
0.4659321904182434 0.6381940841674805
0.4745391607284546 0.6559305787086487
0.4743562340736389 0.6749498844146729
0.48453769087791443 0.6885701417922974
0.47933322191238403 0.7280835509300232
0.4659116864204407 0.2557016611099243
0.4825144112110138 0.3121456503868103
0.4759087562561035 0.3241753578186035
0.4696911871433258 0.33884260058403015
0.4626266062259674 0.35178157687187195
0.46045568585395813 0.3662727177143097
0.44654813408851624 0.37071692943573
0.45737990736961365 0.3761318624019623
0.44856327772140503 0.38388770818710327
0.4325898587703705 0.39591196179389954
0.4332837462425232 0.41159117221832275
0.4228164255619049 0.41893231868743896
0.42784827947616577 0.4355361759662628
0.43840017914772034 0.44416606426239014
0.43016284704208374 0.460448682308197
0.4340345561504364 0.4747680127620697
0.4384111762046814 0.49386200308799744
0.44635167717933655 0.49411264061927795
0.44685038924217224 0.5161367058753967
0.4662562310695648 0.5375452637672424
0.45819008350372314 0.5610417127609253
0.46463993191719055 0.5698795318603516
0.47383588552474976 0.5882228016853333
0.4725869297981262 0.6059733629226685
0.4770048260688782 0.6296553611755371
0.4849257469177246 0.6442831754684448
0.4831433892250061 0.6634275317192078
0.4923824965953827 0.6724083423614502
0.5005926489830017 0.695098876953125
0.4904491901397705 0.7139448523521423
0.4960997998714447 0.27448099851608276
0.49067533016204834 0.3007551431655884
0.49342209100723267 0.32460451126098633
0.48819345235824585 0.3321681618690491
0.48188525438308716 0.34584400057792664
0.4774805009365082 0.3546442687511444
0.47321584820747375 0.362582266330719
0.47196879982948303 0.3778036832809448
0.46342241764068604 0.3847438395023346
0.46601060032844543 0.3994026184082031
0.45003047585487366 0.39870843291282654
0.45491042733192444 0.4171069264411926
0.4555557370185852 0.43268847465515137
0.46146807074546814 0.4535979926586151
0.4695538282394409 0.4681417644023895
0.460720032453537 0.48777806758880615
0.47976037859916687 0.49096253514289856
0.4678570330142975 0.5069206357002258
0.4797258675098419 0.5324467420578003
0.4866718351840973 0.5421730875968933
0.47441455721855164 0.5550212860107422
0.4830946624279022 0.5793176293373108
0.4800257086753845 0.5988290309906006
0.4864652752876282 0.6156386137008667
0.4956520199775696 0.6316839456558228
0.5058202147483826 0.648232638835907
0.4976164698600769 0.6622096300125122
0.5097240209579468 0.678409218788147
0.5083001255989075 0.7072170376777649
0.515203595161438 0.7395544052124023
0.5222870707511902 0.29241257905960083
0.5055628418922424 0.30794665217399597
0.5031707882881165 0.31988927721977234
0.4996752142906189 0.3355618715286255
0.49337711930274963 0.34961506724357605
0.49032044410705566 0.3553614616394043
0.4959832727909088 0.3618369996547699
0.480275422334671 0.3722454607486725
0.49042752385139465 0.3794471323490143
0.480163037776947 0.38923120498657227
0.4736146628856659 0.4064992070198059
0.48118191957473755 0.4191585183143616
0.4759726822376251 0.4366554617881775
0.48017916083335876 0.44691744446754456
0.48672690987586975 0.4626116454601288
0.4964907169342041 0.4791683554649353
0.5029464960098267 0.5033711194992065
0.49259674549102783 0.5046382546424866
0.4962698519229889 0.5241420865058899
0.4983799159526825 0.5490654110908508
0.4873209297657013 0.5597324371337891
0.4976775348186493 0.5755475163459778
0.4939973056316376 0.5926578044891357
0.5049595832824707 0.6074047088623047
0.5127045512199402 0.6285340189933777
0.5145504474639893 0.6488616466522217
0.515379786491394 0.6690462827682495
0.5199770331382751 0.6824127435684204
0.5214598774909973 0.700908899307251
0.5027377009391785 0.7764423489570618
0.513852059841156 0.24064745008945465
0.5310739278793335 0.3110743761062622
0.5265049338340759 0.31997644901275635
0.5160073637962341 0.32587894797325134
0.5119920372962952 0.33830299973487854
0.5068981647491455 0.34671053290367126
0.508058488368988 0.35896730422973633
0.5025615096092224 0.370067834854126
0.5151433348655701 0.3796829283237457
0.5033695697784424 0.39227044582366943
0.4930601119995117 0.4052572250366211
0.5056685209274292 0.4246511459350586
0.49653345346450806 0.4373481571674347
0.5032137036323547 0.4569145441055298
0.5108426213264465 0.4748733639717102
0.5180225968360901 0.48951441049575806
0.514537513256073 0.5037941932678223
0.5105038285255432 0.5188114047050476
0.5041515231132507 0.5326802730560303
0.5121214389801025 0.5462132692337036
0.5057713985443115 0.5629252791404724
0.5104958415031433 0.583039402961731
0.5150107145309448 0.6011321544647217
0.5227749943733215 0.6135698556900024
0.5207908749580383 0.634333610534668
0.5250800848007202 0.6531530022621155
0.5291851162910461 0.6762205362319946
0.5334212779998779 0.6938893795013428
0.5235030055046082 0.7161057591438293
0.5332777500152588 0.7253431677818298
0.531787097454071 0.27648136019706726
0.5397164821624756 0.3043985664844513
0.5356996655464172 0.3202079236507416
0.5293957591056824 0.33139389753341675
0.5310454368591309 0.3423541486263275
0.5177335143089294 0.34948012232780457
0.5279310941696167 0.35715195536613464
0.5307655930519104 0.36914700269699097
0.5185335278511047 0.3638710677623749
0.5225146412849426 0.3883957266807556
0.5121511816978455 0.40340152382850647
0.5300043821334839 0.41193118691444397
0.5260187983512878 0.4299139380455017
0.5192424058914185 0.4451112151145935
0.5258862376213074 0.46032819151878357
0.5318297147750854 0.4797299802303314
0.535646915435791 0.5010731816291809
0.523701548576355 0.5142942070960999
0.5313974022865295 0.5240387320518494
0.5188378691673279 0.5383592247962952
0.5248163342475891 0.562572181224823
0.521228551864624 0.5734023451805115
0.5344616174697876 0.5925059914588928
0.5320233106613159 0.6287397146224976
0.5388451814651489 0.6403231620788574
0.5319504737854004 0.6575822234153748
0.5456998348236084 0.6664422750473022
0.5371305346488953 0.6848005056381226
0.5554226040840149 0.7204848527908325
0.5378752946853638 0.7448552846908569
0.5507661700248718 0.28992778062820435
0.5589103102684021 0.30758991837501526
0.5498372912406921 0.3169654309749603
0.5427338480949402 0.32551732659339905
0.5405362844467163 0.33851757645606995
0.5450536608695984 0.3484451472759247
0.5362431406974792 0.3529108166694641
0.5446534752845764 0.36342963576316833
0.5321303009986877 0.3799220323562622
0.5474880933761597 0.3839479386806488
0.5434132814407349 0.396342933177948
0.539452314376831 0.42330488562583923
0.5472914576530457 0.43841084837913513
0.5449875593185425 0.4559876322746277
0.5358404517173767 0.4616304337978363
0.542253851890564 0.4722229838371277
0.5417408347129822 0.49172091484069824
0.54767245054245 0.5147488117218018
0.5412114858627319 0.5308738946914673
0.5362943410873413 0.5513930320739746
0.5424962043762207 0.5698886513710022
0.5444098114967346 0.5803351998329163
0.5355215668678284 0.6087730526924133
0.5407818555831909 0.6188943982124329
0.5551847815513611 0.63698810338974
0.5541604161262512 0.6499665975570679
0.5586420893669128 0.6719427704811096
0.5556706786155701 0.687855064868927
0.5471552610397339 0.7046374082565308
0.5491563677787781 0.7679276466369629
0.559568464756012 0.2531138062477112
0.5674710273742676 0.30134549736976624
0.5708101987838745 0.3125424385070801
0.5624880790710449 0.3245124816894531
0.5636687278747559 0.33923593163490295
0.5520777106285095 0.3461017906665802
0.5579903721809387 0.35683560371398926
0.5719617009162903 0.3567821681499481
0.554439902305603 0.3731558918952942
0.5663751363754272 0.3873006999492645
0.5608694553375244 0.405508428812027
0.554924726486206 0.41804075241088867
0.5627052187919617 0.4356272518634796
0.5666729807853699 0.4551963806152344
0.5559625029563904 0.46270179748535156
0.5629802346229553 0.47975245118141174
0.5526396036148071 0.48903653025627136
0.5591742396354675 0.5112022757530212
0.5633871555328369 0.5266551375389099
0.5577951073646545 0.5403545498847961
0.5512549877166748 0.5557994842529297
0.5630308985710144 0.5888407826423645
0.5552171468734741 0.6022676825523376
0.5684704780578613 0.6316276788711548
0.5690686106681824 0.641912043094635
0.5628138780593872 0.6579412221908569
0.5725884437561035 0.6824703216552734
0.5670424103736877 0.696331799030304
0.5637257695198059 0.710013210773468
0.5706762671470642 0.7364659905433655
0.5791466236114502 0.2720617353916168
0.5807338953018188 0.2942332625389099
0.5757414102554321 0.31511765718460083
0.5817228555679321 0.31827014684677124
0.5738109946250916 0.3354218006134033
0.5671061873435974 0.3452283442020416
0.5787356495857239 0.351224422454834
0.5747534036636353 0.36179232597351074
0.5886327028274536 0.36695557832717896
0.5809339284896851 0.38370952010154724
0.5836531519889832 0.410840779542923
0.572647750377655 0.4210754632949829
0.586025595664978 0.43066316843032837
0.5776284337043762 0.44979429244995117
0.5764238834381104 0.47217389941215515
0.5825940370559692 0.4867649972438812
0.5728799104690552 0.492767333984375
0.5706313252449036 0.5036742091178894
0.5793363451957703 0.5183913707733154
0.569377601146698 0.5483443140983582
0.5653899908065796 0.5679112076759338
0.5818622708320618 0.5871081352233887
0.5773745179176331 0.6136404871940613
0.5873739719390869 0.6355932354927063
0.5921998023986816 0.6521652340888977
0.5844331383705139 0.6653693914413452
0.580876886844635 0.6726734638214111
0.58515864610672 0.6928690671920776
0.5780843496322632 0.7140023112297058
0.574358344078064 0.7240172624588013
0.5924062728881836 0.2403450459241867
0.5888009071350098 0.306214302778244
0.5940515995025635 0.3081149458885193
0.5883176922798157 0.32541927695274353
0.5931561589241028 0.3314026892185211
0.5874868035316467 0.3440541923046112
0.5972376465797424 0.3530341684818268
0.5926735401153564 0.3585292398929596
0.6030716300010681 0.3773614764213562
0.576991617679596 0.39565858244895935
0.59565669298172 0.40186160802841187
0.6112073063850403 0.41220545768737793
0.6031049489974976 0.42975112795829773
0.598633348941803 0.44590920209884644
0.5907585024833679 0.4612259268760681
0.6012755632400513 0.4782412052154541
0.5912812948226929 0.4970223903656006
0.6120634078979492 0.5026750564575195
0.5928831696510315 0.5381700396537781
0.6089920997619629 0.5444347858428955
0.5953992009162903 0.5639321208000183
0.6090843081474304 0.5937455296516418
0.6030837297439575 0.607612133026123
0.5933578014373779 0.6273903250694275
0.5966011881828308 0.6419970989227295
0.6039631962776184 0.6574864983558655
0.6000300645828247 0.6794794797897339
0.5961294770240784 0.6844297051429749
0.5914169549942017 0.7044026255607605
0.5859038829803467 0.7725695371627808
0.6014079451560974 0.2814713418483734
0.6022703051567078 0.29812705516815186
0.6048222184181213 0.31389397382736206
0.6008701324462891 0.32577279210090637
0.6035343408584595 0.34041473269462585
0.6054152846336365 0.34697553515434265
0.6127873063087463 0.35434189438819885
0.6111736297607422 0.36379551887512207
0.6140180826187134 0.3742205500602722
0.6067519783973694 0.38544762134552
0.6182238459587097 0.3957163393497467
0.6190559267997742 0.4254743158817291
0.6227532029151917 0.4402121305465698
0.6103004217147827 0.45525285601615906
0.6078377366065979 0.4657280147075653
0.6317451000213623 0.4704340398311615
0.6199792623519897 0.4856359660625458
0.6332153081893921 0.5084253549575806
0.617398738861084 0.521852433681488
0.6277620196342468 0.5491958260536194
0.6138907074928284 0.5720782279968262
0.6290848851203918 0.5840311646461487
0.6203923225402832 0.6109017729759216
0.6176420450210571 0.626758337020874
0.6138216257095337 0.6405702829360962
0.6111372709274292 0.650777280330658
0.6081928014755249 0.6702591776847839
0.6073672771453857 0.6881689429283142
0.6028927564620972 0.6970052719116211
0.5935901403427124 0.7385137677192688
0.6128684282302856 0.2667526602745056
0.6116405129432678 0.3020660877227783
0.6211795806884766 0.31134679913520813
0.6177228093147278 0.32076582312583923
0.6183053851127625 0.334562748670578
0.621296226978302 0.3463480770587921
0.6279863715171814 0.3568710386753082
0.6250740885734558 0.3706035017967224
0.6339950561523438 0.37821194529533386
0.6408083438873291 0.39399826526641846
0.6252546906471252 0.40678608417510986
0.6340591311454773 0.42114782333374023
0.6510406136512756 0.4301813244819641
0.6395218372344971 0.4440394937992096
0.6264846324920654 0.4545440673828125
0.6421517133712769 0.4787547290325165
0.6378151178359985 0.492637574672699
0.6464661955833435 0.5132173895835876
0.6425400972366333 0.5323305130004883
0.6403915286064148 0.5522767305374146
0.6510058045387268 0.5644179582595825
0.6414430141448975 0.5803738236427307
0.6347640752792358 0.6012561321258545
0.638758659362793 0.6209631562232971
0.6325342059135437 0.6364783644676208
0.6267037391662598 0.645618736743927
0.6194641590118408 0.6676694750785828
0.6136203408241272 0.6830012202262878
0.6120983958244324 0.7048120498657227
0.6066930294036865 0.718453586101532
0.6242063045501709 0.2879512310028076
0.6293006539344788 0.30444297194480896
0.6300457715988159 0.31619685888290405
0.6272909045219421 0.3250851333141327
0.6361156702041626 0.337159663438797
0.6401098370552063 0.35134389996528625
0.6422870755195618 0.3671814799308777
0.6469647288322449 0.3708067834377289
0.6510241627693176 0.38074973225593567
0.6577333807945251 0.39140674471855164
0.6433823108673096 0.40188103914260864
0.6549513339996338 0.41805142164230347
0.6643615365028381 0.4357730448246002
0.6552406549453735 0.46268460154533386
0.6731858849525452 0.46575984358787537
0.6604462265968323 0.4858313798904419
0.662279486656189 0.5047727227210999
0.6739380955696106 0.5198490619659424
0.6675058007240295 0.5366768836975098
0.657042920589447 0.5398725271224976
0.6647821068763733 0.5580025911331177
0.6541966795921326 0.5793630480766296
0.6465895175933838 0.5989806056022644
0.6482009291648865 0.6157419681549072
0.6426230669021606 0.6298683881759644
0.637650728225708 0.6506466269493103
0.6318073868751526 0.6656891107559204
0.625528872013092 0.6777006387710571
0.618297815322876 0.6928104162216187
0.6133794188499451 0.7266358733177185
0.6425637006759644 0.27439218759536743
0.6392303705215454 0.30193716287612915
0.6439290642738342 0.31813517212867737
0.6489209532737732 0.32447707653045654
0.646814227104187 0.3413689136505127
0.652820885181427 0.3483254313468933
0.6570042967796326 0.3592414855957031
0.657913088798523 0.3696490228176117
0.670940101146698 0.3857787549495697
0.667450487613678 0.3993963897228241
0.6662433743476868 0.4109627306461334
0.6715333461761475 0.4247004985809326
0.6847362518310547 0.43357712030410767
0.6781172156333923 0.4455835819244385
0.6904281377792358 0.4633166193962097
0.6818172931671143 0.47968369722366333
0.6788817048072815 0.4949035048484802
0.687383234500885 0.5099543333053589
0.6782110333442688 0.5313884615898132
0.6730715036392212 0.5492458343505859
0.6785115599632263 0.568804919719696
0.6688054800033569 0.5723493695259094
0.6629159450531006 0.5960981845855713
0.6551488041877747 0.608464777469635
0.6536480784416199 0.6267213821411133
0.6477585434913635 0.6434713006019592
0.6445897817611694 0.6573998332023621
0.6356552243232727 0.6750155091285706
0.6289308071136475 0.7001704573631287
0.6227266192436218 0.7579059600830078
0.6349098086357117 0.25249844789505005
0.6558417081832886 0.3107012212276459
0.6638455390930176 0.3161148130893707
0.6599333882331848 0.33030417561531067
0.6642857193946838 0.34384068846702576
0.6688998937606812 0.35221242904663086
0.667026162147522 0.3598337173461914
0.6765073537826538 0.374153196811676
0.6793857216835022 0.3885476589202881
0.6799187660217285 0.4051140546798706
0.6908318996429443 0.4099356532096863
0.6923447847366333 0.4182262420654297
0.6965807676315308 0.44289758801460266
0.6971549987792969 0.45311596989631653
0.7005892395973206 0.4711052179336548
0.7030940055847168 0.4833199083805084
0.6921480894088745 0.4925343692302704
0.6971840858459473 0.5048065185546875
0.6921988725662231 0.5218654274940491
0.6875291466712952 0.543046236038208
0.6854756474494934 0.5556176900863647
0.6811985373497009 0.5775635242462158
0.6766136884689331 0.5879520773887634
0.6761236786842346 0.6046709418296814
0.6642873883247375 0.6196059584617615
0.6595054864883423 0.6394283771514893
0.6544209718704224 0.6464824676513672
0.6499782800674438 0.6778953671455383
0.6408439874649048 0.6856162548065186
0.6314535737037659 0.7146483063697815
0.6527290344238281 0.2933175265789032
0.6693997979164124 0.30391353368759155
0.6710944771766663 0.32563769817352295
0.6741360425949097 0.33457568287849426
0.6764825582504272 0.3465780019760132
0.6801977753639221 0.3569117784500122
0.6840264201164246 0.363042414188385
0.6874759197235107 0.38142120838165283
0.6950498819351196 0.3930251896381378
0.6988184452056885 0.4036503732204437
0.7065146565437317 0.41506853699684143
0.7011023163795471 0.4265976548194885
0.7059144973754883 0.43046802282333374
0.7052031755447388 0.45860832929611206
0.7106331586837769 0.4640658497810364
0.712328314781189 0.48402100801467896
0.7106910943984985 0.49757713079452515
0.7149671912193298 0.5085864663124084
0.7104926705360413 0.5190697908401489
0.6990885734558105 0.5379313230514526
0.6991729736328125 0.5491564869880676
0.6912646889686584 0.5718599557876587
0.6892940402030945 0.5827419757843018
0.686152994632721 0.6005845665931702
0.6829628944396973 0.6115615367889404
0.6739165782928467 0.6314724683761597
0.6626400351524353 0.6519063711166382
0.6574254035949707 0.6699635982513428
0.6474105715751648 0.6934918165206909
0.6395572423934937 0.7263184189796448
0.6695566773414612 0.2530691623687744
0.6750965714454651 0.3126693665981293
0.6798965930938721 0.3218739330768585
0.685842752456665 0.3372713327407837
0.6934164762496948 0.34902024269104004
0.701148509979248 0.35706478357315063
0.6961408853530884 0.36880210041999817
0.7047891616821289 0.3826344609260559
0.7097748517990112 0.3970542252063751
0.715969979763031 0.4101361632347107
0.7178551554679871 0.42061156034469604
0.7215133309364319 0.4320140779018402
0.7241383194923401 0.44809281826019287
0.7150705456733704 0.4567607045173645
0.7178030610084534 0.4713316261768341
0.7303245067596436 0.4760047495365143
0.7250842452049255 0.4875616431236267
0.7228320240974426 0.5060116052627563
0.7207604050636292 0.5174462795257568
0.7047746181488037 0.5319096446037292
0.7139336466789246 0.5521901249885559
0.7068833112716675 0.5632041096687317
0.7025856375694275 0.5776176452636719
0.6962718963623047 0.5911300778388977
0.6913707256317139 0.6082669496536255
0.6866686940193176 0.6253469586372375
0.6804118156433105 0.6414205431938171
0.6682372689247131 0.6588495373725891
0.6658873558044434 0.6824393272399902
0.6567120552062988 0.7062602639198303
0.6772833466529846 0.28123873472213745
0.6890900731086731 0.3142542243003845
0.6999639272689819 0.32813751697540283
0.7052339911460876 0.34462422132492065
0.7064840197563171 0.35159847140312195
0.7104552388191223 0.36364680528640747
0.7152185440063477 0.37353476881980896
0.7204520106315613 0.38552477955818176
0.722504198551178 0.4016059637069702
0.7296156883239746 0.40691089630126953
0.7298479080200195 0.42716145515441895
0.7334703803062439 0.4390474855899811
0.7387691140174866 0.44153228402137756
0.7308345437049866 0.4504188299179077
0.734913170337677 0.4602568745613098
0.7344208359718323 0.48006486892700195
0.7302009463310242 0.49486643075942993
0.7331521511077881 0.5020378232002258
0.7247539162635803 0.5239083766937256
0.7273381352424622 0.5303261280059814
0.7186775207519531 0.5410724878311157
0.7234148979187012 0.5569779276847839
0.7154567241668701 0.572579562664032
0.7110607028007507 0.5852563977241516
0.7050797343254089 0.6024293899536133
0.6992603540420532 0.6219724416732788
0.6909837126731873 0.6349837183952332
0.6888931393623352 0.6519196629524231
0.6837493777275085 0.6660083532333374
0.6559845209121704 0.7395216822624207
0.6924458742141724 0.2905043065547943
0.7092828154563904 0.3099265694618225
0.7119426727294922 0.3272855877876282
0.7183963060379028 0.34938740730285645
0.7288467884063721 0.3606574535369873
0.7239406108856201 0.36730125546455383
0.7307882308959961 0.37593498826026917
0.7273849844932556 0.3900608718395233
0.7378051280975342 0.3985336422920227
0.7437483072280884 0.40676218271255493
0.735961377620697 0.41929689049720764
0.7446861267089844 0.4285286068916321
0.7454752326011658 0.4454074800014496
0.7524537444114685 0.4631381928920746
0.7448054552078247 0.468609094619751
0.7418174147605896 0.4726375937461853
0.7442076802253723 0.4946291744709015
0.7492344975471497 0.503923237323761
0.7356162071228027 0.5149684548377991
0.7415763139724731 0.5223543643951416
0.7304894924163818 0.5389541387557983
0.7318245768547058 0.5513068437576294
0.730135977268219 0.5667768716812134
0.724958062171936 0.5806444883346558
0.7197790741920471 0.5946354269981384
0.7081034183502197 0.6146003603935242
0.7033171057701111 0.6287862062454224
0.693949282169342 0.6449732184410095
0.6980307102203369 0.6730724573135376
0.6759558320045471 0.6891108751296997
0.7162817716598511 0.27868303656578064
0.7275098562240601 0.31956183910369873
0.7266738414764404 0.33604246377944946
0.7331631183624268 0.35219839215278625
0.7491726875305176 0.3580266833305359
0.7462128400802612 0.3711366057395935
0.7419885396957397 0.3849986791610718
0.7552408576011658 0.393684446811676
0.7616803646087646 0.4107951521873474
0.75348299741745 0.4148302376270294
0.7672916650772095 0.424734503030777
0.7522966861724854 0.4349824786186218
0.7702853679656982 0.4394087791442871
0.7599802017211914 0.4499351978302002
0.7666623592376709 0.46507108211517334
0.7671403884887695 0.4786694645881653
0.7551400065422058 0.48184603452682495
0.7664695382118225 0.49873289465904236
0.7543450593948364 0.5110624432563782
0.7624936103820801 0.5260358452796936
0.7499375343322754 0.5298609733581543
0.7421732544898987 0.5471960306167603
0.7391283512115479 0.5604378581047058
0.7420068383216858 0.5750503540039062
0.7299533486366272 0.587327241897583
0.7293659448623657 0.6075652837753296
0.722829282283783 0.6204004883766174
0.7196668982505798 0.6382948160171509
0.7095927596092224 0.6604779958724976
0.6824197173118591 0.7063620686531067
0.7421561479568481 0.3090255856513977
0.761476457118988 0.32955411076545715
0.744708240032196 0.34438446164131165
0.7806736826896667 0.3554277718067169
0.7582147717475891 0.36789196729660034
0.7784910798072815 0.380707710981369
0.7691558599472046 0.3882686495780945
0.788869321346283 0.40551140904426575
0.7736441493034363 0.39971601963043213
0.7800804376602173 0.41865187883377075
0.7766383290290833 0.4319065511226654
0.79595547914505 0.43966883420944214
0.7767271399497986 0.44830670952796936
0.7833571434020996 0.45630714297294617
0.7960978150367737 0.4764925539493561
0.7776312828063965 0.4684874713420868
0.7785991430282593 0.4894512891769409
0.7895625829696655 0.5018030405044556
0.7696463465690613 0.5132849216461182
0.7761864066123962 0.521224319934845
0.7929809093475342 0.5366193056106567
0.7705973386764526 0.5470184683799744
0.7518936395645142 0.5551095604896545
0.7595846652984619 0.5692703127861023
0.7844283580780029 0.5800420641899109
0.7487046718597412 0.5985183119773865
0.7725802063941956 0.6165858507156372
0.7378832101821899 0.6285433173179626
0.7478446960449219 0.6521661877632141
0.70940101146698 0.6925703883171082
