0.07968769527200599

0.13610109686851501 0.2423255890607834
0.1288391351699829 0.3083307147026062
0.1819951832294464 0.32290324568748474
0.13516022264957428 0.37725427746772766
0.09913796186447144 0.35541102290153503
0.14367276430130005 0.4114014804363251
0.12316019833087921 0.42771419882774353
0.13257408142089844 0.44797685742378235
0.08358532190322876 0.4247370660305023
0.11164425313472748 0.4697219431400299
0.08889805525541306 0.4594328999519348
0.12790289521217346 0.4724411070346832
0.10437037795782089 0.49530184268951416
0.07174775004386902 0.4943675696849823
0.09598439186811447 0.5128194093704224
0.0650424137711525 0.5200757384300232
0.09791666269302368 0.5348234176635742
0.10438455641269684 0.550051212310791
0.0708106979727745 0.543081521987915
0.07767912745475769 0.5590261816978455
0.09129111468791962 0.5657699108123779
0.06180250644683838 0.579207718372345
0.07307411730289459 0.5946131348609924
0.08577404171228409 0.6097371578216553
0.09055174142122269 0.6309471130371094
0.06698425114154816 0.62894207239151
0.07401952892541885 0.6531217694282532
0.07400708645582199 0.6759069561958313
0.08215302228927612 0.7311716079711914
0.10568073391914368 0.7861590385437012
0.20220521092414856 0.16984707117080688
0.2008490413427353 0.26686999201774597
0.21813061833381653 0.300070583820343
0.20975598692893982 0.3437352776527405
0.1639193296432495 0.35887184739112854
0.19820766150951385 0.3715296983718872
0.17682942748069763 0.39569368958473206
0.16723103821277618 0.41547271609306335
0.15724505484104156 0.437803715467453
0.17420345544815063 0.4478186368942261
0.15078912675380707 0.45435720682144165
0.15861651301383972 0.4719013571739197
0.1361587941646576 0.4831734895706177
0.14061769843101501 0.502026379108429
0.12194442003965378 0.5042052268981934
0.13203860819339752 0.5199916362762451
0.113726407289505 0.5255160927772522
0.1340903639793396 0.5442084074020386
0.11803997308015823 0.5462455153465271
0.12478204071521759 0.5557779669761658
0.11981648951768875 0.5767517685890198
0.09506767988204956 0.5821495652198792
0.10971204191446304 0.5920968055725098
0.11163520812988281 0.6197342872619629
0.12350105494260788 0.6330781579017639
0.11768154054880142 0.6667109727859497
0.10396235436201096 0.6427270770072937
0.1007799506187439 0.6910645961761475
0.13582059741020203 0.7208260297775269
0.14335034787654877 0.7559604048728943
0.24618393182754517 0.23348411917686462
0.2525917887687683 0.270084023475647
0.24533209204673767 0.320110023021698
0.23919659852981567 0.3451627194881439
0.22712373733520508 0.36733272671699524
0.2147180587053299 0.3814109265804291
0.21436560153961182 0.4006180167198181
0.20005856454372406 0.4092736542224884
0.2014208287000656 0.4316253364086151
0.18403255939483643 0.4264219105243683
0.19475939869880676 0.44463250041007996
0.18877053260803223 0.45559442043304443
0.1796882003545761 0.4669903516769409
0.17826294898986816 0.4891929626464844
0.16362014412879944 0.48515355587005615
0.16334860026836395 0.5027364492416382
0.1542266607284546 0.5150988698005676
0.1452828049659729 0.5309306979179382
0.1674387902021408 0.539817750453949
0.14955316483974457 0.5577850937843323
0.14040179550647736 0.5767227411270142
0.14615857601165771 0.5917092561721802
0.1289805769920349 0.5933224558830261
0.13769260048866272 0.6127091646194458
0.15711280703544617 0.6287565231323242
0.1657731533050537 0.649483323097229
0.14315542578697205 0.6618658304214478
0.1604854315519333 0.6929100751876831
0.19012753665447235 0.7315763235092163
0.18460562825202942 0.8428551554679871
0.29010793566703796 0.16358016431331635
0.2781769633293152 0.2714700400829315
0.2733739912509918 0.30215057730674744
0.269279807806015 0.3316270709037781
0.2645179331302643 0.3547336459159851
0.2533034086227417 0.37434542179107666
0.24581241607666016 0.39084190130233765
0.2389204502105713 0.404308557510376
0.23523610830307007 0.4187312722206116
0.2240101397037506 0.4138168394565582
0.22465230524539948 0.43588507175445557
0.21672363579273224 0.45074570178985596
0.20671692490577698 0.46331870555877686
0.196897953748703 0.4738225042819977
0.19913579523563385 0.490373820066452
0.19291922450065613 0.5050233006477356
0.19133859872817993 0.5194823741912842
0.18266959488391876 0.5305629968643188
0.17210616171360016 0.5259192585945129
0.17298120260238647 0.5626353025436401
0.1801590621471405 0.5827893614768982
0.15682388842105865 0.5694707632064819
0.16842837631702423 0.5984576344490051
0.18801963329315186 0.6072611808776855
0.17603781819343567 0.6260522603988647
0.1988680362701416 0.6726003289222717
0.1842297613620758 0.6973778009414673
0.22484402358531952 0.7130980491638184
0.21037477254867554 0.757029116153717
0.22241823375225067 0.7989232540130615
0.3062798082828522 0.2479531317949295
0.31484293937683105 0.27007409930229187
0.3011563718318939 0.30063241720199585
0.2914223372936249 0.3291839361190796
0.2954823970794678 0.3548310101032257
0.27999645471572876 0.36604028940200806
0.27191099524497986 0.38199642300605774
0.26682397723197937 0.3977943956851959
0.2592419683933258 0.4100494980812073
0.25534963607788086 0.4209577143192291
0.2502957284450531 0.43026721477508545
0.24246332049369812 0.44359061121940613
0.23367618024349213 0.45742952823638916
0.23121027648448944 0.47557756304740906
0.22259652614593506 0.48910483717918396
0.22027051448822021 0.4991670846939087
0.2120198905467987 0.5134586691856384
0.21204522252082825 0.525718092918396
0.19009649753570557 0.5488232374191284
0.2092062383890152 0.5467342734336853
0.2126382738351822 0.5689915418624878
0.1897180825471878 0.5818977952003479
0.21866945922374725 0.6002471446990967
0.2282704859972 0.6369735598564148
0.19851455092430115 0.6462299823760986
0.24430522322654724 0.6634320020675659
0.24610891938209534 0.6878229975700378
0.25828325748443604 0.7220808267593384
0.26335862278938293 0.7679644823074341
0.26535674929618835 0.860968828201294
0.32586783170700073 0.21007822453975677
0.3397805988788605 0.27379295229911804
0.3309248387813568 0.2990207374095917
0.31581634283065796 0.32361164689064026
0.3121894598007202 0.34532687067985535
0.3043590784072876 0.3657056391239166
0.29916563630104065 0.379366397857666
0.2928166687488556 0.3890710473060608
0.2908458113670349 0.40322166681289673
0.2797825336456299 0.412543922662735
0.2797529399394989 0.42432352900505066
0.27219709753990173 0.4420108199119568
0.2672300636768341 0.46061334013938904
0.25626811385154724 0.46991339325904846
0.2532283663749695 0.4823951721191406
0.247004896402359 0.49252912402153015
0.23967082798480988 0.5117653012275696
0.24124141037464142 0.530238151550293
0.2332599014043808 0.5420095324516296
0.2553054690361023 0.5577601790428162
0.22737939655780792 0.56534343957901
0.2705721855163574 0.5939308404922485
0.24881276488304138 0.6112445592880249
0.28155162930488586 0.6322965025901794
0.28499695658683777 0.6595200300216675
0.29891136288642883 0.680119514465332
0.28510406613349915 0.703731894493103
0.28893983364105225 0.738068699836731
0.3126525282859802 0.7615137696266174
0.28358200192451477 0.7921028733253479
0.36580854654312134 0.19025103747844696
0.35002535581588745 0.23697960376739502
0.3445650339126587 0.31618353724479675
0.3361005187034607 0.33069220185279846
0.34384647011756897 0.3405172526836395
0.33182117342948914 0.3562090992927551
0.3268050253391266 0.3690125048160553
0.31764599680900574 0.38267216086387634
0.3113509714603424 0.39410609006881714
0.3139590919017792 0.4075736701488495
0.3052232265472412 0.41617849469184875
0.3015527129173279 0.42994651198387146
0.2913183569908142 0.447258859872818
0.28397250175476074 0.4590674340724945
0.28890761733055115 0.4745684862136841
0.27787497639656067 0.48789849877357483
0.26571065187454224 0.5006014704704285
0.2742082476615906 0.5207989811897278
0.29992392659187317 0.5246884822845459
0.28433388471603394 0.5502843856811523
0.306784063577652 0.5844064950942993
0.29976940155029297 0.6038596034049988
0.30564820766448975 0.6297485828399658
0.32536429166793823 0.6232784986495972
0.3151669502258301 0.6612924933433533
0.32459211349487305 0.6880066990852356
0.3093685507774353 0.708219051361084
0.33797743916511536 0.759404718875885
0.34681281447410583 0.8044719696044922
0.31688258051872253 0.8232861757278442
0.38057392835617065 0.2391778528690338
0.3691723942756653 0.2712027430534363
0.3594196140766144 0.2940250635147095
0.36975061893463135 0.3161560595035553
0.35936856269836426 0.330725759267807
0.3573938310146332 0.35688138008117676
0.3467138111591339 0.37225890159606934
0.3520970642566681 0.38242965936660767
0.33746904134750366 0.38890671730041504
0.3391599953174591 0.4002476930618286
0.33162593841552734 0.4159807562828064
0.32068389654159546 0.43114131689071655
0.3366793692111969 0.44929251074790955
0.31841227412223816 0.45896726846694946
0.3104687035083771 0.4760493338108063
0.32428377866744995 0.48481252789497375
0.303548127412796 0.4991188049316406
0.33381712436676025 0.5301691293716431
0.31023961305618286 0.551694393157959
0.33278077840805054 0.5614884495735168
0.3325938582420349 0.584773600101471
0.34016451239585876 0.5991687178611755
0.34695500135421753 0.6100819706916809
0.3308480679988861 0.6473389863967896
0.3409461975097656 0.6653648018836975
0.35360175371170044 0.6990225315093994
0.3349675238132477 0.7172142267227173
0.3429960310459137 0.7308452725410461
0.3678590953350067 0.7758011817932129
0.34789806604385376 0.8833034038543701
0.3935987651348114 0.13550454378128052
0.40278148651123047 0.263240247964859
0.3930997848510742 0.28474172949790955
0.3806122839450836 0.30797332525253296
0.38910600543022156 0.3266336917877197
0.37278449535369873 0.33542805910110474
0.37596118450164795 0.34649658203125
0.36495086550712585 0.37289857864379883
0.3802584409713745 0.3802870213985443
0.36589670181274414 0.39385902881622314
0.3545680642127991 0.39821770787239075
0.36056220531463623 0.4137672781944275
0.34061920642852783 0.43579021096229553
0.35896050930023193 0.4582417905330658
0.35313650965690613 0.4710175096988678
0.34946468472480774 0.4977561831474304
0.359959214925766 0.5196174383163452
0.3603161573410034 0.5428720116615295
0.37442466616630554 0.5466654300689697
0.3587530553340912 0.569054126739502
0.3657244145870209 0.5840498208999634
0.36033302545547485 0.5986140966415405
0.35653311014175415 0.6349673867225647
0.38755854964256287 0.6430146098136902
0.36088043451309204 0.6651216149330139
0.3823140263557434 0.6791771650314331
0.3893137574195862 0.7061696648597717
0.375495970249176 0.7427091002464294
0.4081437587738037 0.7704918384552002
0.37903955578804016 0.8149904608726501
0.40648242831230164 0.2020811289548874
0.4179101288318634 0.239416241645813
0.4126562178134918 0.2866171896457672
0.4009808897972107 0.3140018582344055
0.4126321077346802 0.32812410593032837
0.3986102044582367 0.33870258927345276
0.40369778871536255 0.35954606533050537
0.3849879503250122 0.3590954542160034
0.39421746134757996 0.37211692333221436
0.39618608355522156 0.3836350440979004
0.3855162560939789 0.403037428855896
0.3713570833206177 0.4287135601043701
0.3944467604160309 0.4257945418357849
0.38410496711730957 0.4591037333011627
0.3794212341308594 0.4855138063430786
0.3851086497306824 0.5147300958633423
0.40500855445861816 0.5101975798606873
0.3869166672229767 0.5271043181419373
0.39456072449684143 0.5418787002563477
0.3887556791305542 0.5656557083129883
0.3852684795856476 0.5943575501441956
0.37810108065605164 0.6209054589271545
0.39948582649230957 0.613659143447876
0.41151338815689087 0.6348333358764648
0.4017711281776428 0.6612651944160461
0.4147475063800812 0.6936215758323669
0.4095694422721863 0.7192381620407104
0.4032285511493683 0.7355598211288452
0.4122464060783386 0.791120171546936
0.40215253829956055 0.8532558083534241
0.45538434386253357 0.15889517962932587
0.4331505298614502 0.2592708170413971
0.4296627938747406 0.27875638008117676
0.42432570457458496 0.29735055565834045
0.42061370611190796 0.3158174753189087
0.4269871413707733 0.33356866240501404
0.4146587550640106 0.347744882106781
0.4228127598762512 0.3626822233200073
0.4090081751346588 0.3754482865333557
0.42104554176330566 0.3906477093696594
0.4058099389076233 0.4082586467266083
0.41127949953079224 0.4160912334918976
0.40166008472442627 0.4427739679813385
0.41066309809684753 0.47174566984176636
0.39624467492103577 0.4923586845397949
0.42047470808029175 0.4839272201061249
0.42847195267677307 0.5088428258895874
0.41772741079330444 0.5248634219169617
0.4119015634059906 0.5483341813087463
0.41002538800239563 0.5748900175094604
0.4223760664463043 0.5795145630836487
0.4158327877521515 0.6017147302627563
0.4264853298664093 0.6295076608657837
0.43578481674194336 0.65498948097229
0.4216764271259308 0.6683951020240784
0.43043723702430725 0.6815948486328125
0.43136247992515564 0.7194794416427612
0.43584707379341125 0.7499456405639648
0.4525473117828369 0.7650738954544067
0.434091717004776 0.8181905746459961
0.4487757384777069 0.2131737917661667
0.4611887037754059 0.2447323203086853
0.4465791583061218 0.2856234610080719
0.4397491216659546 0.3046957850456238
0.44263845682144165 0.3160320818424225
0.4498986005783081 0.3341004252433777
0.4342896640300751 0.34726110100746155
0.4459640085697174 0.3546748161315918
0.4337860345840454 0.3742538094520569
0.43515315651893616 0.3958839774131775
0.43950381875038147 0.4092046320438385
0.4269613027572632 0.43116500973701477
0.42985352873802185 0.44629907608032227
0.4442631006240845 0.45822077989578247
0.4396030902862549 0.4740394353866577
0.4483709931373596 0.4936733841896057
0.4407656788825989 0.5160627365112305
0.43484553694725037 0.5349621772766113
0.4500735402107239 0.5526570081710815
0.4369232654571533 0.5594366788864136
0.43794137239456177 0.5885380506515503
0.4404682517051697 0.6085805296897888
0.4633621573448181 0.6227452158927917
0.4526795744895935 0.6396958231925964
0.4479338228702545 0.6839384436607361
0.4418792724609375 0.7000131607055664
0.4581829905509949 0.7126888632774353
0.4617871940135956 0.7302011251449585
0.46639248728752136 0.7941617369651794
0.4486968517303467 0.8886446952819824
0.4778253138065338 0.2297181785106659
0.46337348222732544 0.2659852206707001
0.47031304240226746 0.2917293906211853
0.4630040228366852 0.3040717542171478
0.45703068375587463 0.3228013217449188
0.47464096546173096 0.3394693434238434
0.4576413929462433 0.34423115849494934
0.458626925945282 0.35951316356658936
0.45129063725471497 0.3688027858734131
0.4674994945526123 0.37758585810661316
0.4573841094970703 0.3938162326812744
0.4531591236591339 0.4269062280654907
0.4677124321460724 0.44540485739707947
0.4614965319633484 0.45646849274635315
0.4609915018081665 0.48221924901008606
0.470430463552475 0.5025025010108948
0.4540993571281433 0.5226030349731445
0.472482830286026 0.527910053730011
0.4629483222961426 0.5389397144317627
0.4689364731311798 0.5626322627067566
0.45719754695892334 0.5792970657348633
0.47051742672920227 0.6010233759880066
0.4625852406024933 0.6518334150314331
0.45526236295700073 0.6669279336929321
0.4871876537799835 0.6750308275222778
0.4749641418457031 0.6958458423614502
0.48703381419181824 0.7123492360115051
0.4799427390098572 0.7339599132537842
0.4777991771697998 0.7640922665596008
0.4553212821483612 0.8437088131904602
0.4881472885608673 0.1878509521484375
0.48792335391044617 0.25478678941726685
0.4797437787055969 0.2758890688419342
0.48824188113212585 0.30406415462493896
0.4840644598007202 0.31372854113578796
0.4768018424510956 0.3233979046344757
0.4906769096851349 0.34228184819221497
0.4834248721599579 0.352884978055954
0.4893082082271576 0.3743340075016022
0.47825855016708374 0.3973432779312134
0.4719778299331665 0.41865262389183044
0.48872628808021545 0.42984068393707275
0.4861515760421753 0.45462727546691895
0.47920694947242737 0.4681805968284607
0.4748671352863312 0.4882320761680603
0.4913172721862793 0.4970599412918091
0.480918824672699 0.5102522373199463
0.48890945315361023 0.5282252430915833
0.4878120422363281 0.5484476089477539
0.48489853739738464 0.5724583268165588
0.4853246808052063 0.5888723731040955
0.4888361096382141 0.6108126044273376
0.4972511827945709 0.6337325572967529
0.47429415583610535 0.6387245059013367
0.4942014813423157 0.661460280418396
0.49355676770210266 0.6888432502746582
0.5000486373901367 0.7261343002319336
0.4924449622631073 0.7485879063606262
0.494059681892395 0.7744306921958923
0.4905208945274353 0.8143659234046936
0.5105981826782227 0.12858276069164276
0.503017008304596 0.22211450338363647
0.5089065432548523 0.2768944799900055
0.5026870965957642 0.29281020164489746
0.4990498125553131 0.31207117438316345
0.49518945813179016 0.3286580741405487
0.5108763575553894 0.3463975191116333
0.49210214614868164 0.36024755239486694
0.5046654343605042 0.3684896230697632
0.5106393098831177 0.3915085792541504
0.4979619085788727 0.40833789110183716
0.5030291676521301 0.4446331858634949
0.5026472210884094 0.4598018229007721
0.5067573189735413 0.4658275544643402
0.4950590431690216 0.47342967987060547
0.5097423791885376 0.48659542202949524
0.5066114068031311 0.5119736194610596
0.5052528977394104 0.5316430330276489
0.5031664967536926 0.5441074967384338
0.49901142716407776 0.5604461431503296
0.5169678330421448 0.599631130695343
0.49354055523872375 0.5934355854988098
0.5079087018966675 0.6156926155090332
0.5107426047325134 0.649562418460846
0.5137447118759155 0.671611487865448
0.5139039158821106 0.6990801095962524
0.5136343240737915 0.717322051525116
0.5086681842803955 0.7580509781837463
0.5145626664161682 0.7867818474769592
0.5117467045783997 0.842995285987854
0.5322637557983398 0.23840592801570892
0.5124211311340332 0.2531416416168213
0.5265272855758667 0.2842816114425659
0.5218687057495117 0.29665037989616394
0.518500804901123 0.31464052200317383
0.5125409960746765 0.3234671354293823
0.523981511592865 0.3401508033275604
0.515497088432312 0.35610803961753845
0.5226423144340515 0.37563732266426086
0.531653106212616 0.4048886001110077
0.5175792574882507 0.42391204833984375
0.5313689708709717 0.4381931722164154
0.5266696810722351 0.45052605867385864
0.5182093381881714 0.4695214629173279
0.5258685350418091 0.4839220643043518
0.5356164574623108 0.5001711249351501
0.5179742574691772 0.5056800246238708
0.5292211174964905 0.524321973323822
0.5281579494476318 0.5408456325531006
0.5224193930625916 0.5613759756088257
0.5149093270301819 0.57990962266922
0.5295423865318298 0.6214526891708374
0.5200499296188354 0.6365983486175537
0.5279656052589417 0.65601646900177
0.5458253026008606 0.6883768439292908
0.5224102139472961 0.6854038834571838
0.5329387187957764 0.7101106643676758
0.5226817727088928 0.7381677031517029
0.5261321663856506 0.7638329267501831
0.5273827910423279 0.8154558539390564
0.5663759112358093 0.16596870124340057
0.5474895238876343 0.2603067457675934
0.5392062664031982 0.2718729078769684
0.543255090713501 0.2944371998310089
0.5324475169181824 0.3091132342815399
0.5454771518707275 0.3176095187664032
0.5415492057800293 0.3350045084953308
0.5347787141799927 0.3482993543148041
0.5433168411254883 0.37013792991638184
0.5353832244873047 0.38860756158828735
0.5493831634521484 0.4123658835887909
0.5412801504135132 0.42515110969543457
0.5480083227157593 0.44219428300857544
0.5430875420570374 0.4578165113925934
0.5428333282470703 0.47450587153434753
0.5518114566802979 0.4885796308517456
0.5491978526115417 0.5055813193321228
0.548905611038208 0.5328752398490906
0.5361922383308411 0.5538538694381714
0.5395092368125916 0.5721268653869629
0.5329998731613159 0.5873632431030273
0.5464197993278503 0.6035721302032471
0.5407571792602539 0.6264622211456299
0.5487422347068787 0.650640070438385
0.5397989153862 0.6697877645492554
0.5357088446617126 0.7023980617523193
0.547822892665863 0.7268682718276978
0.5427994132041931 0.7492889165878296
0.5443021059036255 0.7961215376853943
0.5295926332473755 0.8825868964195251
0.5371506214141846 0.20648035407066345
0.5572351217269897 0.24618594348430634
0.5506210923194885 0.2818427085876465
0.5640696883201599 0.29651501774787903
0.5546174049377441 0.30800750851631165
0.5661545991897583 0.33213046193122864
0.5552666783332825 0.33921825885772705
0.5514651536941528 0.3576210141181946
0.5681244134902954 0.37232786417007446
0.5589944124221802 0.3878905475139618
0.5640243291854858 0.4190976917743683
0.5722199082374573 0.4338056147098541
0.5617559552192688 0.44825878739356995
0.5652934908866882 0.46891170740127563
0.5569505095481873 0.46435248851776123
0.5663880109786987 0.49832192063331604
0.5574206709861755 0.5115598440170288
0.561832070350647 0.5386807918548584
0.5775108933448792 0.5473160743713379
0.5617783665657043 0.5556004643440247
0.5553078055381775 0.5865902304649353
0.5689107179641724 0.614250659942627
0.567480742931366 0.640358567237854
0.5734295845031738 0.6553826928138733
0.5673063397407532 0.672853946685791
0.5580499768257141 0.6937249898910522
0.564624011516571 0.7141006588935852
0.5613380074501038 0.7534599900245667
0.5560985207557678 0.7796304225921631
0.5672914981842041 0.8427457809448242
0.5716618895530701 0.22052083909511566
0.575866162776947 0.264137327671051
0.5683518648147583 0.2786749005317688
0.5802651047706604 0.31237906217575073
0.5718309879302979 0.32057756185531616
0.5824710726737976 0.3299272060394287
0.5713901519775391 0.3476451635360718
0.5810347199440002 0.3579333424568176
0.5866071581840515 0.3821035623550415
0.5765678882598877 0.3973994255065918
0.5904268026351929 0.4212779998779297
0.5868439674377441 0.4348801374435425
0.6003568172454834 0.44383594393730164
0.5774732828140259 0.45817750692367554
0.5730593800544739 0.4774187505245209
0.5800340175628662 0.48940008878707886
0.5877496600151062 0.5068190693855286
0.5764434337615967 0.5218727588653564
0.5938125848770142 0.5654834508895874
0.5690380930900574 0.575385570526123
0.5815727114677429 0.5848257541656494
0.589585542678833 0.6137621402740479
0.5830234289169312 0.6265122294425964
0.5869740843772888 0.6685065031051636
0.5756477117538452 0.6853331923484802
0.5811668038368225 0.7064575552940369
0.583380401134491 0.7228894233703613
0.5682596564292908 0.7298551797866821
0.579612135887146 0.7585700154304504
0.5632983446121216 0.8154663443565369
0.5864450931549072 0.24113009870052338
0.5940686464309692 0.25982433557510376
0.5837266445159912 0.2872568368911743
0.5897486209869385 0.3049146831035614
0.5981709957122803 0.3171217143535614
0.5956458449363708 0.3275286853313446
0.5952644944190979 0.3505292236804962
0.5968949198722839 0.3712930977344513
0.6104914546012878 0.37348291277885437
0.6024228930473328 0.39804548025131226
0.6068060994148254 0.4113008975982666
0.6107925176620483 0.42933255434036255
0.6151278614997864 0.45242705941200256
0.5991392731666565 0.4644073247909546
0.6089306473731995 0.4711207151412964
0.6038641929626465 0.48662859201431274
0.6015164256095886 0.5192310810089111
0.5991193652153015 0.5396237969398499
0.6056339144706726 0.5552884936332703
0.620121419429779 0.5783219337463379
0.6005634665489197 0.5925248861312866
0.6119621992111206 0.6048665046691895
0.6068257689476013 0.6371577382087708
0.5909909009933472 0.6512532234191895
0.6008361577987671 0.6788163781166077
0.5929855108261108 0.6929429173469543
0.5968583226203918 0.7220209240913391
0.591645359992981 0.7442834377288818
0.5849209427833557 0.7826396822929382
0.6006757020950317 0.8766262531280518
0.6014277935028076 0.20365160703659058
0.6159870028495789 0.2451278418302536
0.5981899499893188 0.27612191438674927
0.6092444062232971 0.30126693844795227
0.6128252148628235 0.32216012477874756
0.6083860397338867 0.3433345556259155
0.628099262714386 0.3458719551563263
0.6166381239891052 0.36645832657814026
0.6148278117179871 0.3866601884365082
0.6275230050086975 0.39093080163002014
0.6230725049972534 0.40440937876701355
0.6306924819946289 0.43178462982177734
0.6208975315093994 0.4596901535987854
0.6387728452682495 0.4564434289932251
0.6280447840690613 0.47369420528411865
0.6198546290397644 0.49870991706848145
0.632754921913147 0.4994937777519226
0.6239109039306641 0.5258434414863586
0.6268903017044067 0.5413118004798889
0.6329763531684875 0.5608366131782532
0.6401621103286743 0.5899609923362732
0.6289491057395935 0.6145151853561401
0.6217983961105347 0.6408963799476624
0.6215177178382874 0.6708058714866638
0.6073209047317505 0.6603437662124634
0.6157575845718384 0.6880464553833008
0.6099640727043152 0.7086292505264282
0.6127272248268127 0.7364620566368103
0.609521746635437 0.7679064273834229
0.5913747549057007 0.8064191937446594
0.6176207661628723 0.13458269834518433
0.6196062564849854 0.26459309458732605
0.6165905594825745 0.29348161816596985
0.6275566816329956 0.3033970296382904
0.6334105730056763 0.314842164516449
0.62348473072052 0.3352152705192566
0.6296096444129944 0.3625963032245636
0.6342417001724243 0.3763786852359772
0.6440810561180115 0.3864641785621643
0.6401134729385376 0.4010094404220581
0.6384980082511902 0.41875046491622925
0.6538019776344299 0.4254853129386902
0.6496046185493469 0.447279155254364
0.6526505947113037 0.4703789949417114
0.6434640288352966 0.4861619174480438
0.6545472741127014 0.49285590648651123
0.6449505686759949 0.5122186541557312
0.6448666453361511 0.5310443043708801
0.6520372629165649 0.5446460843086243
0.6461302638053894 0.5685815215110779
0.6565331816673279 0.5915224552154541
0.6424341201782227 0.6043341159820557
0.6370702981948853 0.6326045393943787
0.6248310804367065 0.6506502628326416
0.6353620886802673 0.6673845648765564
0.63560950756073 0.679931104183197
0.6255123019218445 0.7028360366821289
0.6199396848678589 0.7228574156761169
0.6218550205230713 0.751105010509491
0.6111935377120972 0.8290683031082153
0.6668753623962402 0.16926288604736328
0.6368358135223389 0.2582496404647827
0.630734384059906 0.2858218252658844
0.6423354148864746 0.30463895201683044
0.6371369361877441 0.32911399006843567
0.65311199426651 0.3410997986793518
0.649421215057373 0.35551270842552185
0.6551713943481445 0.36681389808654785
0.6595048904418945 0.38231849670410156
0.662731409072876 0.3996759057044983
0.6680090427398682 0.4168347418308258
0.6600388884544373 0.4375018775463104
0.6686640977859497 0.4483869969844818
0.6611540913581848 0.46431735157966614
0.6695745587348938 0.4816935360431671
0.6678109765052795 0.49869027733802795
0.6628689765930176 0.5186930894851685
0.6745380163192749 0.5352545380592346
0.6640589237213135 0.5506547093391418
0.6703843474388123 0.5676186680793762
0.6689348816871643 0.5831459164619446
0.6655726432800293 0.6110349297523499
0.6506069302558899 0.6253348588943481
0.6581768989562988 0.6463605761528015
0.6493569612503052 0.6662130355834961
0.6472565531730652 0.687608540058136
0.6410626173019409 0.7110645174980164
0.6297178864479065 0.7313392162322998
0.641767144203186 0.7588515281677246
0.6262285113334656 0.7828558683395386
0.6438319087028503 0.230427086353302
0.6550533175468445 0.27494141459465027
0.650496780872345 0.290485680103302
0.6615157127380371 0.3015008568763733
0.6559283137321472 0.32326269149780273
0.6665509343147278 0.34721240401268005
0.6649506092071533 0.3618015944957733
0.6717715859413147 0.3740895092487335
0.6750903725624084 0.38834887742996216
0.6759885549545288 0.41028091311454773
0.6887069344520569 0.4257800281047821
0.6831629276275635 0.4350769817829132
0.6899133324623108 0.45366305112838745
0.6787559986114502 0.46110785007476807
0.6842984557151794 0.47597435116767883
0.6879602074623108 0.48917874693870544
0.6820124387741089 0.5138852596282959
0.6888123154640198 0.5245368480682373
0.6928328275680542 0.5406532287597656
0.6842331886291504 0.5530373454093933
0.6846626996994019 0.5789946913719177
0.677716076374054 0.5982799530029297
0.6724810004234314 0.6229199767112732
0.6707136034965515 0.6411195993423462
0.6672828197479248 0.6654733419418335
0.6631735563278198 0.6790760159492493
0.6542974710464478 0.6954687833786011
0.6540490984916687 0.720813512802124
0.6443629264831543 0.7366333603858948
0.6422255039215088 0.823858380317688
0.666298508644104 0.23871685564517975
0.696847677230835 0.2552821636199951
0.674010157585144 0.2982260286808014
0.666750431060791 0.31499379873275757
0.6739212870597839 0.33622345328330994
0.6767112612724304 0.354363352060318
0.6931018233299255 0.36138373613357544
0.6856053471565247 0.3752927780151367
0.6928651928901672 0.39508095383644104
0.6846534013748169 0.4020751416683197
0.6924445629119873 0.419745534658432
0.7017416954040527 0.4317588210105896
0.7065085172653198 0.4540250301361084
0.6955726146697998 0.4676785469055176
0.7000963687896729 0.47874870896339417
0.7047002911567688 0.49575406312942505
0.6937912106513977 0.5038146376609802
0.7050409913063049 0.5212194919586182
0.6991788148880005 0.548850953578949
0.7021057605743408 0.5655584931373596
0.693566620349884 0.5860320329666138
0.6971251964569092 0.6042850613594055
0.6918755769729614 0.6163849234580994
0.6865888833999634 0.6362168788909912
0.6750612854957581 0.6572064161300659
0.6837674379348755 0.6734722852706909
0.6659117341041565 0.7036203145980835
0.6704446077346802 0.7268862128257751
0.664522111415863 0.7533125281333923
0.670630931854248 0.8589202165603638
0.6820695996284485 0.21186797320842743
0.680698812007904 0.2791896164417267
0.694814145565033 0.30156710743904114
0.6860297918319702 0.3165464401245117
0.6935890316963196 0.3307366967201233
0.6959364414215088 0.3449615240097046
0.7062454223632812 0.3643968999385834
0.7014421224594116 0.3777138888835907
0.7090743184089661 0.39214175939559937
0.7041064500808716 0.4093671143054962
0.7186198234558105 0.4165760576725006
0.7123047709465027 0.4394398331642151
0.7210423350334167 0.4581487476825714
0.7113455533981323 0.4642174541950226
0.7118055820465088 0.48623695969581604
0.7247576713562012 0.504594624042511
0.7104576826095581 0.5059406757354736
0.7267589569091797 0.5224445462226868
0.7158632278442383 0.5373020768165588
0.7121062874794006 0.5623191595077515
0.7108147144317627 0.5748140215873718
0.7125093936920166 0.5951569080352783
0.7083794474601746 0.6182364225387573
0.7036884427070618 0.6324871182441711
0.6964555978775024 0.6518604755401611
0.7026251554489136 0.6751791834831238
0.6822054982185364 0.6899706125259399
0.691332995891571 0.7118667364120483
0.682651937007904 0.7429130673408508
0.6541726589202881 0.7871719598770142
0.7319270372390747 0.1602620780467987
0.7070542573928833 0.28397923707962036
0.7184320092201233 0.30933699011802673
0.7098628878593445 0.322892427444458
0.7132754325866699 0.3429390788078308
0.721398651599884 0.3579752743244171
0.7170692086219788 0.3687909245491028
0.7265073657035828 0.382173091173172
0.7231578826904297 0.4029185175895691
0.7346273064613342 0.4106687307357788
0.7167947888374329 0.4263680875301361
0.7307360768318176 0.4352397322654724
0.7246571779251099 0.44666677713394165
0.7351837754249573 0.46924224495887756
0.72580885887146 0.4766468107700348
0.7375376224517822 0.4965498149394989
0.7354267239570618 0.508489727973938
0.732743501663208 0.5349847674369812
0.7252317070960999 0.5477389097213745
0.7332466840744019 0.5591052770614624
0.7229874730110168 0.5778157711029053
0.7392867803573608 0.5876283049583435
0.7236959934234619 0.6015773415565491
0.7209973931312561 0.6298444271087646
0.7102569341659546 0.6508827209472656
0.7170618176460266 0.6666750311851501
0.7044026255607605 0.6947753429412842
0.7108516693115234 0.7324572205543518
0.6965435743331909 0.7555220723152161
0.6918584704399109 0.8018411993980408
0.7232733964920044 0.23605047166347504
0.7379307746887207 0.2672017216682434
0.7304694056510925 0.29519012570381165
0.7305331826210022 0.3325527608394623
0.7358522415161133 0.35176149010658264
0.747700572013855 0.3670065104961395
0.7488232851028442 0.37704071402549744
0.7349146604537964 0.3922220766544342
0.7537265419960022 0.39928966760635376
0.7489714026451111 0.4154632091522217
0.7472862601280212 0.43163228034973145
0.7401694655418396 0.44526612758636475
0.7589927315711975 0.45138776302337646
0.7456426620483398 0.46373847126960754
0.7452507019042969 0.4838751256465912
0.7564976215362549 0.491797536611557
0.7471275925636292 0.5138084292411804
0.754896342754364 0.5295113921165466
0.7452352643013 0.5437459349632263
0.7565710544586182 0.556614875793457
0.7511107921600342 0.5691524744033813
0.748274564743042 0.5936602354049683
0.7296727299690247 0.6091787815093994
0.7482959628105164 0.614293098449707
0.7258061170578003 0.6419422626495361
0.7475118637084961 0.6625568270683289
0.7288913726806641 0.6805071830749512
0.7202802896499634 0.707665205001831
0.7135059237480164 0.7798312306404114
0.7185021042823792 0.8453437089920044
0.7612407207489014 0.21316979825496674
0.7751674652099609 0.26770511269569397
0.7558308839797974 0.30820372700691223
0.7657086253166199 0.3298843204975128
0.7584840655326843 0.3512004017829895
0.7853587865829468 0.35529014468193054
0.7798408269882202 0.370980441570282
0.7705468535423279 0.3898882567882538
0.7779238820075989 0.4171827733516693
0.7591484785079956 0.4211006462574005
0.7894367575645447 0.4342704117298126
0.7692322134971619 0.44237789511680603
0.7832806706428528 0.46081972122192383
0.7671290636062622 0.4743277430534363
0.7818267345428467 0.48376524448394775
0.7794861793518066 0.5026475191116333
0.7667430639266968 0.5116839408874512
0.783200740814209 0.5338200926780701
0.7631937861442566 0.5399913787841797
0.777497410774231 0.5496271848678589
0.7897788882255554 0.5789762139320374
0.764503002166748 0.5754066109657288
0.7688348889350891 0.5931857228279114
0.7637914419174194 0.6315708756446838
0.7450464963912964 0.6380887031555176
0.7749843597412109 0.6631828546524048
0.7544421553611755 0.6829202771186829
0.7496246695518494 0.7112980484962463
0.7452260255813599 0.7338355183601379
0.7609177827835083 0.783694863319397
0.8150051236152649 0.19263175129890442
0.839059054851532 0.25247496366500854
0.7958123087882996 0.2963535189628601
0.8615143299102783 0.30646029114723206
0.8421201705932617 0.3636874854564667
0.8177292943000793 0.3402586579322815
0.8026119470596313 0.38434678316116333
0.7911907434463501 0.4008975625038147
0.8268120884895325 0.40402838587760925
0.8021950125694275 0.4296400845050812
0.8566403388977051 0.42239683866500854
0.7933389544487 0.45283734798431396
0.8357024192810059 0.4636954963207245
0.8171272873878479 0.47844362258911133
0.8582632541656494 0.5161441564559937
0.7963497638702393 0.4906364977359772
0.8170812129974365 0.5066385865211487
0.7935264706611633 0.5175438523292542
0.8136498928070068 0.5335178375244141
0.8071494102478027 0.5538135766983032
0.8410147428512573 0.5613570213317871
0.810097873210907 0.5908352136611938
0.7773074507713318 0.6086530685424805
0.8614788055419922 0.6113463044166565
0.8030733466148376 0.6232224702835083
0.8196789026260376 0.656887948513031
0.7956512570381165 0.6987547278404236
0.8429496884346008 0.7144452333450317
0.7918615341186523 0.741252601146698
0.8079450130462646 0.8247504234313965
