0.28880457183451885

0.32246285676956177 0.34125369787216187 0.3036328852176666
0.46308764815330505 0.48394328355789185 0.46479490399360657
0.7338933944702148 0.7250261306762695 0.6985455751419067
0.41174301505088806 0.423362135887146 0.3899815082550049
0.5317051410675049 0.5404473543167114 0.5085371136665344
0.3268872797489166 0.31259194016456604 0.27366748452186584
0.3832349181175232 0.37915730476379395 0.3458479642868042
0.4683637320995331 0.4757269620895386 0.43958210945129395
0.27324607968330383 0.2716490626335144 0.24311049282550812
0.32379287481307983 0.31811201572418213 0.27666667103767395
0.47450846433639526 0.4886401295661926 0.460219144821167
0.36688387393951416 0.37234222888946533 0.3308131992816925
0.5125373005867004 0.5286604166030884 0.5021337866783142
0.40295132994651794 0.41048502922058105 0.37471339106559753
0.3527064919471741 0.3540443181991577 0.3195951581001282
0.23984165489673615 0.23749250173568726 0.22443100810050964
0.44830480217933655 0.46884816884994507 0.4349781274795532
0.5732649564743042 0.584890604019165 0.5448315739631653
0.5105231404304504 0.5324975848197937 0.4949530363082886
0.6567469835281372 0.6592733860015869 0.6306473016738892
0.7799522280693054 0.7663754820823669 0.741875171661377
0.7007655501365662 0.7022169232368469 0.6713122129440308
0.45310506224632263 0.4759827256202698 0.43922746181488037
0.5580174922943115 0.567034125328064 0.5391941666603088
0.6963561177253723 0.7041369676589966 0.6848182678222656
0.7677863836288452 0.7723822593688965 0.7577579021453857
0.6300470232963562 0.6430146098136902 0.6188932657241821
0.5323486924171448 0.5600963234901428 0.5308768153190613
0.3797532916069031 0.40574827790260315 0.3721376061439514
0.5614646077156067 0.5821818113327026 0.5596751570701599
0.6160563230514526 0.6334678530693054 0.6115565896034241
0.4098338782787323 0.43204978108406067 0.40370234847068787
0.2841237187385559 0.28452470898628235 0.2413431853055954
0.5255467295646667 0.5474129915237427 0.5127147436141968
0.5868728160858154 0.5996450781822205 0.5750015377998352
0.7021433711051941 0.6962139010429382 0.6567783951759338
0.8427689671516418 0.841022253036499 0.8336608409881592
0.6364426612854004 0.634668231010437 0.6029602289199829
0.8281089067459106 0.8162475824356079 0.7970754504203796
0.7458280920982361 0.7439929246902466 0.7162904739379883
0.5421738624572754 0.5483689308166504 0.517005980014801
0.6496642231941223 0.6525272130966187 0.625586211681366
0.7942475080490112 0.7883408665657043 0.7702904343605042
0.6113432049751282 0.6142919063568115 0.5904995203018188
0.8314290046691895 0.8237207531929016 0.8051202893257141
0.7495554685592651 0.7393449544906616 0.7142166495323181
0.3140791654586792 0.2986157536506653 0.26164400577545166
0.6927861571311951 0.6960806846618652 0.6654142737388611
0.6193230748176575 0.6183290481567383 0.587610125541687
0.3450298309326172 0.35048648715019226 0.311109721660614
0.37682339549064636 0.3869999349117279 0.3452255427837372
0.4888279438018799 0.501943826675415 0.4592839181423187
0.3592795431613922 0.3682171404361725 0.33274275064468384
0.5998288989067078 0.6052466630935669 0.5725440382957458
0.2989925146102905 0.2964484691619873 0.2619656026363373
0.37761154770851135 0.39720383286476135 0.3583415746688843
0.32537218928337097 0.34595608711242676 0.308028906583786
0.4399634301662445 0.46888867020606995 0.42872169613838196
0.35457006096839905 0.3757006824016571 0.34246864914894104
0.46257930994033813 0.4905146062374115 0.4523794651031494
0.7142466306686401 0.7224985957145691 0.7038524746894836
0.34957802295684814 0.36952272057533264 0.3306933045387268
0.45771077275276184 0.4779675304889679 0.4499471187591553
0.3168852627277374 0.33734452724456787 0.3097868263721466
0.2489006668329239 0.2492142617702484 0.20552927255630493
0.3499484360218048 0.3672581613063812 0.32003331184387207
0.4495962858200073 0.4632189869880676 0.43024367094039917
0.3246643543243408 0.32961878180503845 0.28610509634017944
0.7813743948936462 0.7734785079956055 0.7532484531402588
0.27597251534461975 0.26479101181030273 0.22509275376796722
0.5160833597183228 0.5169095396995544 0.4805947244167328
0.682460367679596 0.6764137148857117 0.6297874450683594
0.7825173139572144 0.7718124389648438 0.7524621486663818
0.8641769289970398 0.8631967306137085 0.8535268306732178
0.7205569744110107 0.7206392884254456 0.6882209181785583
0.8764864206314087 0.8712176084518433 0.8580831289291382
0.7565505504608154 0.7376456260681152 0.7041410803794861
0.6794241070747375 0.6716833710670471 0.6496603488922119
0.5332009792327881 0.5307251214981079 0.4945662021636963
0.8071970343589783 0.7984976768493652 0.775933027267456
0.8551194071769714 0.8429001569747925 0.8200216293334961
0.32473328709602356 0.31233158707618713 0.2663745582103729
0.29007095098495483 0.288548082113266 0.2547197937965393
0.31930607557296753 0.325234979391098 0.2818785607814789
0.27520620822906494 0.27080321311950684 0.23172317445278168
0.5734910368919373 0.5702742338180542 0.53191077709198
0.22161731123924255 0.20829851925373077 0.1753261834383011
0.4873291552066803 0.5051500201225281 0.4701012670993805
0.6019654273986816 0.6079556345939636 0.5704293847084045
0.5379515290260315 0.5476397275924683 0.5152003765106201
0.27627548575401306 0.2881969213485718 0.24698056280612946
0.6101455688476562 0.6233109831809998 0.5883647799491882
0.8003771305084229 0.8029612302780151 0.7940059304237366
0.74684739112854 0.7480378746986389 0.7316347360610962
0.7095745801925659 0.7169436812400818 0.6978054046630859
0.581550121307373 0.606633722782135 0.5751515626907349
0.4045606255531311 0.42567604780197144 0.3794736862182617
0.7277136445045471 0.7238246202468872 0.6824313998222351
0.6907984018325806 0.6785925626754761 0.6358138918876648
0.2750259041786194 0.2632296085357666 0.22585517168045044
0.6314128637313843 0.6157497763633728 0.5753896236419678
0.20961891114711761 0.2019021213054657 0.17602577805519104
0.36455294489860535 0.3529900014400482 0.3103358745574951
0.4175702929496765 0.41053497791290283 0.3769761621952057
0.6267204880714417 0.6108558773994446 0.5711645483970642
0.7269303202629089 0.7224384546279907 0.6800049543380737
0.420062392950058 0.41320234537124634 0.36749139428138733
0.8461209535598755 0.8483714461326599 0.8189527988433838
0.8989649415016174 0.8908372521400452 0.8787178993225098
0.47433340549468994 0.4834936559200287 0.44616708159446716
0.6341902017593384 0.6169577240943909 0.5852816700935364
0.4736487865447998 0.4707256853580475 0.43014147877693176
0.7655829191207886 0.7442720532417297 0.7115698456764221
0.4228343665599823 0.4371218979358673 0.3880557715892792
0.22694645822048187 0.2286432683467865 0.20734675228595734
0.5374075770378113 0.5317711234092712 0.49867114424705505
0.4445568919181824 0.4406357407569885 0.40222057700157166
0.6674081683158875 0.6520522832870483 0.6222454905509949
0.7260698080062866 0.7097907066345215 0.6803572177886963
0.7487584948539734 0.74484783411026 0.715390145778656
0.6824723482131958 0.675330638885498 0.6396479606628418
0.3529013991355896 0.362989217042923 0.3224462568759918
0.2417421191930771 0.24572351574897766 0.21469710767269135
0.4075048565864563 0.418815553188324 0.3830268681049347
0.3309120833873749 0.34409141540527344 0.3087489604949951
0.5507352948188782 0.5648439526557922 0.5210773944854736
0.6646449565887451 0.6739007234573364 0.6420800089836121
0.488558292388916 0.5065288543701172 0.4587191343307495
0.589409351348877 0.5979412198066711 0.5487985610961914
0.822552502155304 0.8281815052032471 0.810401976108551
0.7953231334686279 0.789085865020752 0.7580671310424805
0.5453819036483765 0.5465103983879089 0.49675777554512024
0.49480822682380676 0.5097589492797852 0.4571913778781891
0.3548358380794525 0.33463069796562195 0.2825663685798645
0.28945907950401306 0.2702139914035797 0.22775143384933472
0.2276497185230255 0.208915114402771 0.18813076615333557
0.2913023829460144 0.27494868636131287 0.22847968339920044
0.539821207523346 0.5312774777412415 0.490983247756958
0.6053123474121094 0.5871585607528687 0.5502261519432068
0.8241679072380066 0.8252919316291809 0.7959271669387817
0.8645432591438293 0.859466016292572 0.8425499200820923
0.8607404828071594 0.846596896648407 0.8259298205375671
0.8362807631492615 0.8196371793746948 0.7993690967559814
0.8037205338478088 0.782935380935669 0.7556779980659485
0.7285540103912354 0.7071809768676758 0.6757095456123352
0.280741810798645 0.27261877059936523 0.23503753542900085
0.19667543470859528 0.19621090590953827 0.1751016080379486
0.409357488155365 0.4059728682041168 0.3612784743309021
0.8377780914306641 0.8277156352996826 0.8054215908050537
0.8754445314407349 0.8695329427719116 0.8459802865982056
0.884980320930481 0.88205486536026 0.856825053691864
0.7991609573364258 0.799274206161499 0.766936182975769
0.824815034866333 0.8223825097084045 0.8041074872016907
0.7344802021980286 0.7402058839797974 0.6981692314147949
0.2961905896663666 0.29018744826316833 0.2440427839756012
0.23994754254817963 0.23155349493026733 0.18551026284694672
0.18906819820404053 0.18657776713371277 0.1537548005580902
0.2917226552963257 0.30053141713142395 0.2578451633453369
0.42981088161468506 0.4437583088874817 0.4048241972923279
0.6071507334709167 0.6260600090026855 0.5955290794372559
0.5237546563148499 0.5455018281936646 0.4780769944190979
0.769196629524231 0.7623522877693176 0.726385235786438
0.7135682106018066 0.7061772346496582 0.6621010303497314
0.37737733125686646 0.3716331124305725 0.3130497634410858
0.3107811510562897 0.2954673767089844 0.2526467740535736
0.15340754389762878 0.14631657302379608 0.11807037889957428
0.25472673773765564 0.23243942856788635 0.20044182240962982
0.46721482276916504 0.4753097891807556 0.4240322411060333
0.16578489542007446 0.1599450409412384 0.13751861453056335
0.35665860772132874 0.32445618510246277 0.27709081768989563
0.47945451736450195 0.4727720618247986 0.422029584646225
0.7312968373298645 0.7236706018447876 0.6871952414512634
0.7993771433830261 0.7936012744903564 0.7597700357437134
0.6411991119384766 0.6141728162765503 0.5749012231826782
0.8814085125923157 0.8845112919807434 0.8577789068222046
0.872796356678009 0.8625884652137756 0.8417537212371826
0.6882879734039307 0.6626355051994324 0.6274831295013428
0.15021812915802002 0.14398585259914398 0.1317451000213623
0.18083973228931427 0.16409936547279358 0.14248555898666382
0.276954710483551 0.26974567770957947 0.22998765110969543
0.8341449499130249 0.8194292783737183 0.7956651449203491
0.84818434715271 0.8435463309288025 0.8170557022094727
0.8545497059822083 0.8525716662406921 0.8247892260551453
0.7749666571617126 0.7683179378509521 0.7380504012107849
0.8733055591583252 0.8693472146987915 0.8461532592773438
0.8441548347473145 0.8413413166999817 0.8242816925048828
0.6738544702529907 0.6784399151802063 0.6416901350021362
0.5274733901023865 0.5366497039794922 0.49029308557510376
0.4186416566371918 0.42625123262405396 0.3703984022140503
0.3355955183506012 0.3416884243488312 0.29811549186706543
0.38410893082618713 0.3990572690963745 0.35022997856140137
0.5203182101249695 0.5336568355560303 0.4823604226112366
0.35454559326171875 0.36759158968925476 0.2965090274810791
0.4503955543041229 0.4660550057888031 0.3896528482437134
0.62331622838974 0.6290779709815979 0.5728402733802795
0.43885672092437744 0.44415152072906494 0.3678940236568451
0.28587037324905396 0.27175283432006836 0.22441744804382324
0.20990315079689026 0.1899649202823639 0.1599564403295517
0.14433042705059052 0.1355629861354828 0.10878968983888626
0.30852121114730835 0.29216164350509644 0.24433569610118866
0.37798061966896057 0.3579261898994446 0.30186280608177185
0.23704737424850464 0.2245570719242096 0.1910669356584549
0.3003004193305969 0.2792325019836426 0.2335825115442276
0.3725675642490387 0.3556306064128876 0.30502402782440186
0.44664108753204346 0.4211110472679138 0.36257320642471313
0.556864321231842 0.5281499624252319 0.4850514233112335
0.7736570835113525 0.7499644756317139 0.7204439640045166
0.583228349685669 0.562643826007843 0.5297521948814392
0.4375282824039459 0.4125368595123291 0.37142449617385864
0.22558143734931946 0.2149479240179062 0.19217264652252197
0.3436214029788971 0.3383999466896057 0.29525890946388245
0.7234679460525513 0.6958979368209839 0.6623967289924622
0.8110681176185608 0.789180338382721 0.7572374939918518
0.7659923434257507 0.743351399898529 0.7112727761268616
0.5456947088241577 0.5166555047035217 0.4775732457637787
0.6910574436187744 0.6698567271232605 0.6363141536712646
0.8171938061714172 0.8141527771949768 0.7769287824630737
0.7301405072212219 0.7317774891853333 0.6955974698066711
0.3687143921852112 0.37562674283981323 0.3259870409965515
0.24726331233978271 0.23236599564552307 0.1944303959608078
0.32077229022979736 0.31002748012542725 0.2614625096321106
0.2753487527370453 0.27866244316101074 0.23848025500774384
0.23915021121501923 0.2550997734069824 0.22325864434242249
0.3537895679473877 0.37149831652641296 0.3186298608779907
0.2448892891407013 0.2414616346359253 0.1927834153175354
0.27541986107826233 0.2785763740539551 0.22617830336093903
0.33126118779182434 0.3212319612503052 0.25740084052085876
0.3921487629413605 0.38589081168174744 0.3047337532043457
0.2548506259918213 0.23158584535121918 0.19256338477134705
0.12198930233716965 0.11630257219076157 0.09586315602064133
0.2258617877960205 0.19860224425792694 0.16121365129947662
0.4426056146621704 0.4254882335662842 0.35962140560150146
0.26089417934417725 0.23158898949623108 0.19092820584774017
0.34928369522094727 0.3078964650630951 0.2557831406593323
0.19991904497146606 0.18764832615852356 0.1630476862192154
0.1535082310438156 0.14819975197315216 0.1388588398694992
0.26484957337379456 0.24455685913562775 0.2122247964143753
0.3889961838722229 0.3401697874069214 0.2850818336009979
0.3366987705230713 0.306692898273468 0.2567027509212494
0.2868642807006836 0.26452767848968506 0.23586830496788025
0.3911722004413605 0.35368746519088745 0.30625274777412415
0.3285234570503235 0.3038865327835083 0.254497230052948
0.1403927356004715 0.13147978484630585 0.11520962417125702
0.3202205002307892 0.3031187951564789 0.2563078999519348
0.41550734639167786 0.36104875802993774 0.30686503648757935
0.6318655610084534 0.6076705455780029 0.5654033422470093
0.3309270143508911 0.30955711007118225 0.26349809765815735
0.40945887565612793 0.3823429346084595 0.33273687958717346
0.46096378564834595 0.4551612138748169 0.4091903567314148
0.548957109451294 0.5335817337036133 0.48237860202789307
0.20187562704086304 0.18639594316482544 0.15594619512557983
0.15367643535137177 0.1420559585094452 0.11691810935735703
0.22435002028942108 0.20859576761722565 0.17409957945346832
0.17725715041160583 0.16585862636566162 0.13643185794353485
0.20640325546264648 0.2059011459350586 0.17160117626190186
0.3066529929637909 0.30991432070732117 0.24473455548286438
0.3183470666408539 0.32761266827583313 0.25790169835090637
0.21404720842838287 0.21167270839214325 0.16570065915584564
0.18593189120292664 0.17212511599063873 0.13117912411689758
0.22497184574604034 0.2139926254749298 0.16639329493045807
0.18163654208183289 0.1614099144935608 0.12414149940013885
0.3813322186470032 0.3592395484447479 0.2897856533527374
0.5369668006896973 0.5191976428031921 0.4653497338294983
0.1862969994544983 0.16050316393375397 0.1284572333097458
0.14874456822872162 0.1302502602338791 0.11083940416574478
0.1171271950006485 0.10946552455425262 0.0940345972776413
0.20196664333343506 0.177146777510643 0.1429765224456787
0.31085121631622314 0.27246105670928955 0.21846717596054077
0.2253626137971878 0.20279978215694427 0.1604962944984436
0.15757505595684052 0.14789994060993195 0.13213860988616943
0.18116730451583862 0.1719936579465866 0.14896854758262634
0.2335425764322281 0.20619836449623108 0.17141379415988922
0.4880163371562958 0.43189460039138794 0.3614141047000885
0.648869514465332 0.6139239072799683 0.5756826996803284
0.5518952012062073 0.5039413571357727 0.45759180188179016
0.48501256108283997 0.42590492963790894 0.3563445210456848
0.30106815695762634 0.270672082901001 0.22766686975955963
0.24774114787578583 0.22227808833122253 0.18660219013690948
0.218149334192276 0.1964978575706482 0.16624978184700012
0.1637183129787445 0.14752846956253052 0.11956406384706497
0.2966329753398895 0.2653166353702545 0.222172349691391
0.6777650117874146 0.6696996688842773 0.635562002658844
0.6246240139007568 0.6315431594848633 0.5810205340385437
0.5241509079933167 0.5107227563858032 0.4469994902610779
0.7813124060630798 0.7771289348602295 0.7502434253692627
0.33315157890319824 0.33569249510765076 0.2731093168258667
0.44229602813720703 0.4484560191631317 0.382417768239975
0.5009254813194275 0.5094119906425476 0.432199090719223
0.38831257820129395 0.41045689582824707 0.32227858901023865
0.26854991912841797 0.2723284959793091 0.21050505340099335
0.1383691281080246 0.12247733026742935 0.09639252722263336
0.16583940386772156 0.1551077961921692 0.12571358680725098
0.2782851457595825 0.2596602737903595 0.199659064412117
0.7018020749092102 0.6936525702476501 0.6530230641365051
0.8533840179443359 0.8520985841751099 0.8240134716033936
0.6364177465438843 0.6230683326721191 0.5757790803909302
0.22573275864124298 0.19164060056209564 0.15160420536994934
0.3223496079444885 0.27575647830963135 0.21531879901885986
0.3965553641319275 0.3672049641609192 0.30196624994277954
0.17538577318191528 0.152544766664505 0.12725874781608582
0.13095209002494812 0.12147372961044312 0.10156597942113876
0.11578488349914551 0.10567378997802734 0.08658134192228317
0.14869016408920288 0.13544435799121857 0.1125948578119278
0.24152469635009766 0.2149571031332016 0.18450255692005157
0.27922165393829346 0.24341008067131042 0.20079684257507324
0.364218145608902 0.3189302384853363 0.2698776423931122
0.25941410660743713 0.230668842792511 0.1959761530160904
0.2170688658952713 0.19468094408512115 0.16815049946308136
0.17330485582351685 0.16383981704711914 0.143033966422081
0.13974004983901978 0.12545232474803925 0.10343947261571884
0.1907140612602234 0.1724681258201599 0.1440657526254654
0.4007464349269867 0.36260825395584106 0.3006827235221863
0.6288937330245972 0.60085529088974 0.5494861602783203
0.44849157333374023 0.42644158005714417 0.3607545793056488
0.2919742465019226 0.26966866850852966 0.22397509217262268
0.7599982619285583 0.759059727191925 0.7118512392044067
0.8543723821640015 0.8515928983688354 0.8317373991012573
0.701120913028717 0.7162697911262512 0.6586247682571411
0.7472544312477112 0.7421340942382812 0.7083171606063843
0.6657315492630005 0.676128625869751 0.6118992567062378
0.5427191257476807 0.5526394248008728 0.4653835892677307
0.4776577651500702 0.48139849305152893 0.3849823474884033
0.3261738121509552 0.32535600662231445 0.25585103034973145
0.5240809917449951 0.5267760753631592 0.4390818476676941
0.771069347858429 0.7724950313568115 0.7401824593544006
0.8962542414665222 0.883908748626709 0.8646549582481384
0.794783353805542 0.7908650636672974 0.7577369213104248
0.8700949549674988 0.8649286031723022 0.8320520520210266
0.4632604718208313 0.41288653016090393 0.34006553888320923
0.25454556941986084 0.22456040978431702 0.17721444368362427
0.5751881003379822 0.5310162901878357 0.47926488518714905
0.3157159388065338 0.27776217460632324 0.21967127919197083
0.24940884113311768 0.22108685970306396 0.17554700374603271
0.15027101337909698 0.1325261890888214 0.10660449415445328
0.20332449674606323 0.1766868233680725 0.1430341601371765
0.35208001732826233 0.30602553486824036 0.2526426613330841
0.4382358193397522 0.3713485300540924 0.30346667766571045
0.5257968902587891 0.45223453640937805 0.37167462706565857
0.5974198579788208 0.5527598261833191 0.5055387616157532
0.19919465482234955 0.1782228797674179 0.154911607503891
0.11910419166088104 0.11006324738264084 0.09400610625743866
0.16241160035133362 0.14353227615356445 0.11646255105733871
0.2962743639945984 0.26071977615356445 0.21771414577960968
0.5189806818962097 0.480279803276062 0.4150962233543396
0.8402477502822876 0.8308009505271912 0.8007775545120239
0.5418188571929932 0.527225911617279 0.4530229866504669
0.1627204865217209 0.1521049290895462 0.12436679005622864
0.4016587436199188 0.40044447779655457 0.3216590881347656
0.7954939603805542 0.7919358015060425 0.7645609378814697
0.8266887664794922 0.8225190043449402 0.7963695526123047
0.5923269391059875 0.5922795534133911 0.514524519443512
0.3993549644947052 0.41052016615867615 0.33506762981414795
0.22400973737239838 0.22131845355033875 0.16059339046478271
0.19113773107528687 0.18724924325942993 0.145527645945549
0.4024408161640167 0.3934746980667114 0.3051581382751465
0.6256125569343567 0.6122964024543762 0.54432612657547
0.8231506943702698 0.8158974647521973 0.7742270231246948
0.7082051634788513 0.7046803832054138 0.6560087203979492
0.3721604645252228 0.35018739104270935 0.2850239872932434
0.6037459373474121 0.5855937600135803 0.5193260312080383
0.7202588319778442 0.7135038375854492 0.6666866540908813
0.1254233568906784 0.10205215215682983 0.08335013687610626
0.35141056776046753 0.3019976019859314 0.23514258861541748
0.47076207399368286 0.41176095604896545 0.34896326065063477
0.37304192781448364 0.32312291860580444 0.25994986295700073
0.29926052689552307 0.2585080564022064 0.20583738386631012
0.5610097050666809 0.499381422996521 0.4375971555709839
0.8220624327659607 0.8045582175254822 0.7705957889556885
0.8803890347480774 0.8768657445907593 0.8428162932395935
0.8409274816513062 0.8338723182678223 0.7999288439750671
0.7826740741729736 0.7644654512405396 0.7306791543960571
0.3250690996646881 0.278572142124176 0.225830540060997
0.16943645477294922 0.14435094594955444 0.12254361063241959
0.2665702998638153 0.22249269485473633 0.18456538021564484
0.20633003115653992 0.18476039171218872 0.15274782478809357
0.3661922216415405 0.31195613741874695 0.25109368562698364
0.7782172560691833 0.7576775550842285 0.7124951481819153
0.48269110918045044 0.4502493441104889 0.3735540807247162
0.23529347777366638 0.22709326446056366 0.18009650707244873
0.3443741798400879 0.3387543857097626 0.26276928186416626
0.5551170110702515 0.5505797266960144 0.4669349789619446
0.4537818431854248 0.45552268624305725 0.3640984296798706
0.2948637008666992 0.2990284562110901 0.23273935914039612
0.23584288358688354 0.24791784584522247 0.19521678984165192
0.2699590027332306 0.2667626440525055 0.19154800474643707
0.3053548336029053 0.314812034368515 0.2347642034292221
0.4875754714012146 0.4717545807361603 0.3664250075817108
0.5916593074798584 0.5836281180381775 0.5143206119537354
0.8604615330696106 0.8562171459197998 0.8249762058258057
0.6720499992370605 0.6566892862319946 0.5946228504180908
0.16666880249977112 0.14666299521923065 0.11107035726308823
0.3131214678287506 0.2825985252857208 0.22169172763824463
0.8387053608894348 0.8321118354797363 0.7912077307701111
0.16628460586071014 0.13736878335475922 0.1094277948141098
0.21459756791591644 0.18158583343029022 0.14654798805713654
0.6286128759384155 0.5906569361686707 0.5342669486999512
0.22600096464157104 0.1974744200706482 0.15616053342819214
0.4371432960033417 0.3637814521789551 0.3012167513370514
0.7257334589958191 0.7025082111358643 0.6665655374526978
0.8704650402069092 0.8538785576820374 0.824591875076294
0.762696385383606 0.7519928812980652 0.7135276198387146
0.6847949624061584 0.6654803156852722 0.6143074631690979
0.5417356491088867 0.45670223236083984 0.3891441524028778
0.4691613018512726 0.3961111009120941 0.3302905559539795
0.41898083686828613 0.3595944941043854 0.3003096282482147
0.35808679461479187 0.29907411336898804 0.2430872619152069
0.1364738792181015 0.12229155749082565 0.10248015075922012
0.2601660192012787 0.2267996072769165 0.18857187032699585
0.5711966156959534 0.5523764491081238 0.47546643018722534
0.3981309235095978 0.34342557191848755 0.27380919456481934
0.196989968419075 0.1831558644771576 0.14429964125156403
0.31111109256744385 0.293812096118927 0.2261444330215454
0.26184651255607605 0.25406119227409363 0.19292764365673065
0.49261730909347534 0.48736780881881714 0.3856479823589325
0.3901534378528595 0.370560884475708 0.28975093364715576
0.4511641263961792 0.4557405412197113 0.361056923866272
0.3749483823776245 0.38500040769577026 0.28733137249946594
0.626473069190979 0.6192050576210022 0.5381321907043457
0.7776263356208801 0.7692888975143433 0.7257823348045349
0.8009012341499329 0.7979170083999634 0.7598032355308533
0.8713420629501343 0.8680750131607056 0.8340526223182678
0.7688360214233398 0.7678589224815369 0.7192813158035278
0.4982881546020508 0.4675069749355316 0.3769485056400299
0.7437368035316467 0.7358601689338684 0.6793163418769836
0.571822464466095 0.5348624587059021 0.459137499332428
0.6693171262741089 0.6465651392936707 0.5850710868835449
0.3025246262550354 0.2507830858230591 0.19678561389446259
0.7853491306304932 0.7753061056137085 0.7350258827209473
0.8822807669639587 0.8629592061042786 0.8384928107261658
0.6230565905570984 0.5716847777366638 0.5142555832862854
0.8083284497261047 0.7941468954086304 0.7644065618515015
0.8480265736579895 0.8384586572647095 0.7990169525146484
0.8937162160873413 0.8796129822731018 0.8483120799064636
0.6284730434417725 0.5483323335647583 0.4758903980255127
0.7483571171760559 0.7229287624359131 0.6744672656059265
0.8133267164230347 0.7968577742576599 0.7662269473075867
0.6638264656066895 0.609370231628418 0.5444341897964478
0.297282338142395 0.24180489778518677 0.18866652250289917
0.20054328441619873 0.17383991181850433 0.13709884881973267
0.4728071093559265 0.4110316336154938 0.3444068729877472
0.7216655015945435 0.6992657780647278 0.6245445609092712
0.28771519660949707 0.2627558410167694 0.20643191039562225
0.1663988083600998 0.15418541431427002 0.12476804852485657
0.13352985680103302 0.12194661051034927 0.10060402750968933
0.16896706819534302 0.16602006554603577 0.13672484457492828
0.23256880044937134 0.23999905586242676 0.1813509166240692
0.536946713924408 0.5310297012329102 0.4366457760334015
0.5932390689849854 0.5859346985816956 0.503401517868042
0.4527456760406494 0.4586910009384155 0.3507731258869171
0.5264676213264465 0.5209275484085083 0.43706390261650085
0.7092183828353882 0.7062538266181946 0.6418012380599976
0.7311163544654846 0.724003791809082 0.6688213348388672
0.8470041155815125 0.8406949639320374 0.8020880222320557
0.2814547121524811 0.25541952252388 0.19190309941768646
0.21865831315517426 0.19213420152664185 0.14506328105926514
0.6477166414260864 0.6201520562171936 0.5380827784538269
0.5271002650260925 0.4999745786190033 0.4237678349018097
0.37747085094451904 0.3232802450656891 0.2561657130718231
0.5359328985214233 0.491007000207901 0.42113208770751953
0.7389639616012573 0.7191914916038513 0.653784990310669
0.8321536183357239 0.8182519674301147 0.7837786674499512
0.5505290031433105 0.49186915159225464 0.42863959074020386
0.42426416277885437 0.35081803798675537 0.2952069044113159
0.6704917550086975 0.6386186480522156 0.5640067458152771
0.8616559505462646 0.8375574350357056 0.8015947341918945
0.8004739284515381 0.7907488942146301 0.740476131439209
0.8389454483985901 0.8243628740310669 0.7932846546173096
0.872718334197998 0.8612423539161682 0.8256499171257019
0.5558949708938599 0.5038827061653137 0.4307461082935333
0.22296233475208282 0.20071043074131012 0.16192789375782013
0.12266666442155838 0.11190944164991379 0.09399127215147018
0.32159316539764404 0.2795978784561157 0.21526965498924255
0.8260728120803833 0.7997696399688721 0.7490140795707703
0.552616536617279 0.5302025675773621 0.4339534044265747
0.24399523437023163 0.2245752215385437 0.17523977160453796
0.29482147097587585 0.2747209072113037 0.20518910884857178
0.20408950746059418 0.20449915528297424 0.158235564827919
0.3265279531478882 0.3208301067352295 0.24873176217079163
0.7038233876228333 0.7001837491989136 0.6255598664283752
0.7544530034065247 0.7432993054389954 0.6837761402130127
0.6527832746505737 0.6519442200660706 0.5602070093154907
0.5771684050559998 0.5738882422447205 0.47853797674179077
0.6176896691322327 0.6114537119865417 0.516910970211029
0.8146349787712097 0.8097447752952576 0.7728557586669922
0.655535876750946 0.6319841146469116 0.5469278693199158
0.4163163900375366 0.39893192052841187 0.31422775983810425
0.6988776326179504 0.6745719313621521 0.583666980266571
0.839827299118042 0.8342746496200562 0.7907232046127319
0.422085702419281 0.3682127892971039 0.30266135931015015
0.2536799907684326 0.2097804993391037 0.16452965140342712
0.1884283721446991 0.1502617746591568 0.11681365221738815
0.2587541341781616 0.21509890258312225 0.17027369141578674
0.4692206382751465 0.4035106897354126 0.3394443690776825
0.3519720137119293 0.2957993447780609 0.23801502585411072
0.23698604106903076 0.1908399760723114 0.14964212477207184
0.3543037176132202 0.30087441205978394 0.2559916377067566
0.4972287714481354 0.4180174171924591 0.35092395544052124
0.4013686180114746 0.33333122730255127 0.2750492990016937
0.5763586163520813 0.5206676125526428 0.4449059069156647
0.46590638160705566 0.3988761603832245 0.33624300360679626
0.36653605103492737 0.295048326253891 0.23901663720607758
0.13717402517795563 0.12436077743768692 0.10183444619178772
0.1835792362689972 0.16533291339874268 0.13328039646148682
0.24109020829200745 0.21139229834079742 0.16760368645191193
0.5795400738716125 0.5410444140434265 0.4466608762741089
0.5167669057846069 0.46245911717414856 0.3753213584423065
0.462192177772522 0.4413137137889862 0.35022610425949097
0.8045158386230469 0.7846705913543701 0.733137309551239
0.41195765137672424 0.3940778374671936 0.30121153593063354
0.6170499920845032 0.6135832667350769 0.5126850008964539
0.7926767468452454 0.7769015431404114 0.7225290536880493
0.8033527135848999 0.7909755110740662 0.7405316829681396
0.7654604911804199 0.7617971897125244 0.7067264914512634
0.5079171657562256 0.49624553322792053 0.3867146074771881
0.3478509783744812 0.3410194218158722 0.2534019649028778
0.5482689142227173 0.536228597164154 0.44552358984947205
0.6950356364250183 0.6798511743545532 0.5919498801231384
0.5209155082702637 0.5102307200431824 0.41172030568122864
0.3423023819923401 0.31457921862602234 0.24032412469387054
0.5977552533149719 0.5823930501937866 0.48047634959220886
0.343630313873291 0.2868249714374542 0.22156235575675964
0.18303276598453522 0.14729095995426178 0.11347802728414536
0.14146143198013306 0.11301450431346893 0.08891808241605759
0.22985228896141052 0.19000034034252167 0.1494707614183426
0.4100337028503418 0.3745780289173126 0.3108936548233032
0.3000924587249756 0.2494775801897049 0.1990675926208496
0.1801120787858963 0.1468105912208557 0.11940374225378036
0.2745489180088043 0.22777502238750458 0.18181690573692322
0.3223607540130615 0.27723678946495056 0.21669432520866394
0.23556473851203918 0.1939845085144043 0.15043257176876068
0.2945810854434967 0.24577899277210236 0.20417118072509766
0.19330517947673798 0.17664825916290283 0.14239440858364105
0.15900827944278717 0.14455871284008026 0.11152245849370956
0.3131488859653473 0.2753284275531769 0.22311244904994965
0.7857545614242554 0.7634557485580444 0.6987631320953369
0.42826956510543823 0.387798935174942 0.2990356683731079
0.6453189849853516 0.6170485019683838 0.5194902420043945
0.36865609884262085 0.3269534707069397 0.25139814615249634
0.3271499276161194 0.2970639169216156 0.2206532210111618
0.6015159487724304 0.5903029441833496 0.49086427688598633
0.4546600878238678 0.4369698464870453 0.3326379358768463
0.5267869234085083 0.5124453902244568 0.41473570466041565
0.6658697128295898 0.6600279211997986 0.5591164827346802
0.7438612580299377 0.7313411831855774 0.6596499681472778
0.35969406366348267 0.3515944480895996 0.2509831488132477
0.30899858474731445 0.3043421506881714 0.21244782209396362
0.2469463348388672 0.2428387999534607 0.17918431758880615
0.17753858864307404 0.16491462290287018 0.126671701669693
0.28228381276130676 0.2670866549015045 0.19636669754981995
0.22832618653774261 0.21182222664356232 0.16530318558216095
0.16406938433647156 0.13942550122737885 0.10432466119527817
0.2849661707878113 0.26081281900405884 0.1870587021112442
0.2248632162809372 0.19256706535816193 0.14641892910003662
0.13713622093200684 0.11272414773702621 0.0838569849729538
0.11449514329433441 0.09312224388122559 0.07293868809938431
0.169246107339859 0.13827547430992126 0.106946662068367
0.31335651874542236 0.2736224830150604 0.21246390044689178
0.2347743809223175 0.20960021018981934 0.16235750913619995
0.15995892882347107 0.1294088363647461 0.10375639796257019
0.25046026706695557 0.21166521310806274 0.16455496847629547
0.18814076483249664 0.15772205591201782 0.12438368797302246
0.16697822511196136 0.15043678879737854 0.11893214285373688
0.12389545887708664 0.10984189063310623 0.08918063342571259
0.2290273755788803 0.19822056591510773 0.16284218430519104
0.2643929123878479 0.22817228734493256 0.18593458831310272
0.3921155333518982 0.3394915461540222 0.2716330289840698
0.8268445730209351 0.8025639057159424 0.7464351654052734
0.7256163954734802 0.7013075351715088 0.6187752485275269
0.3149876892566681 0.2873893678188324 0.2159760445356369
0.25952857732772827 0.23311810195446014 0.17542241513729095
0.1601151078939438 0.14825741946697235 0.11061596125364304
0.2330620139837265 0.2230430692434311 0.17412154376506805
0.1904526948928833 0.1781284511089325 0.13951408863067627
0.2790256440639496 0.2718842625617981 0.1967192441225052
0.3516371548175812 0.3605826795101166 0.26524633169174194
0.454350084066391 0.45142194628715515 0.3495236039161682
0.5880783200263977 0.5897587537765503 0.4835689663887024
0.658922553062439 0.6524970531463623 0.5625897645950317
0.4496004581451416 0.4424666464328766 0.3282996416091919
0.20641818642616272 0.1979265809059143 0.13978734612464905
0.15370753407478333 0.1425533890724182 0.10876329988241196
0.3433675765991211 0.3200734257698059 0.2405625879764557
0.44640907645225525 0.41324499249458313 0.31351959705352783
0.18915876746177673 0.17447420954704285 0.13478988409042358
0.25717398524284363 0.21826952695846558 0.16960950195789337
0.46943873167037964 0.41796985268592834 0.3325260877609253
0.5984265804290771 0.570288360118866 0.4756181836128235
0.36539992690086365 0.31871363520622253 0.24547144770622253
0.1944025158882141 0.1666235476732254 0.12296631932258606
0.15278857946395874 0.13144151866436005 0.10290317237377167
0.20879797637462616 0.1807117462158203 0.13697181642055511
0.5633095502853394 0.5233418345451355 0.42255014181137085
0.6588332653045654 0.6166263222694397 0.5124356150627136
0.7709481716156006 0.737450897693634 0.6626089811325073
0.8339389562606812 0.8003615736961365 0.7394208908081055
0.6935321688652039 0.6537398099899292 0.5774672031402588
0.6267470717430115 0.587096631526947 0.48599523305892944
0.45593196153640747 0.4109392464160919 0.3231363296508789
0.8569002151489258 0.8335970640182495 0.7866513133049011
0.7952231168746948 0.7694023847579956 0.7092174291610718
0.5444233417510986 0.5197139978408813 0.41718316078186035
0.6960667967796326 0.6625393629074097 0.568192720413208
0.3966088891029358 0.3731251358985901 0.27654096484184265
0.5397456288337708 0.5268076658248901 0.41325339674949646
0.4781680703163147 0.4645308554172516 0.35494232177734375
0.5624551773071289 0.5596864223480225 0.4465133249759674
0.7285783886909485 0.7139997482299805 0.6229989528656006
0.7775855660438538 0.7624320983886719 0.6934329867362976
0.47945114970207214 0.4751072824001312 0.35558030009269714
0.5444457530975342 0.5443387031555176 0.42081913352012634
0.3647700846195221 0.3496045172214508 0.2462453693151474
0.24272894859313965 0.24040304124355316 0.16651660203933716
0.4213580787181854 0.39653685688972473 0.29746681451797485
0.48764878511428833 0.4664691388607025 0.35986238718032837
0.22279508411884308 0.20229250192642212 0.15296073257923126
0.15234772861003876 0.1358565092086792 0.10187284648418427
0.2991708219051361 0.2738100588321686 0.19846157729625702
0.5393440127372742 0.5185352563858032 0.43211424350738525
0.710471510887146 0.6689258217811584 0.5783360600471497
0.5265464186668396 0.49245306849479675 0.39679235219955444
0.22924582660198212 0.19701659679412842 0.14963524043560028
0.13219374418258667 0.11878547072410583 0.08984889835119247
0.33101123571395874 0.2957823872566223 0.2267807573080063
0.3658415973186493 0.32881438732147217 0.25087881088256836
0.43004748225212097 0.3962307572364807 0.3131457567214966
0.47910115122795105 0.45400339365005493 0.35530248284339905
0.5693649649620056 0.5291009545326233 0.41880470514297485
0.2611200511455536 0.24043095111846924 0.190248042345047
0.2045000195503235 0.19013464450836182 0.15241998434066772
0.29557353258132935 0.2804236114025116 0.21743106842041016
0.7477259635925293 0.7089468240737915 0.6306893229484558
0.8410679697990417 0.8149464130401611 0.7561514377593994
0.2491225004196167 0.22773361206054688 0.1700059473514557
0.2111220508813858 0.18228480219841003 0.14576713740825653
0.47772765159606934 0.44829806685447693 0.34090009331703186
0.6261269450187683 0.6074527502059937 0.49796655774116516
0.3999924957752228 0.3809727132320404 0.2812730073928833
0.508574903011322 0.500968873500824 0.38608455657958984
0.6577739715576172 0.6487974524497986 0.5442050695419312
0.5441412329673767 0.5293840765953064 0.40885549783706665
0.39204081892967224 0.38182589411735535 0.26825353503227234
0.265968918800354 0.26714321970939636 0.18608039617538452
0.21105344593524933 0.2143913358449936 0.14621801674365997
0.29667413234710693 0.29089534282684326 0.20790426433086395
0.6165754199028015 0.6042897701263428 0.4959169626235962
0.5611176490783691 0.5516822338104248 0.4244557023048401
0.15461108088493347 0.14562860131263733 0.1061917319893837
0.6020469665527344 0.5935534238815308 0.48177066445350647
0.49529868364334106 0.4596179127693176 0.3597974479198456
0.3692338466644287 0.343201220035553 0.2618353068828583
0.44112706184387207 0.4182156026363373 0.31917083263397217
0.27553850412368774 0.24633777141571045 0.1836954951286316
0.3794418275356293 0.3574633300304413 0.27743011713027954
0.2883874773979187 0.2554880380630493 0.1938769668340683
0.1695479303598404 0.1542399674654007 0.11883724480867386
0.24613426625728607 0.21955609321594238 0.16467513144016266
0.2991030216217041 0.2728949785232544 0.20308829843997955
0.15512095391750336 0.14785300195217133 0.1107918992638588
0.21788738667964935 0.20407237112522125 0.15317408740520477
0.1645805686712265 0.15077511966228485 0.11502926796674728
0.3509540259838104 0.3145415484905243 0.24899476766586304
0.5108482837677002 0.4710787534713745 0.35838398337364197
0.5576540231704712 0.5330027341842651 0.43001610040664673
0.6480971574783325 0.6240260601043701 0.5218158960342407
0.3078835606575012 0.2733568549156189 0.20963157713413239
0.18550345301628113 0.1609201729297638 0.11920945346355438
0.26015138626098633 0.2446572333574295 0.18314725160598755
0.35340768098831177 0.3461935222148895 0.24399441480636597
0.22509074211120605 0.21536993980407715 0.15906018018722534
0.31708967685699463 0.32164397835731506 0.2271202951669693
0.4429338872432709 0.43572670221328735 0.32623836398124695
0.3992340564727783 0.3935028612613678 0.27187618613243103
0.6528688073158264 0.6484089493751526 0.5478341579437256
0.4923953413963318 0.48790985345840454 0.36901959776878357
0.44067826867103577 0.4219651222229004 0.2997051179409027
0.653502881526947 0.6445375084877014 0.5495501756668091
0.5096070766448975 0.4985309839248657 0.38101232051849365
0.3159424662590027 0.2952463626861572 0.20859844982624054
0.23685555160045624 0.22455057501792908 0.15801604092121124
0.7588102221488953 0.7338536381721497 0.6562798023223877
0.6668232679367065 0.6488031148910522 0.5459662675857544
0.8527647852897644 0.8299372792243958 0.7827210426330566
0.6431642770767212 0.6130493879318237 0.5046614408493042
0.8236004710197449 0.7892343997955322 0.7273091673851013
0.774985134601593 0.7303708791732788 0.6556177139282227
0.1926954835653305 0.17488163709640503 0.13324277102947235
0.43733975291252136 0.40366148948669434 0.300478458404541
0.6882104277610779 0.6482980847358704 0.541776716709137
0.7484448552131653 0.7086657881736755 0.6168078184127808
0.8093735575675964 0.7721733450889587 0.6991609334945679
0.39638957381248474 0.3696964383125305 0.2765273451805115
0.6104416251182556 0.5756980776786804 0.47859591245651245
0.6877132654190063 0.6496296525001526 0.5551780462265015
0.731343150138855 0.7008317708969116 0.6052937507629395
0.8058883547782898 0.7857887744903564 0.7272148728370667
0.7244133353233337 0.6991966962814331 0.5988327860832214
0.4023281931877136 0.3848274052143097 0.2806641757488251
0.16154292225837708 0.14695538580417633 0.11171236634254456
0.3286671042442322 0.30811169743537903 0.2141653597354889
0.18867938220500946 0.17098961770534515 0.13151705265045166
0.284607857465744 0.28720685839653015 0.1954963654279709
0.4912424087524414 0.48273611068725586 0.35872137546539307
0.7450385093688965 0.7215441465377808 0.6331807971000671
0.5567787885665894 0.5456161499023438 0.42661887407302856
0.7275410294532776 0.7149596810340881 0.6376299858093262
0.5666028261184692 0.5577953457832336 0.4356639087200165
0.5426799058914185 0.5335018634796143 0.4162801504135132
0.7404896020889282 0.7252883911132812 0.6489498019218445
0.35422614216804504 0.33793580532073975 0.22906087338924408
0.3933943510055542 0.37426844239234924 0.2614380419254303
0.5719266533851624 0.5560439825057983 0.43558940291404724
0.8250718116760254 0.7960353493690491 0.7443029284477234
0.7223966717720032 0.6968414783477783 0.6148995757102966
0.7829797267913818 0.7475277185440063 0.6838812232017517
0.5636111497879028 0.5297415852546692 0.42092111706733704
0.7019230723381042 0.6636297702789307 0.5625945329666138
0.6155250668525696 0.586910605430603 0.4750412404537201
0.33494195342063904 0.31652262806892395 0.23265187442302704
0.46386271715164185 0.4429352879524231 0.3317229747772217
0.6167439222335815 0.5900247693061829 0.4741758406162262
0.529342770576477 0.5056456327438354 0.3844967186450958
0.5930246710777283 0.5604174137115479 0.43409276008605957
0.3074650764465332 0.2923489212989807 0.20479057729244232
0.46217745542526245 0.4391328692436218 0.33997684717178345
0.5604678392410278 0.5293766856193542 0.43214043974876404
0.6509016752243042 0.6226404309272766 0.5090895295143127
0.7871862649917603 0.7640990018844604 0.6933508515357971
0.5787456631660461 0.5545918345451355 0.44037023186683655
0.3439185321331024 0.3287460207939148 0.23363827168941498
0.21548017859458923 0.20461593568325043 0.14899371564388275
0.567776083946228 0.5468156337738037 0.43196308612823486
0.2513199746608734 0.24843308329582214 0.17781215906143188
0.2161996215581894 0.2199706882238388 0.1531706303358078
0.44468632340431213 0.43662694096565247 0.3125104606151581
0.6365839242935181 0.6230345368385315 0.5080976486206055
0.713729739189148 0.6946064829826355 0.6080224514007568
0.6187982559204102 0.6102041602134705 0.5008090138435364
0.6095213890075684 0.5968070030212402 0.48568809032440186
0.7720723152160645 0.7506825923919678 0.6700437664985657
0.6941372752189636 0.6775261759757996 0.5940324664115906
0.43795645236968994 0.4237411618232727 0.3043336570262909
0.6188545227050781 0.6094930768013 0.4982815384864807
0.7103705406188965 0.6880120635032654 0.6086573600769043
0.7873745560646057 0.7625837922096252 0.6895519495010376
0.5313416719436646 0.5027053952217102 0.3904578983783722
0.6230865716934204 0.5984378457069397 0.4798050820827484
0.7017010450363159 0.6590877175331116 0.5661049485206604
0.5144904851913452 0.47789764404296875 0.36488768458366394
0.5741601586341858 0.5438867211341858 0.41908687353134155
0.24176125228405 0.2296152114868164 0.16214898228645325
0.5087001323699951 0.48317044973373413 0.3534235656261444
0.7534756660461426 0.7055447697639465 0.6173469424247742
0.3703711926937103 0.3504737317562103 0.25179290771484375
0.6887595653533936 0.6506626009941101 0.5381883978843689
0.22687606513500214 0.2185966968536377 0.15325039625167847
0.6380800604820251 0.6048275828361511 0.4813254475593567
0.7295191287994385 0.6940386295318604 0.5931138396263123
0.7580453753471375 0.7299343943595886 0.6409478783607483
0.7300262451171875 0.6988927125930786 0.5964525938034058
0.6362261772155762 0.6233710646629333 0.5106069445610046
0.4568248391151428 0.43370944261550903 0.316175639629364
0.4247361421585083 0.40695685148239136 0.29380902647972107
0.6688156127929688 0.6514146327972412 0.540776252746582
0.28164732456207275 0.2818916141986847 0.19278021156787872
0.33038944005966187 0.3303952217102051 0.22655759751796722
0.5808066725730896 0.5730438232421875 0.45190903544425964
0.7590277791023254 0.7362504005432129 0.6540446281433105
0.6683645844459534 0.650363564491272 0.5405199527740479
0.531012773513794 0.5154845714569092 0.37691521644592285
0.47145140171051025 0.45422741770744324 0.3291643559932709
0.5744326710700989 0.5609200596809387 0.4353458881378174
0.4752205014228821 0.45787331461906433 0.3395273983478546
0.24997153878211975 0.2458316832780838 0.17211464047431946
0.5024106502532959 0.4840357005596161 0.3749222159385681
0.5923944115638733 0.5761733651161194 0.4627314507961273
0.6746547818183899 0.6466085910797119 0.5588392615318298
0.47794753313064575 0.45149657130241394 0.3355417251586914
0.2934390902519226 0.2807309925556183 0.20558372139930725
0.7580980658531189 0.72257399559021 0.6466495990753174
0.6511890888214111 0.6214454174041748 0.5074337720870972
0.2500643730163574 0.23511415719985962 0.16005976498126984
0.19825106859207153 0.17987272143363953 0.13335533440113068
0.2820912301540375 0.26928091049194336 0.19315584003925323
0.5894926190376282 0.5677972435951233 0.4501456022262573
0.3120703399181366 0.294013112783432 0.205081969499588
0.5051923990249634 0.48565739393234253 0.3671078681945801
0.18376341462135315 0.18014901876449585 0.12631484866142273
0.2670349180698395 0.2553267776966095 0.17826375365257263
0.42306408286094666 0.40700632333755493 0.28992611169815063
0.7936451435089111 0.7666804790496826 0.6930707097053528
0.6796519160270691 0.6552206873893738 0.539902925491333
0.5147201418876648 0.49765273928642273 0.3678866922855377
0.460083931684494 0.4456905722618103 0.3198493719100952
0.30263447761535645 0.3000468909740448 0.20558734238147736
0.7310422658920288 0.706056535243988 0.6027638912200928
0.404790997505188 0.3914702236652374 0.274824857711792
0.37949496507644653 0.3793947994709015 0.2618214190006256
0.48608535528182983 0.4728708863258362 0.34156396985054016
0.5646495223045349 0.5494971871376038 0.4234861433506012
0.5117717981338501 0.4994567632675171 0.3696272075176239
0.4264076054096222 0.4169170558452606 0.2876121401786804
0.30716797709465027 0.3136588931083679 0.2067781537771225
0.4099825322628021 0.40259289741516113 0.2785227298736572
0.5279127955436707 0.5179474353790283 0.3983252942562103
0.19321459531784058 0.19208459556102753 0.12988823652267456
0.22581137716770172 0.21938268840312958 0.15345633029937744
0.33294788002967834 0.3214028477668762 0.2352195829153061
0.17822813987731934 0.17417939007282257 0.12173952162265778
0.4096355140209198 0.39273306727409363 0.28371381759643555
0.17706388235092163 0.1735604703426361 0.11730148643255234
0.3829540014266968 0.36788538098335266 0.2622693181037903
0.46543198823928833 0.44677409529685974 0.31612762808799744
0.31349942088127136 0.2972193956375122 0.20844320952892303
0.1742200255393982 0.16903215646743774 0.12043975293636322
0.19802211225032806 0.1994009166955948 0.13351328670978546
0.6597073674201965 0.6249261498451233 0.5029370188713074
0.45530733466148376 0.4297744035720825 0.29483458399772644
0.4087689220905304 0.3872257471084595 0.2704572379589081
0.32366394996643066 0.3030897378921509 0.21074271202087402
0.5214256644248962 0.49393901228904724 0.3606082797050476
0.3642626702785492 0.35906484723091125 0.24167440831661224
0.7585846781730652 0.7307736873626709 0.6465383172035217
0.6157410740852356 0.5964063405990601 0.4767337739467621
0.575721263885498 0.5584125518798828 0.4407375156879425
0.5245645046234131 0.5047990083694458 0.3661980926990509
0.3745206296443939 0.36569496989250183 0.2545824348926544
0.7744745016098022 0.7420682907104492 0.6669569611549377
0.5164677500724792 0.49320974946022034 0.3599608242511749
0.4364502727985382 0.42562246322631836 0.2950904965400696
0.6215654611587524 0.6087411046028137 0.4878089427947998
0.6331533193588257 0.6204890012741089 0.5036457180976868
0.6613562107086182 0.6468925476074219 0.5393052101135254
0.2630743682384491 0.2725376486778259 0.1800660341978073
0.3594546318054199 0.35464975237846375 0.2374914437532425
0.4558384120464325 0.44124454259872437 0.32177138328552246
0.6358432173728943 0.6257530450820923 0.5195301175117493
0.3564579486846924 0.3427819013595581 0.23971064388751984
0.516647219657898 0.49627968668937683 0.36469534039497375
0.4488151967525482 0.42870965600013733 0.31182733178138733
0.21406443417072296 0.20880144834518433 0.14496846497058868
0.6439208984375 0.6208415031433105 0.5144528746604919
0.2484942227602005 0.24123238027095795 0.16958127915859222
0.6823991537094116 0.653089165687561 0.5488466620445251
0.7782951593399048 0.7441753149032593 0.6738280653953552
0.5110840797424316 0.4864264726638794 0.34780439734458923
0.3662438988685608 0.3517308235168457 0.2437765896320343
0.22887851297855377 0.22273150086402893 0.15408200025558472
0.6915639042854309 0.6668376922607422 0.5600016117095947
0.5976494550704956 0.5702732801437378 0.44391658902168274
0.2578399181365967 0.24697737395763397 0.1689092367887497
0.6370001435279846 0.61103355884552 0.4869450032711029
0.7085263729095459 0.6808707118034363 0.5676084756851196
0.5611839890480042 0.5461806058883667 0.4156213402748108
0.6618095636367798 0.6414235830307007 0.536717414855957
0.7176132202148438 0.6921290755271912 0.5957337617874146
0.650344967842102 0.632048487663269 0.5173794031143188
0.32924243807792664 0.33142513036727905 0.22294875979423523
0.25353550910949707 0.25508394837379456 0.17343440651893616
0.7102000117301941 0.6844807863235474 0.5812613368034363
0.5795367360115051 0.5570877194404602 0.4307975172996521
0.3363134264945984 0.34052395820617676 0.23003040254116058
0.7317342162132263 0.7086705565452576 0.6261305212974548
0.6997641921043396 0.6766929030418396 0.5754623413085938
0.5872485637664795 0.5681004524230957 0.4512639045715332
0.502971351146698 0.48742207884788513 0.3535311818122864
0.6530426740646362 0.6368241310119629 0.5215644240379333
0.5884845852851868 0.5745759606361389 0.45229241251945496
0.5657824277877808 0.5437717437744141 0.4275018870830536
0.6802222728729248 0.650949239730835 0.5534456372261047
0.7261815071105957 0.6982362270355225 0.608666181564331
0.5791430473327637 0.5630890727043152 0.4401032626628876
0.28499120473861694 0.26872074604034424 0.18680095672607422
0.31903553009033203 0.3100678026676178 0.21697713434696198
0.5392686128616333 0.5133691430091858 0.39924106001853943
0.7350429892539978 0.6968185305595398 0.607671320438385
0.6081106662750244 0.5727431774139404 0.4506782591342926
0.5630859732627869 0.5272860527038574 0.3937898576259613
0.42517170310020447 0.4063861668109894 0.28733497858047485
0.2958381175994873 0.28234344720840454 0.19844244420528412
0.5615792274475098 0.5312559008598328 0.3839717209339142
0.7729616165161133 0.7334611415863037 0.6460861563682556
0.3281433880329132 0.3172438144683838 0.22305935621261597
0.3617708384990692 0.3453993797302246 0.23075874149799347
0.23246650397777557 0.22117622196674347 0.15291431546211243
0.3725237548351288 0.36253488063812256 0.24656476080417633
0.45020782947540283 0.4333711266517639 0.29531797766685486
0.347424179315567 0.34727758169174194 0.23294416069984436
0.39511340856552124 0.3905702829360962 0.26649150252342224
0.23682822287082672 0.2250475436449051 0.1599058210849762
0.20071452856063843 0.19555789232254028 0.13929811120033264
0.47618693113327026 0.45872604846954346 0.3324223458766937
0.38812586665153503 0.3774043321609497 0.2624794840812683
0.2790635824203491 0.2810090482234955 0.18582883477210999
0.5652422904968262 0.5439228415489197 0.41402775049209595
0.4890419840812683 0.4719286859035492 0.33916571736335754
0.4235613942146301 0.4176445007324219 0.29642969369888306
0.4578043520450592 0.44184428453445435 0.3080316185951233
0.541852593421936 0.5284751057624817 0.3920392692089081
0.6283131241798401 0.6119424700737 0.48965904116630554
0.42445021867752075 0.4134211242198944 0.2955407500267029
0.5035969018936157 0.4826204478740692 0.3630199134349823
0.6364970803260803 0.6196168661117554 0.5041545629501343
0.48064088821411133 0.4678581655025482 0.3331283926963806
0.42363080382347107 0.4082247316837311 0.27897465229034424
0.4752258062362671 0.45070281624794006 0.3162827491760254
0.5086974501609802 0.485210657119751 0.3472692370414734
0.623732328414917 0.5915465950965881 0.474985271692276
0.40786120295524597 0.4025266766548157 0.27783843874931335
0.3296196758747101 0.31382083892822266 0.21462997794151306
0.24544359743595123 0.24004250764846802 0.1660984307527542
0.3446832597255707 0.33038976788520813 0.22990469634532928
0.731782078742981 0.6931302547454834 0.5867189764976501
0.4912213981151581 0.4717367887496948 0.33154651522636414
0.37103477120399475 0.3566673696041107 0.25036460161209106
0.4674338102340698 0.44343292713165283 0.3123188018798828
0.41354134678840637 0.40347376465797424 0.2733727693557739
0.31433361768722534 0.30647262930870056 0.20810841023921967
0.5053389072418213 0.4856654405593872 0.350740522146225
0.5587098598480225 0.5355894565582275 0.4003443717956543
0.3027755618095398 0.29448074102401733 0.20557205379009247
0.3013213574886322 0.29940715432167053 0.20105218887329102
0.4306926727294922 0.4146786630153656 0.2898271977901459
0.6373631358146667 0.6234650611877441 0.49528637528419495
0.3302507698535919 0.32564225792884827 0.22140945494174957
0.30842912197113037 0.30182451009750366 0.1989610642194748
0.39785704016685486 0.3927513659000397 0.27016857266426086
0.46131381392478943 0.4433048367500305 0.30747488141059875
0.3512625992298126 0.3432803153991699 0.23310835659503937
0.40954455733299255 0.39655086398124695 0.2738373875617981
0.43513602018356323 0.4234318435192108 0.2965002954006195
0.5215780735015869 0.5014628171920776 0.37649592757225037
0.3893950283527374 0.3800278604030609 0.2574118375778198
0.27201977372169495 0.27051493525505066 0.18620657920837402
0.37071874737739563 0.3640938401222229 0.2558455765247345
0.2700980007648468 0.2644845247268677 0.179162859916687
0.2230250984430313 0.22343412041664124 0.15074697136878967
0.3841284215450287 0.363339900970459 0.24935311079025269
0.5767914652824402 0.5528512001037598 0.4388328492641449
0.7026476263999939 0.6724356412887573 0.5696948766708374
0.3562489151954651 0.340309739112854 0.23873868584632874
0.4680786728858948 0.43647289276123047 0.3070176839828491
0.3104930818080902 0.29382801055908203 0.20212934911251068
0.3692381978034973 0.3583277761936188 0.2496614307165146
0.4049023687839508 0.3834848999977112 0.25963568687438965
0.5913686156272888 0.5617877244949341 0.42955148220062256
0.5677075982093811 0.5388745069503784 0.4051666557788849
0.5040056109428406 0.48238977789878845 0.3351345360279083
0.6758970022201538 0.6484894752502441 0.5356457829475403
0.602660059928894 0.5808811187744141 0.441174179315567
0.7197449207305908 0.7006194591522217 0.5980287194252014
0.6261954307556152 0.6013954877853394 0.4787229001522064
0.44700154662132263 0.43157804012298584 0.3003655970096588
0.4795874357223511 0.4627678394317627 0.33449193835258484
0.7339117527008057 0.7041679620742798 0.6122487783432007
0.6919142603874207 0.6692046523094177 0.5724222660064697
0.3696611523628235 0.36398521065711975 0.24547190964221954
0.47104611992836 0.44335299730300903 0.3122367262840271
0.6930633187294006 0.66473788022995 0.5658451914787292
0.5655515193939209 0.5430620312690735 0.4166603088378906
0.5005866885185242 0.4820705056190491 0.3570718467235565
0.381369948387146 0.3730819523334503 0.2491629272699356
0.32240524888038635 0.31850242614746094 0.2113102227449417
0.470257967710495 0.46102577447891235 0.32946956157684326
0.3465116024017334 0.33994951844215393 0.2327045053243637
0.42330029606819153 0.41457533836364746 0.2928962707519531
0.4645278751850128 0.44813406467437744 0.32130616903305054
0.3256036043167114 0.31720632314682007 0.21378953754901886
0.3518039286136627 0.33564502000808716 0.2445755898952484
0.4487157166004181 0.42706888914108276 0.31045353412628174
0.6807059049606323 0.6532158851623535 0.5511806607246399
0.43393996357917786 0.407605916261673 0.2847663164138794
0.49549949169158936 0.4645366370677948 0.33438774943351746
0.5984964966773987 0.5667467713356018 0.4441770613193512
0.5121942162513733 0.48606306314468384 0.34860846400260925
0.6412631869316101 0.6072686910629272 0.4879130423069
0.45715638995170593 0.43476295471191406 0.30284154415130615
0.6824048757553101 0.6475574970245361 0.5469540953636169
0.6496618986129761 0.6201766729354858 0.49299177527427673
0.7220041751861572 0.6923283338546753 0.5894410014152527
0.5793828964233398 0.553609311580658 0.4170820116996765
0.4876271188259125 0.4592473804950714 0.3220957815647125
0.6430982351303101 0.6174932718276978 0.5022273659706116
0.679836094379425 0.6555216312408447 0.539819061756134
0.5177707672119141 0.4893040359020233 0.35394859313964844
0.6119285225868225 0.5883639454841614 0.46739673614501953
0.6746089458465576 0.6565806269645691 0.5440035462379456
0.6415124535560608 0.6126978993415833 0.49291878938674927
0.5916087031364441 0.5712730288505554 0.4444315731525421
0.5377815961837769 0.5176048278808594 0.39368560910224915
0.6287137866020203 0.6097856760025024 0.47584328055381775
0.6673369407653809 0.6346229314804077 0.5320667624473572
0.5982568264007568 0.5716086626052856 0.4508272707462311
0.5628641247749329 0.5413080453872681 0.41420021653175354
0.4869195222854614 0.4742826223373413 0.3454200029373169
0.4231521189212799 0.41361597180366516 0.29001811146736145
0.45939669013023376 0.4463981091976166 0.3244480490684509
0.5420857071876526 0.5174975991249084 0.38820552825927734
0.5963647961616516 0.5707824230194092 0.44328805804252625
0.48742735385894775 0.4714222550392151 0.347197562456131
0.5313465595245361 0.5071620941162109 0.3798266053199768
0.6230793595314026 0.5972926020622253 0.49410560727119446
0.4975525140762329 0.46991661190986633 0.34248220920562744
0.5451548099517822 0.5129179358482361 0.38458451628685
0.6492708921432495 0.6191605925559998 0.5064373016357422
0.5744274854660034 0.5394502282142639 0.4025929868221283
0.44128042459487915 0.41384071111679077 0.28747305274009705
0.49820613861083984 0.4676022529602051 0.3334811329841614
0.5726397633552551 0.5411933064460754 0.4039837718009949
0.6062985062599182 0.5720723867416382 0.43995314836502075
0.49980631470680237 0.468977153301239 0.342133492231369
0.5419229865074158 0.5120831727981567 0.37593305110931396
0.42886975407600403 0.4010183811187744 0.2815347909927368
0.36834853887557983 0.3574239909648895 0.25046393275260925
0.5616886615753174 0.5304584503173828 0.39754006266593933
0.4390298128128052 0.4141044318675995 0.285553902387619
0.35830989480018616 0.34879401326179504 0.23821860551834106
0.4015410542488098 0.382516086101532 0.27085694670677185
0.54002845287323 0.5185379385948181 0.4003165662288666
0.5002803802490234 0.47966858744621277 0.35392943024635315
0.4520110785961151 0.4341355562210083 0.304200679063797
0.41050493717193604 0.3949919044971466 0.2750275433063507
0.4957398772239685 0.47182852029800415 0.34112900495529175
0.4278838336467743 0.4095897972583771 0.28695249557495117
0.5652176141738892 0.5316969752311707 0.4137533903121948
