0.26821804160589285

0.5177332162857056 0.5293399095535278 0.5010770559310913
0.705638587474823 0.7347588539123535 0.7047355771064758
0.6272919178009033 0.6454470157623291 0.6199843287467957
0.4262539744377136 0.4274764657020569 0.39882591366767883
0.5044122338294983 0.5126792192459106 0.48087307810783386
0.5831117033958435 0.602626621723175 0.5730214715003967
0.4649895429611206 0.4654334783554077 0.4373352527618408
0.3401440382003784 0.31765216588974 0.28481629490852356
0.4218827784061432 0.4211384952068329 0.39053061604499817
0.4807616174221039 0.488152414560318 0.46330687403678894
0.5582533478736877 0.5677341222763062 0.5384702682495117
0.4392552375793457 0.422619491815567 0.38513055443763733
0.721122682094574 0.7411743998527527 0.7220660448074341
0.5807486176490784 0.5998054146766663 0.5727428197860718
0.48193398118019104 0.49032044410705566 0.4585444927215576
0.529447078704834 0.5437832474708557 0.5107468366622925
0.41901111602783203 0.4117838740348816 0.37768080830574036
0.3227798044681549 0.31703442335128784 0.29122573137283325
0.5356713533401489 0.553510308265686 0.5257957577705383
0.6945860385894775 0.7289674878120422 0.7076051235198975
0.6326501965522766 0.6561864614486694 0.6358054876327515
0.38526591658592224 0.3792651295661926 0.3399598300457001
0.42991453409194946 0.43418586254119873 0.3964292109012604
0.5154066681861877 0.5305697917938232 0.49701744318008423
0.3543257713317871 0.3428036570549011 0.3075684905052185
0.37979233264923096 0.3832225203514099 0.3552325665950775
0.40309464931488037 0.4076131284236908 0.3739318251609802
0.49190273880958557 0.50408536195755 0.47314131259918213
0.6795254945755005 0.7103954553604126 0.6908595561981201
0.33677437901496887 0.33167243003845215 0.30606967210769653
0.41019418835639954 0.4192991852760315 0.38771575689315796
0.4497840106487274 0.46595603227615356 0.44261473417282104
0.3340233862400055 0.31756535172462463 0.2850645184516907
0.38718581199645996 0.38175246119499207 0.35190001130104065
0.2678819000720978 0.2560867369174957 0.23390264809131622
0.5487954616546631 0.5696715712547302 0.5361523628234863
0.25092849135398865 0.2284124344587326 0.20235832035541534
0.3214314579963684 0.2858758568763733 0.25490128993988037
0.3824073076248169 0.35826364159584045 0.3200716972351074
0.2919630706310272 0.26909682154655457 0.24400842189788818
0.2558727264404297 0.22858448326587677 0.20868903398513794
0.3793618381023407 0.367474228143692 0.33542290329933167
0.6996926069259644 0.7176597118377686 0.6969286203384399
0.7705114483833313 0.7839841246604919 0.765631377696991
0.6462873220443726 0.6613306403160095 0.6435346007347107
0.3861914873123169 0.3677835762500763 0.33150339126586914
0.31596580147743225 0.30204182863235474 0.27530959248542786
0.3549630045890808 0.34147605299949646 0.30666616559028625
0.2670544981956482 0.25072014331817627 0.2254466414451599
0.3886748254299164 0.36365842819213867 0.3231341540813446
0.42848438024520874 0.41884252429008484 0.37827640771865845
0.5755693316459656 0.5766991376876831 0.5412393808364868
0.4955500364303589 0.49856242537498474 0.45700037479400635
0.5674888491630554 0.5917238593101501 0.57466721534729
0.7215999960899353 0.7547337412834167 0.7324553728103638
0.32452741265296936 0.2937334477901459 0.2582126259803772
0.2789493203163147 0.24897201359272003 0.219205841422081
0.29870322346687317 0.284119188785553 0.2563888132572174
0.5127783417701721 0.5280139446258545 0.4929528534412384
0.44889330863952637 0.4581759572029114 0.4265892505645752
0.3660258650779724 0.36608198285102844 0.33876264095306396
0.6053708791732788 0.6225446462631226 0.5979849100112915
0.5567612051963806 0.573857307434082 0.5441432595252991
0.5113855600357056 0.5275679230690002 0.4979364275932312
0.44973698258399963 0.45008376240730286 0.40425074100494385
0.24990485608577728 0.23039795458316803 0.2055121213197708
0.4239329993724823 0.4192516803741455 0.3755301237106323
0.3072426915168762 0.27785491943359375 0.24156919121742249
0.4843745231628418 0.4702622890472412 0.41635751724243164
0.386564165353775 0.36918768286705017 0.3234158456325531
0.6410611271858215 0.6548928022384644 0.6260436177253723
0.7117729187011719 0.7328721284866333 0.7202685475349426
0.5356442928314209 0.5381034016609192 0.5044259428977966
0.33098551630973816 0.3084980845451355 0.274762362241745
0.5879607796669006 0.6054840087890625 0.5925354361534119
0.5118260383605957 0.523224413394928 0.49478134512901306
0.3369308114051819 0.3226371705532074 0.29423245787620544
0.4685189425945282 0.45249536633491516 0.41043373942375183
0.24811899662017822 0.22725847363471985 0.21089835464954376
0.2977938950061798 0.2648886740207672 0.23853786289691925
0.24172022938728333 0.21210108697414398 0.1958037167787552
0.3099207580089569 0.2929978668689728 0.2671397924423218
0.47172877192497253 0.4578745365142822 0.4228073060512543
0.6482380032539368 0.6561223864555359 0.6282405257225037
0.33964070677757263 0.3072301745414734 0.2679766118526459
0.7655496597290039 0.7871752977371216 0.7583784461021423
0.6954325437545776 0.7222079038619995 0.6935898661613464
0.24982599914073944 0.22149911522865295 0.19839955866336823
0.6278536319732666 0.6386708617210388 0.6166484355926514
0.46849364042282104 0.46861445903778076 0.4303094744682312
0.5845516920089722 0.5913921594619751 0.5543790459632874
0.6431801915168762 0.6444761753082275 0.6127941608428955
0.7303198575973511 0.7451309561729431 0.7141238451004028
0.2848263680934906 0.27825936675071716 0.24807694554328918
0.3850707411766052 0.3878953754901886 0.35227859020233154
0.3274093568325043 0.32910671830177307 0.3000718653202057
0.6057230830192566 0.621340811252594 0.5785821080207825
0.370013028383255 0.3672667443752289 0.3263048827648163
0.3291740119457245 0.3145008087158203 0.27834510803222656
0.6740138530731201 0.680545449256897 0.6504155397415161
0.5472058057785034 0.5427973866462708 0.48929259181022644
0.7516263723373413 0.7719237208366394 0.7482379674911499
0.4492047429084778 0.4346090853214264 0.3857559859752655
0.8225852251052856 0.8344748616218567 0.8111081719398499
0.800234854221344 0.8130953907966614 0.784531831741333
0.6340197920799255 0.6319094300270081 0.5988022685050964
0.24802309274673462 0.22042591869831085 0.2013588845729828
0.2902332544326782 0.26874104142189026 0.24486854672431946
0.2188318371772766 0.2044246643781662 0.19755908846855164
0.22232508659362793 0.1959925889968872 0.18187814950942993
0.4235694706439972 0.39729392528533936 0.35755032300949097
0.6037320494651794 0.6155511736869812 0.5996152758598328
0.2066572606563568 0.17984746396541595 0.17030839622020721
0.6470690369606018 0.6578176021575928 0.6280394792556763
0.7288493514060974 0.7530882358551025 0.7281484007835388
0.7872021198272705 0.8030533790588379 0.7761582732200623
0.811530351638794 0.8258895874023438 0.7977306842803955
0.623879611492157 0.6139967441558838 0.5712128281593323
0.6756973266601562 0.68570476770401 0.6488760709762573
0.358643501996994 0.3321036398410797 0.2887862026691437
0.2299957424402237 0.2061876654624939 0.18138812482357025
0.7735574841499329 0.7836945056915283 0.7573558688163757
0.8108505010604858 0.8218832612037659 0.7964558601379395
0.7079011797904968 0.7066688537597656 0.6653710007667542
0.7687176465988159 0.7817561626434326 0.7547979354858398
0.4264630973339081 0.4246695041656494 0.377133309841156
0.5314448475837708 0.5305051207542419 0.4862707257270813
0.6724061369895935 0.6864817142486572 0.6570731401443481
0.7289981245994568 0.7605512738227844 0.7336320281028748
0.46478092670440674 0.4748564064502716 0.4251532256603241
0.6980628967285156 0.7262896299362183 0.7002742886543274
0.5000041723251343 0.49057793617248535 0.42392441630363464
0.7032599449157715 0.7185158133506775 0.6828527450561523
0.8006486296653748 0.818092942237854 0.7918478846549988
0.8610612750053406 0.8703800439834595 0.8445884585380554
0.8420349359512329 0.8556843400001526 0.8403611183166504
0.6860337853431702 0.6822430491447449 0.6463192701339722
0.7763240337371826 0.7857559323310852 0.757035493850708
0.35026073455810547 0.32256248593330383 0.2899267077445984
0.19803589582443237 0.17444714903831482 0.1669648438692093
0.176194965839386 0.1525963693857193 0.14320911467075348
0.27380064129829407 0.2375504970550537 0.2184796929359436
0.7548976540565491 0.7611590623855591 0.741933286190033
0.5530824065208435 0.5466108918190002 0.5198031067848206
0.769672691822052 0.7831013798713684 0.7691683173179626
0.694377064704895 0.7074733376502991 0.6786270141601562
0.8222373723983765 0.8296627998352051 0.8010430932044983
0.501785159111023 0.48142439126968384 0.4372390806674957
0.4155922830104828 0.36274322867393494 0.3081255257129669
0.7646969556808472 0.7762295603752136 0.7465641498565674
0.8229864835739136 0.8328572511672974 0.8057342171669006
0.4696297347545624 0.4485313892364502 0.3923318684101105
0.8134626150131226 0.817051351070404 0.7849799394607544
0.6707224249839783 0.6663252115249634 0.6211594343185425
0.7511122226715088 0.7556524872779846 0.7219023704528809
0.5760177373886108 0.5631114840507507 0.5154941082000732
0.3772226870059967 0.3685931861400604 0.32885172963142395
0.2750953137874603 0.2671048939228058 0.23108141124248505
0.6031321883201599 0.6017513871192932 0.5607368350028992
0.46914830803871155 0.4672228991985321 0.4190610945224762
0.7729570269584656 0.7983803153038025 0.7666077017784119
0.531354546546936 0.528910219669342 0.4632822573184967
0.5860629081726074 0.5938626527786255 0.5360451340675354
0.46582385897636414 0.4531973600387573 0.3849037289619446
0.4019162356853485 0.39284056425094604 0.34022703766822815
0.6196971535682678 0.6155230402946472 0.5632926225662231
0.8253560662269592 0.836897611618042 0.8106733560562134
0.7545793652534485 0.7457730770111084 0.697350025177002
0.5904862880706787 0.5769158005714417 0.5223461985588074
0.481237530708313 0.47385692596435547 0.4320712685585022
0.4395766258239746 0.42195892333984375 0.38133424520492554
0.2796117067337036 0.24047128856182098 0.21400970220565796
0.2298368662595749 0.19842784106731415 0.18610617518424988
0.36338287591934204 0.3398362696170807 0.30759939551353455
0.4896738529205322 0.4877549707889557 0.4590868055820465
0.8159455060958862 0.8274725675582886 0.8009990453720093
0.8659233450889587 0.8701717257499695 0.8425316214561462
0.8432020545005798 0.854110836982727 0.8241074681282043
0.7615805864334106 0.7669235467910767 0.7383946180343628
0.3066921532154083 0.267180472612381 0.23242485523223877
0.7102612853050232 0.7104569673538208 0.6760684847831726
0.8753929138183594 0.8764333724975586 0.8582372665405273
0.86053067445755 0.8690605163574219 0.8491227030754089
0.6091602444648743 0.5817411541938782 0.5327979922294617
0.4426276683807373 0.413388729095459 0.3687799572944641
0.40454086661338806 0.38632965087890625 0.3349746763706207
0.32608118653297424 0.2940554916858673 0.2553410530090332
0.48062217235565186 0.4617413580417633 0.40843552350997925
0.20622111856937408 0.19943974912166595 0.17508694529533386
0.3588029146194458 0.36179643869400024 0.32625022530555725
0.3215619623661041 0.3269360065460205 0.2971380054950714
0.2581595182418823 0.25581100583076477 0.22479230165481567
0.7979082465171814 0.8187313675880432 0.7877565622329712
0.7262758016586304 0.7439510822296143 0.7076777219772339
0.6528643369674683 0.6569000482559204 0.6009356379508972
0.38851380348205566 0.3719882369041443 0.3125625550746918
0.3427768647670746 0.3173218369483948 0.2784772515296936
0.2682870626449585 0.2365119904279709 0.2135235220193863
0.22239741683006287 0.1930227130651474 0.18011222779750824
0.3923034369945526 0.3698924481868744 0.3303883373737335
0.3441474735736847 0.3234148919582367 0.29138314723968506
0.3007499575614929 0.26289302110671997 0.23876412212848663
0.18131636083126068 0.15570256114006042 0.14941924810409546
0.24998055398464203 0.20936062932014465 0.1912047564983368
0.3089551627635956 0.26228320598602295 0.23428885638713837
0.32983580231666565 0.2880210280418396 0.2576787769794464
0.3975304365158081 0.37201428413391113 0.3351812958717346
0.43650946021080017 0.4274258315563202 0.39824265241622925
0.667855978012085 0.6471067667007446 0.6039535999298096
0.8252663016319275 0.8272489905357361 0.7992640137672424
0.6230857968330383 0.6021764874458313 0.5568965673446655
0.5745832920074463 0.5446988344192505 0.49313265085220337
0.807582437992096 0.8032058477401733 0.7801592350006104
0.8402310609817505 0.8471436500549316 0.8267906308174133
0.8015845417976379 0.8029046058654785 0.7664744257926941
0.7304713726043701 0.7291387915611267 0.6812952160835266
0.5561261773109436 0.5261824727058411 0.4795358180999756
0.2749718725681305 0.24060943722724915 0.2156359851360321
0.4059877097606659 0.3861241638660431 0.3465212881565094
0.36298897862434387 0.3242408335208893 0.28097954392433167
0.1779567301273346 0.17560532689094543 0.1630108654499054
0.23116883635520935 0.22478941082954407 0.19748011231422424
0.3021892309188843 0.29340410232543945 0.2603009343147278
0.4524918496608734 0.4586355686187744 0.40938863158226013
0.6702880859375 0.6844357848167419 0.6263026595115662
0.581079363822937 0.5842790007591248 0.5213099718093872
0.34326738119125366 0.33335164189338684 0.2846760153770447
0.28228113055229187 0.2586067318916321 0.2287471890449524
0.22598733007907867 0.19557134807109833 0.1819138526916504
0.1908346563577652 0.16860827803611755 0.16116395592689514
0.30807626247406006 0.2737831175327301 0.24150317907333374
0.2460222691297531 0.2069167047739029 0.191732257604599
0.5692828893661499 0.5379322171211243 0.48251214623451233
0.3980702757835388 0.3716467022895813 0.32603171467781067
0.27649566531181335 0.2343100905418396 0.2099209874868393
0.17233790457248688 0.14554394781589508 0.14017321169376373
0.2238500416278839 0.1853901743888855 0.16990381479263306
0.43066826462745667 0.40234094858169556 0.35787150263786316
0.3521505892276764 0.3109361529350281 0.2784059941768646
0.7341668009757996 0.7314571738243103 0.6991207599639893
0.6060044169425964 0.5711349248886108 0.5316601991653442
0.7736278176307678 0.7698003649711609 0.7295529842376709
0.5331746339797974 0.4865768253803253 0.4246075749397278
0.7046613693237305 0.6778643727302551 0.6372325420379639
0.7790474891662598 0.7722157835960388 0.7343761920928955
0.6492490172386169 0.6323148012161255 0.5812476873397827
0.5231539607048035 0.4735337793827057 0.41323617100715637
0.42108723521232605 0.3817523717880249 0.3291263282299042
0.3663511276245117 0.32593297958374023 0.27987319231033325
0.21115738153457642 0.1773257851600647 0.15759241580963135
0.6747267842292786 0.6522546410560608 0.5958951115608215
0.5286651849746704 0.5015444159507751 0.4447242319583893
0.5854110717773438 0.5577901005744934 0.5033200979232788
0.42597267031669617 0.4265434145927429 0.37279295921325684
0.5853570103645325 0.5820792317390442 0.5288501381874084
0.386309415102005 0.39718103408813477 0.34572628140449524
0.4436708092689514 0.45478126406669617 0.3874960243701935
0.39863064885139465 0.40681079030036926 0.34273436665534973
0.2505134046077728 0.2317996770143509 0.20927096903324127
0.2005448341369629 0.1811714470386505 0.167331725358963
0.15957285463809967 0.13997474312782288 0.13092264533042908
0.40080195665359497 0.3692014813423157 0.314409077167511
0.47459638118743896 0.44882383942604065 0.3841477036476135
0.16904610395431519 0.14636677503585815 0.13849323987960815
0.36094436049461365 0.30277639627456665 0.25167322158813477
0.22406014800071716 0.18524090945720673 0.16820089519023895
0.5071582794189453 0.4768659174442291 0.4306395351886749
0.3719460666179657 0.31977275013923645 0.27026236057281494
0.6586452126502991 0.6412574648857117 0.6029349565505981
0.5913151502609253 0.5687581896781921 0.5341854095458984
0.5660692453384399 0.5276125073432922 0.47806182503700256
0.2713311016559601 0.22519062459468842 0.20731471478939056
0.33361607789993286 0.29668670892715454 0.27603304386138916
0.3831789493560791 0.33922386169433594 0.3050035238265991
0.4369988441467285 0.40232136845588684 0.3625650107860565
0.274929940700531 0.23560279607772827 0.20868287980556488
0.7492882013320923 0.7334737181663513 0.694952130317688
0.37975752353668213 0.33309271931648254 0.2879693806171417
0.2715948522090912 0.22653795778751373 0.20133598148822784
0.3174009621143341 0.2731657922267914 0.23845742642879486
0.25475871562957764 0.21118545532226562 0.18785721063613892
0.2931903600692749 0.24460053443908691 0.22035212814807892
0.36262276768684387 0.32155492901802063 0.2866849899291992
0.4347436726093292 0.4256802797317505 0.38299477100372314
0.375935435295105 0.36327338218688965 0.3135738670825958
0.5323008894920349 0.5167844295501709 0.46873942017555237
0.7388702630996704 0.7370311617851257 0.6888130307197571
0.6707522869110107 0.6711848974227905 0.6125472784042358
0.5707059502601624 0.5696625709533691 0.4947900176048279
0.6404482126235962 0.6476818919181824 0.5861366391181946
0.3401052951812744 0.3204435110092163 0.26163017749786377
0.1938924640417099 0.17063665390014648 0.15714013576507568
0.22328700125217438 0.1999608725309372 0.1805172562599182
0.25475165247917175 0.22366966307163239 0.20026099681854248
0.5578194260597229 0.525907039642334 0.4533235430717468
0.7119285464286804 0.698172926902771 0.6343631148338318
0.6183741092681885 0.5891119241714478 0.5265504717826843
0.4399694800376892 0.41283702850341797 0.3570769727230072
0.7755275964736938 0.7586743831634521 0.7133873701095581
0.6587111353874207 0.6277022957801819 0.5845410227775574
0.8714829683303833 0.8741580247879028 0.8547264933586121
0.7311959862709045 0.7126824855804443 0.6647432446479797
0.8152628540992737 0.8135178089141846 0.7883639335632324
0.5223563313484192 0.4812851548194885 0.44328930974006653
0.1845771223306656 0.15046098828315735 0.1467399150133133
0.3157220184803009 0.2550884187221527 0.22599589824676514
0.20942512154579163 0.16755281388759613 0.1580757349729538
0.3590690493583679 0.2969908118247986 0.2588328719139099
0.6997740864753723 0.6604018211364746 0.6181537508964539
0.6238923668861389 0.5922010540962219 0.542215883731842
0.2234136164188385 0.18034213781356812 0.16803625226020813
0.18148034811019897 0.1486709713935852 0.14348095655441284
0.20746853947639465 0.172011137008667 0.15896254777908325
0.1707778126001358 0.14879366755485535 0.13897311687469482
0.2254292517900467 0.18656857311725616 0.16683004796504974
0.25923487544059753 0.235212504863739 0.21280330419540405
0.20282207429409027 0.19370993971824646 0.17862632870674133
0.3124628961086273 0.3038257360458374 0.2633380591869354
0.3624752163887024 0.36525437235832214 0.31516629457473755
0.4501323997974396 0.4604751169681549 0.4026873707771301
0.5115866661071777 0.5128792524337769 0.4338908791542053
0.7151945233345032 0.7210273146629333 0.6645806431770325
0.4113225042819977 0.410031795501709 0.33277714252471924
0.28351372480392456 0.2644044756889343 0.2302602231502533
0.49611449241638184 0.4832189977169037 0.4076535105705261
0.30941838026046753 0.2776242196559906 0.23451347649097443
0.47928962111473083 0.45481887459754944 0.375850111246109
0.8350192904472351 0.8349586725234985 0.8090065121650696
0.8042420148849487 0.795648455619812 0.7485601902008057
0.7655482888221741 0.751850426197052 0.7029252052307129
0.7033369541168213 0.6838076114654541 0.6296032667160034
0.8327385783195496 0.825993001461029 0.7960565686225891
0.8761984705924988 0.869927167892456 0.8398154973983765
0.8624317049980164 0.8518807888031006 0.8267201781272888
0.4658282399177551 0.4193879961967468 0.3722072243690491
0.2294767200946808 0.1875644326210022 0.17545336484909058
0.426954448223114 0.38035959005355835 0.3510666787624359
0.7535092234611511 0.7346727848052979 0.6953431963920593
0.2764991223812103 0.2142713963985443 0.19370608031749725
0.33694836497306824 0.2692238986492157 0.23383472859859467
0.5978966951370239 0.5520583987236023 0.4924071133136749
0.5120038986206055 0.44879424571990967 0.3897972106933594
0.4607510566711426 0.41658976674079895 0.3617396056652069
0.2843209207057953 0.2286127358675003 0.20803631842136383
0.14484550058841705 0.12011519074440002 0.12039569020271301
0.15234602987766266 0.1323753297328949 0.12895198166370392
0.33214887976646423 0.29424989223480225 0.2585850954055786
0.1708255410194397 0.1595185399055481 0.15113551914691925
0.2626377046108246 0.2470746636390686 0.22542992234230042
0.44834715127944946 0.45003342628479004 0.3974840044975281
0.6324707269668579 0.6192777752876282 0.5523210167884827
0.5189130306243896 0.5219252109527588 0.4700269103050232
0.4707294702529907 0.4644187390804291 0.3806324601173401
0.2732813358306885 0.2639966905117035 0.2249298244714737
0.36095085740089417 0.3587416410446167 0.29183122515678406
0.5550539493560791 0.5430423617362976 0.47881484031677246
0.36470651626586914 0.32582327723503113 0.25884172320365906
0.16154155135154724 0.14211595058441162 0.1340133100748062
0.21492430567741394 0.1808893233537674 0.16299006342887878
0.38776135444641113 0.3433831036090851 0.2857230305671692
0.5245431065559387 0.49785780906677246 0.43841099739074707
0.2621556520462036 0.22042618691921234 0.19393390417099
0.6343221664428711 0.595841109752655 0.5413017868995667
0.5692317485809326 0.5088870525360107 0.4488029181957245
0.6359418034553528 0.5718827843666077 0.4990721046924591
0.7890024185180664 0.7724031209945679 0.7374207377433777
0.7586374282836914 0.7392110228538513 0.6864938735961914
0.2949821949005127 0.24251782894134521 0.22238792479038239
0.7072348594665527 0.6754027009010315 0.623523473739624
0.6610708236694336 0.6154427528381348 0.5597696900367737
0.1701589971780777 0.13831472396850586 0.1363150030374527
0.5260980129241943 0.4601515531539917 0.39217373728752136
0.21959257125854492 0.1763487607240677 0.16658756136894226
0.550058126449585 0.5092106461524963 0.4562413692474365
0.41915974020957947 0.36146101355552673 0.3172895908355713
0.3432822525501251 0.2879226803779602 0.24830414354801178
0.17848710715770721 0.15023960173130035 0.1423560082912445
0.2715323269367218 0.22562798857688904 0.20160311460494995
0.37131425738334656 0.33606427907943726 0.2826598584651947
0.21720513701438904 0.1928340345621109 0.17743028700351715
0.4219623804092407 0.39616864919662476 0.33002611994743347
0.7645631432533264 0.7530767917633057 0.700742781162262
0.7997877597808838 0.7880260348320007 0.7438062429428101
0.8231807351112366 0.8192826509475708 0.7788733243942261
0.3688388764858246 0.3657095432281494 0.292583167552948
0.24247492849826813 0.22384615242481232 0.1942124217748642
0.45450302958488464 0.441379189491272 0.35573849081993103
0.4149409532546997 0.3908849358558655 0.3101186454296112
0.28054192662239075 0.24333421885967255 0.19919221103191376
0.42885714769363403 0.4049597382545471 0.32955747842788696
0.23989593982696533 0.20104624330997467 0.17502479255199432
0.1857776641845703 0.15628862380981445 0.14443886280059814
0.15838828682899475 0.13346268236637115 0.13307787477970123
0.3349563777446747 0.28244081139564514 0.23547391593456268
0.8289696574211121 0.810716986656189 0.7734841108322144
0.39585840702056885 0.3467283248901367 0.29958295822143555
0.49786290526390076 0.4344819188117981 0.37503644824028015
0.26299721002578735 0.21882489323616028 0.19781823456287384
0.3523028492927551 0.2897186577320099 0.252522736787796
0.40797537565231323 0.3557773530483246 0.31899940967559814
0.5917816162109375 0.5193787813186646 0.45369261503219604
0.4277431070804596 0.3534223735332489 0.30042487382888794
0.6240346431732178 0.5577319860458374 0.510948121547699
0.41319090127944946 0.3341798186302185 0.29219695925712585
0.33368584513664246 0.261316180229187 0.2295808643102646
0.163088858127594 0.13106590509414673 0.12785127758979797
0.281162291765213 0.22192011773586273 0.19285376369953156
0.38994166254997253 0.3341638445854187 0.28684839606285095
0.2379073202610016 0.1923387199640274 0.17443180084228516
0.41537579894065857 0.3797483444213867 0.32055771350860596
0.29248544573783875 0.2663562297821045 0.23189958930015564
0.6278632283210754 0.5962680578231812 0.5344573259353638
0.731978714466095 0.7192931175231934 0.6641430258750916
0.6768060326576233 0.6678341031074524 0.5957139134407043
0.5766268968582153 0.5563800930976868 0.49195873737335205
0.7447220087051392 0.738734245300293 0.676988422870636
0.3068182170391083 0.2982116937637329 0.2452610582113266
0.3390277326107025 0.32334285974502563 0.2579202353954315
0.20841187238693237 0.1923697143793106 0.1740535944700241
0.5072830319404602 0.49659010767936707 0.4204651713371277
0.6162160634994507 0.6100005507469177 0.5495280027389526
0.7677169442176819 0.7597153186798096 0.7155082821846008
0.3584994077682495 0.32188791036605835 0.2570234537124634
0.314657986164093 0.2783420979976654 0.23311994969844818
0.26467153429985046 0.22575880587100983 0.19879761338233948
0.1573648303747177 0.1344318687915802 0.13077227771282196
0.5323587656021118 0.46978965401649475 0.3979659974575043
0.35528266429901123 0.30278435349464417 0.25724801421165466
0.4585900902748108 0.39472249150276184 0.32390204071998596
0.19369132816791534 0.16732089221477509 0.16267982125282288
0.7152128219604492 0.675687849521637 0.6233736276626587
0.5487741827964783 0.4800041615962982 0.4171461760997772
0.2674857974052429 0.2091905027627945 0.1930282860994339
0.33065012097358704 0.24367959797382355 0.21837064623832703
0.5024890303611755 0.4256572425365448 0.3589056730270386
0.396536648273468 0.30539336800575256 0.2569000720977783
0.21358446776866913 0.17125537991523743 0.16529031097888947
0.29597142338752747 0.25102734565734863 0.22321008145809174
0.16105136275291443 0.1354832947254181 0.13077616691589355
0.13742944598197937 0.11466696858406067 0.11533114314079285
0.3435443341732025 0.2966676950454712 0.24443595111370087
0.45904508233070374 0.4289204478263855 0.36282163858413696
0.5522618889808655 0.5242704749107361 0.4578147530555725
0.4726546108722687 0.4704606235027313 0.4039580821990967
0.34916409850120544 0.33391645550727844 0.2741183936595917
0.38695839047431946 0.37713316082954407 0.31151464581489563
0.4552026689052582 0.4569709599018097 0.38355752825737
0.63405841588974 0.6162509322166443 0.5330793857574463
0.450753778219223 0.4358755052089691 0.347341388463974
0.5187283754348755 0.4961611032485962 0.407695472240448
0.5626299977302551 0.5554015636444092 0.4774874746799469
0.18849864602088928 0.1639980524778366 0.14525242149829865
0.8038060069084167 0.7952265739440918 0.7454887628555298
0.6885547041893005 0.6689989566802979 0.6005772352218628
0.5521788001060486 0.5222578644752502 0.4455776512622833
0.44218799471855164 0.4049508273601532 0.3333958089351654
0.5922256112098694 0.5668212175369263 0.48627203702926636
0.19826382398605347 0.16934828460216522 0.1571667492389679
0.2699912190437317 0.22657155990600586 0.19749018549919128
0.15721669793128967 0.13458581268787384 0.1312318742275238
0.31024861335754395 0.2594016194343567 0.22562041878700256
0.6522104740142822 0.5952046513557434 0.5320728421211243
0.49692660570144653 0.4272404611110687 0.36214694380760193
0.6229761242866516 0.5623502135276794 0.49528127908706665
0.37366169691085815 0.28025221824645996 0.23917005956172943
0.24470728635787964 0.1983679085969925 0.18337726593017578
0.20565593242645264 0.1693149209022522 0.1682528704404831
0.2617274522781372 0.21067215502262115 0.19595487415790558
0.34799984097480774 0.2852894961833954 0.23928454518318176
0.4534505307674408 0.39037710428237915 0.32949692010879517
0.21301178634166718 0.1772901564836502 0.1673717051744461
0.16715727746486664 0.1436435580253601 0.14146697521209717
0.2725438177585602 0.23096033930778503 0.20892423391342163
0.18335570394992828 0.1567932814359665 0.14860880374908447
0.3765697479248047 0.34168052673339844 0.28536686301231384
0.3032210171222687 0.27941983938217163 0.23378215730190277
0.5068333148956299 0.4961347281932831 0.42749178409576416
0.22607125341892242 0.21256950497627258 0.1874070018529892
0.2761545777320862 0.26531627774238586 0.22444531321525574
0.5247762203216553 0.5129409432411194 0.4216825067996979
0.6551585793495178 0.6478985548019409 0.5790609121322632
0.41458290815353394 0.3927266597747803 0.30633699893951416
0.5993984937667847 0.5777829885482788 0.487518310546875
0.38652095198631287 0.34537473320961 0.2578378915786743
0.6432658433914185 0.6128867864608765 0.5277806520462036
0.7124971151351929 0.694137692451477 0.6333845853805542
0.34387555718421936 0.30925706028938293 0.24674594402313232
0.6332862377166748 0.6038103699684143 0.5308411717414856
0.7925159335136414 0.7643875479698181 0.7137446403503418
0.40735897421836853 0.35697588324546814 0.28700050711631775
0.3158232867717743 0.2684497535228729 0.22567372024059296
0.22489237785339355 0.19230692088603973 0.17353513836860657
0.42048680782318115 0.3599434196949005 0.29203101992607117
0.35822898149490356 0.29514119029045105 0.24798139929771423
0.8231993317604065 0.8038156032562256 0.7611523270606995
0.465329110622406 0.3789239227771759 0.3119685649871826
0.42672938108444214 0.3409116566181183 0.269915908575058
0.15283817052841187 0.13314124941825867 0.13564711809158325
0.3228924572467804 0.24939994513988495 0.21543270349502563
0.1683056354522705 0.1405547559261322 0.1392507404088974
0.4891573488712311 0.4360729455947876 0.36778730154037476
0.39287295937538147 0.3443848192691803 0.2863924205303192
0.2701411843299866 0.23265886306762695 0.20082803070545197
0.33251726627349854 0.2942813038825989 0.25254201889038086
0.22941672801971436 0.1972317397594452 0.1739484965801239
0.4589017331600189 0.4225498139858246 0.34151530265808105
0.23782318830490112 0.21309399604797363 0.19121962785720825
0.463766872882843 0.4323725700378418 0.35417214035987854
0.5813930630683899 0.5524168014526367 0.46939823031425476
0.3222450315952301 0.3040221929550171 0.2485850751399994
0.36721327900886536 0.34974679350852966 0.2802273631095886
0.7216609120368958 0.7040813565254211 0.6294864416122437
0.7662213444709778 0.7505399584770203 0.6859363317489624
0.6235640048980713 0.592730700969696 0.5033347606658936
0.5585030913352966 0.5181697010993958 0.4229834973812103
0.4626845717430115 0.4350881576538086 0.3424261212348938
0.31165623664855957 0.27553194761276245 0.21612957119941711
0.427631139755249 0.39657270908355713 0.3084157705307007
0.39211609959602356 0.35647255182266235 0.28365013003349304
0.4855283200740814 0.45776882767677307 0.379564493894577
0.7292563319206238 0.6951664686203003 0.6328299641609192
0.6800464987754822 0.6431383490562439 0.5741869211196899
0.46739068627357483 0.40320536494255066 0.3261377513408661
0.5547602772712708 0.5054702162742615 0.43568849563598633
0.30633577704429626 0.25374627113342285 0.22044150531291962
0.5796489715576172 0.5361772179603577 0.46555987000465393
0.7886423468589783 0.7616266012191772 0.7124901413917542
0.19401681423187256 0.16200928390026093 0.14853891730308533
0.15948008000850677 0.1358257681131363 0.13569298386573792
0.22211112082004547 0.18300409615039825 0.1698460876941681
0.27632585167884827 0.2294158786535263 0.1992500126361847
0.4564861059188843 0.3873533010482788 0.31779319047927856
0.4164571464061737 0.34949904680252075 0.2867962121963501
0.5665526986122131 0.5250915288925171 0.44603297114372253
0.6350651383399963 0.5936298370361328 0.5177927017211914
0.7016849517822266 0.6658995151519775 0.5927210450172424
0.3691615164279938 0.3370027542114258 0.278160035610199
0.5788427591323853 0.5418953895568848 0.4576757848262787
0.3866463899612427 0.36195531487464905 0.30306851863861084
0.6358223557472229 0.5948848128318787 0.5111806392669678
0.6764055490493774 0.6499745845794678 0.567959725856781
0.5331254601478577 0.5050163269042969 0.40377578139305115
0.6826799511909485 0.6561776399612427 0.5643048882484436
0.4324873387813568 0.419864296913147 0.3353498578071594
0.6632455587387085 0.6408141851425171 0.5570922493934631
0.5070220232009888 0.48604342341423035 0.3933604955673218
0.3543740510940552 0.32825717329978943 0.2551513910293579
0.7559539079666138 0.735723614692688 0.6689521670341492
0.5070103406906128 0.47339704632759094 0.3827579915523529
0.294266015291214 0.2557734251022339 0.2014051079750061
0.24722903966903687 0.21673065423965454 0.18766795098781586
0.20696531236171722 0.18060286343097687 0.15995638072490692
0.7943243384361267 0.7780066132545471 0.7288902997970581
0.36970487236976624 0.31524917483329773 0.2551203966140747
0.2598152160644531 0.22530345618724823 0.19487959146499634
0.20637504756450653 0.17943228781223297 0.16017507016658783
0.3954527974128723 0.33698850870132446 0.26513606309890747
0.6871058940887451 0.6530928611755371 0.585385262966156
0.4609679579734802 0.39229369163513184 0.31196069717407227
0.6128658652305603 0.5765320658683777 0.5009957551956177
0.2644326388835907 0.20562677085399628 0.18195706605911255
0.3715883195400238 0.30675798654556274 0.2504937946796417
0.5347424149513245 0.4843922257423401 0.4139801561832428
0.7830483913421631 0.7561421394348145 0.710101842880249
0.30594131350517273 0.27238354086875916 0.23062679171562195
0.24880291521549225 0.21245843172073364 0.17963719367980957
0.4347021281719208 0.39516255259513855 0.31392377614974976
0.5269560217857361 0.4844553768634796 0.3938523232936859
0.7460798621177673 0.7167991399765015 0.6653939485549927
0.31756243109703064 0.2818722724914551 0.23630456626415253
0.20901833474636078 0.18001258373260498 0.16811512410640717
0.7569395303726196 0.7293245196342468 0.6602935791015625
0.8086451292037964 0.7863754630088806 0.7382309436798096
0.7454145550727844 0.7270174026489258 0.6429049968719482
0.7880668640136719 0.7650859355926514 0.6910996437072754
0.5812227725982666 0.5524178147315979 0.43862882256507874
0.7394209504127502 0.7143114805221558 0.6413997411727905
0.5521200299263 0.5210670232772827 0.4238288402557373
0.43351417779922485 0.4104519486427307 0.32420146465301514
0.3026578724384308 0.28080862760543823 0.22421906888484955
0.5477486848831177 0.5096487998962402 0.4202447831630707
0.2249687761068344 0.2000265270471573 0.1687491238117218
0.1857161819934845 0.16545233130455017 0.1527032107114792
0.5645801424980164 0.5387345552444458 0.4507811665534973
0.600523054599762 0.5734701752662659 0.4932222068309784
0.5222197771072388 0.47927558422088623 0.391156941652298
0.15644705295562744 0.13914074003696442 0.13021327555179596
0.17797651886940002 0.15915769338607788 0.14672519266605377
0.29611095786094666 0.25339198112487793 0.20584779977798462
0.25156936049461365 0.21646155416965485 0.18628732860088348
0.4133497476577759 0.35683536529541016 0.27758294343948364
0.5031775236129761 0.4404713809490204 0.35854077339172363
0.2930688261985779 0.24459995329380035 0.20512309670448303
0.32400739192962646 0.27497556805610657 0.22239822149276733
0.6964999437332153 0.6592538356781006 0.5819050073623657
0.5877783298492432 0.5565166473388672 0.4740392565727234
0.6605700850486755 0.602634072303772 0.520342230796814
0.16760416328907013 0.14858144521713257 0.1400756537914276
0.2946864664554596 0.2592226266860962 0.21753059327602386
0.6671393513679504 0.6235359907150269 0.5430270433425903
0.6109778881072998 0.5703182816505432 0.47351348400115967
0.4088175892829895 0.3677229881286621 0.2949541509151459
0.2573733627796173 0.22782087326049805 0.2001170814037323
0.17585591971874237 0.16350047290325165 0.15531332790851593
0.47369277477264404 0.44773024320602417 0.36136823892593384
0.6140713095664978 0.5806257724761963 0.469253271818161
0.6456319689750671 0.6188404560089111 0.5181238651275635
0.5287551879882812 0.5093470215797424 0.4062410295009613
0.5768203735351562 0.5477469563484192 0.44961950182914734
0.37191078066825867 0.3547062873840332 0.27646541595458984
0.40832653641700745 0.3695158064365387 0.28248175978660583
0.7014691233634949 0.663169801235199 0.5815399289131165
0.5789235830307007 0.5482959151268005 0.4489731788635254
0.38858112692832947 0.34951961040496826 0.2649434208869934
0.15918394923210144 0.14504346251487732 0.13553182780742645
0.316633015871048 0.2781485915184021 0.2206372320652008
0.4488748013973236 0.3961973190307617 0.313675194978714
0.40916553139686584 0.3594117760658264 0.28972575068473816
0.3197219669818878 0.28118738532066345 0.22405259311199188
0.2432946413755417 0.20948855578899384 0.1819925755262375
0.34778571128845215 0.29911187291145325 0.2344578504562378
0.16805291175842285 0.14917117357254028 0.1382344514131546
0.6121342182159424 0.5861715078353882 0.5120550990104675
0.7412813305854797 0.7158043384552002 0.6553470492362976
0.2077147215604782 0.180476114153862 0.16567356884479523
0.4073253571987152 0.3600254952907562 0.2805139124393463
0.6361245512962341 0.5962918996810913 0.5108217597007751
0.482978880405426 0.43225061893463135 0.35147175192832947
0.1926388293504715 0.17217403650283813 0.15963046252727509
0.1521090567111969 0.1323280930519104 0.12820787727832794
0.3605978190898895 0.32559943199157715 0.26471585035324097
0.25630098581314087 0.22546350955963135 0.19393783807754517
0.46360889077186584 0.4206026494503021 0.3272680640220642
0.5202887058258057 0.48188087344169617 0.388143390417099
0.310037761926651 0.28108716011047363 0.2284163236618042
0.35143420100212097 0.3224044144153595 0.2591242492198944
0.42146754264831543 0.39273130893707275 0.29615411162376404
0.5855008959770203 0.5551480650901794 0.44156327843666077
0.31734418869018555 0.3015952706336975 0.23926132917404175
0.4534313678741455 0.42685994505882263 0.32662302255630493
0.6887452602386475 0.643615186214447 0.5566273331642151
0.46425846219062805 0.4412532448768616 0.34720680117607117
0.33587372303009033 0.3050331473350525 0.2346545308828354
0.42286038398742676 0.3906041383743286 0.30856966972351074
0.6183971166610718 0.5904772877693176 0.5001838803291321
0.46659520268440247 0.4201081097126007 0.33561962842941284
0.23096752166748047 0.20161737501621246 0.17182807624340057
0.35766640305519104 0.31010985374450684 0.2428876757621765
0.6719507575035095 0.6429662704467773 0.5617656111717224
0.20488400757312775 0.17845532298088074 0.15743423998355865
0.48643508553504944 0.43763676285743713 0.3435470461845398
0.560716450214386 0.5233941078186035 0.43332579731941223
0.40425363183021545 0.36090853810310364 0.2836315333843231
0.5040320158004761 0.4601873457431793 0.37882885336875916
0.6720046997070312 0.6341663002967834 0.5518445372581482
0.5496100187301636 0.51634681224823 0.4189818501472473
0.33726656436920166 0.30771300196647644 0.2440415471792221
0.5649718046188354 0.5290631055831909 0.4441670775413513
0.7655366063117981 0.7385560274124146 0.6765189170837402
0.41823112964630127 0.3667626976966858 0.284352570772171
0.2419891506433487 0.21743594110012054 0.18708233535289764
0.18940968811511993 0.17067518830299377 0.15627332031726837
0.4233088791370392 0.38526567816734314 0.29659801721572876
0.5296709537506104 0.49387890100479126 0.3982161283493042
0.7009234428405762 0.6726959347724915 0.5838728547096252
0.7795864939689636 0.7521346211433411 0.6848525404930115
0.6163920760154724 0.5749337077140808 0.47368401288986206
0.6900884509086609 0.659639298915863 0.5623010396957397
0.26932328939437866 0.24363327026367188 0.1982925981283188
0.24133768677711487 0.22151170670986176 0.18580789864063263
0.39340344071388245 0.3690382242202759 0.28747445344924927
0.5138165950775146 0.49014079570770264 0.38133639097213745
0.5049070119857788 0.4841674864292145 0.38580116629600525
0.533761739730835 0.5068535208702087 0.41116541624069214
0.4884624183177948 0.4566829800605774 0.3565134108066559
0.21533411741256714 0.19351786375045776 0.1625359207391739
0.5710836052894592 0.5370566844940186 0.44084689021110535
0.5076562166213989 0.46797075867652893 0.3826703429222107
0.27048271894454956 0.23733395338058472 0.19551503658294678
0.37923547625541687 0.338174432516098 0.25746995210647583
0.5323078036308289 0.4976810812950134 0.39909636974334717
0.7429051995277405 0.710697591304779 0.645365834236145
0.6367603540420532 0.6110068559646606 0.5196738243103027
0.7824196219444275 0.7577089071273804 0.6995415687561035
0.4534197449684143 0.40008535981178284 0.3100435733795166
0.604377806186676 0.5691043734550476 0.4731903374195099
0.697991132736206 0.6699597239494324 0.5922361016273499
0.5748412013053894 0.5406591892242432 0.45016783475875854
0.5167331099510193 0.47509169578552246 0.38225167989730835
0.4642196297645569 0.4208782911300659 0.32757440209388733
0.6860494613647461 0.6522749662399292 0.5737533569335938
0.29291534423828125 0.2606539726257324 0.2072961926460266
0.17114946246147156 0.15898843109607697 0.14651526510715485
0.5062964558601379 0.4678346514701843 0.36993974447250366
0.7950519919395447 0.7682058215141296 0.720757782459259
0.585905134677887 0.5453991293907166 0.44560706615448
0.6380037069320679 0.6056758165359497 0.5104990601539612
0.549653947353363 0.5171148180961609 0.41852402687072754
0.45815309882164 0.4202820956707001 0.3265419602394104
0.5534881949424744 0.5197181105613708 0.41238605976104736
0.49719440937042236 0.4745224714279175 0.37603050470352173
0.2870446741580963 0.26436951756477356 0.2102956771850586
0.3525376319885254 0.33320900797843933 0.25869131088256836
0.5516114234924316 0.5287977457046509 0.41739553213119507
0.6987833380699158 0.6616935729980469 0.5707655549049377
0.6274807453155518 0.5885079503059387 0.4877590537071228
0.5887919664382935 0.5511965751647949 0.4511885941028595
0.2510891258716583 0.227726548910141 0.18936175107955933
0.31780779361724854 0.28736570477485657 0.22265265882015228
0.35720694065093994 0.32088184356689453 0.24801020324230194
0.44299325346946716 0.40319114923477173 0.3258594274520874
0.4034787714481354 0.36466193199157715 0.2869878113269806
0.2936180830001831 0.25675517320632935 0.21554633975028992
0.6071540117263794 0.5772773623466492 0.47745466232299805
0.5597167611122131 0.527251660823822 0.42377737164497375
0.7352628707885742 0.7001290321350098 0.6296387314796448
0.3362738788127899 0.2990482747554779 0.240683451294899
0.6373621821403503 0.6132478713989258 0.5259919762611389
0.7859144806861877 0.7581387758255005 0.7036860585212708
0.7429313063621521 0.710223376750946 0.6408552527427673
0.655373215675354 0.6253224015235901 0.5366030931472778
0.5956143736839294 0.5696845650672913 0.48047250509262085
0.4743592143058777 0.4398035407066345 0.34073513746261597
0.3540588319301605 0.3236214220523834 0.2544722557067871
0.3022628128528595 0.2790110409259796 0.22323577105998993
0.3712616562843323 0.3396192789077759 0.2642943263053894
0.6761291027069092 0.6393119096755981 0.5563338398933411
0.6274371147155762 0.5924129486083984 0.491502046585083
0.445555180311203 0.41407063603401184 0.3184930384159088
0.7571349740028381 0.7224479913711548 0.6435341835021973
0.3902251124382019 0.3579438030719757 0.2723722457885742
0.2049238681793213 0.18717020750045776 0.16711196303367615
0.3600444793701172 0.3279605209827423 0.25270000100135803
0.19081144034862518 0.17862321436405182 0.16075894236564636
0.4406002461910248 0.4188873767852783 0.3169533312320709
0.6374927759170532 0.6155149936676025 0.5080878138542175
0.5752995014190674 0.5477003455162048 0.4480161964893341
0.40536701679229736 0.3821480870246887 0.2943648397922516
0.43537208437919617 0.40768781304359436 0.31117352843284607
0.289632111787796 0.26601269841194153 0.21484152972698212
0.40725064277648926 0.3666069805622101 0.28202730417251587
0.6182745695114136 0.5901567935943604 0.5038423538208008
0.5242339372634888 0.4948310852050781 0.39532145857810974
0.2095290720462799 0.18239256739616394 0.1657172590494156
0.44109779596328735 0.4062871038913727 0.3103629946708679
0.3520052433013916 0.31065061688423157 0.23884138464927673
0.5260908603668213 0.4905334413051605 0.39190539717674255
0.6362724304199219 0.6143575310707092 0.5136233568191528
0.5859198570251465 0.5609126091003418 0.462280809879303
0.4451100826263428 0.3963761627674103 0.2956708073616028
0.7001579403877258 0.6720336079597473 0.58719801902771
0.5307773351669312 0.49186334013938904 0.3951823115348816
0.611298680305481 0.5849011540412903 0.4975343942642212
0.2797187268733978 0.2535521686077118 0.20407263934612274
0.434987336397171 0.3941865861415863 0.29699084162712097
0.5362594127655029 0.5041852593421936 0.40259507298469543
0.23189277946949005 0.2149922102689743 0.17712603509426117
0.5577197074890137 0.5261339545249939 0.41820961236953735
0.7546252012252808 0.7187104225158691 0.6497541666030884
0.7089127898216248 0.6748145818710327 0.5892313122749329
0.5222408771514893 0.493164598941803 0.39730018377304077
0.6667395234107971 0.6347366571426392 0.540691077709198
0.3056055009365082 0.26944857835769653 0.21405372023582458
0.24098266661167145 0.21903404593467712 0.19025881588459015
0.33104684948921204 0.29780882596969604 0.22756822407245636
0.22975444793701172 0.21188780665397644 0.18479259312152863
0.5805027484893799 0.5552704930305481 0.44862455129623413
0.4875049293041229 0.472334086894989 0.36736974120140076
0.6606330871582031 0.6185236573219299 0.5303235650062561
0.521557629108429 0.4996029734611511 0.4006553590297699
0.4918822646141052 0.4667228162288666 0.3665944039821625
0.3568912148475647 0.33179348707199097 0.2599000334739685
0.5554459095001221 0.5211383104324341 0.4169957935810089
0.7408277988433838 0.7033076882362366 0.6208903789520264
0.6855718493461609 0.6503666639328003 0.5558860301971436
0.49531126022338867 0.4656856656074524 0.3618813753128052
0.7287142276763916 0.69073486328125 0.6075927019119263
0.45291876792907715 0.42429065704345703 0.3250381350517273
0.5777024030685425 0.5530432462692261 0.4379371404647827
0.6844854354858398 0.6530159711837769 0.5797130465507507
0.469209760427475 0.4324297606945038 0.33191820979118347
0.5457318425178528 0.5129066705703735 0.41310641169548035
0.6373117566108704 0.6107839345932007 0.5184676647186279
0.23042495548725128 0.21096597611904144 0.17808842658996582
0.40403008460998535 0.366686075925827 0.2784830629825592
0.36697593331336975 0.33514538407325745 0.2550152838230133
0.5831985473632812 0.5407307147979736 0.43395984172821045
0.6183686256408691 0.5789571404457092 0.4846014082431793
0.4196755588054657 0.38279131054878235 0.2906045615673065
0.4623497724533081 0.4307841360569 0.32954081892967224
0.6574310064315796 0.6239489912986755 0.5341294407844543
0.7417099475860596 0.7058320641517639 0.612700879573822
0.5857333540916443 0.5609191656112671 0.4557955861091614
0.7336909770965576 0.7029806971549988 0.6190066337585449
0.6248083114624023 0.5932561755180359 0.49360328912734985
0.43535536527633667 0.40760794281959534 0.30637145042419434
0.3885691165924072 0.35787492990493774 0.26591619849205017
0.2977759540081024 0.27265772223472595 0.21332667768001556
0.4052635133266449 0.38103947043418884 0.28614088892936707
0.5461033582687378 0.5215239524841309 0.40565168857574463
0.6138128042221069 0.5776354074478149 0.4791751503944397
0.5743842124938965 0.5381748676300049 0.4320004880428314
0.44855624437332153 0.4192388653755188 0.31307560205459595
0.45696598291397095 0.43295636773109436 0.33601289987564087
0.6761497855186462 0.6353650689125061 0.5416154861450195
0.7229393720626831 0.6878551244735718 0.6014667749404907
0.46729928255081177 0.44507336616516113 0.34584152698516846
0.56379634141922 0.5371058583259583 0.4249381124973297
0.6183053851127625 0.5887510180473328 0.4893816411495209
0.4112723469734192 0.3830413222312927 0.2901439070701599
0.1976442039012909 0.1788451075553894 0.16288374364376068
0.5131508708000183 0.48740631341934204 0.38063517212867737
0.3918837010860443 0.35220834612846375 0.26555371284484863
0.25768253207206726 0.23410534858703613 0.19062656164169312
0.49857768416404724 0.4698253870010376 0.36964744329452515
0.2004254311323166 0.18176773190498352 0.15586023032665253
0.2727660536766052 0.2512845993041992 0.19694945216178894
0.5481624007225037 0.5170000791549683 0.4210483729839325
0.69899582862854 0.6652418971061707 0.5794614553451538
0.2987932860851288 0.2750425338745117 0.21595057845115662
0.21320495009422302 0.19738347828388214 0.1636824607849121
0.2578919231891632 0.24278554320335388 0.19596335291862488
0.5730934143066406 0.5453634262084961 0.438721239566803
0.6286885738372803 0.5998746156692505 0.5005496144294739
0.36157655715942383 0.3422554135322571 0.26112574338912964
0.6962171196937561 0.6590397953987122 0.5653234720230103
0.555705189704895 0.5321257710456848 0.4214024841785431
0.4799358546733856 0.4541252553462982 0.3393539488315582
0.6031145453453064 0.5774373412132263 0.4798940420150757
0.3321550190448761 0.31029099225997925 0.24029749631881714
0.5085561871528625 0.482460618019104 0.37152284383773804
0.6078447103500366 0.582392692565918 0.4788217842578888
0.4527056813240051 0.4356519877910614 0.3413797914981842
0.49773111939430237 0.47932517528533936 0.3751463294029236
0.3165426552295685 0.2984996736049652 0.2282925546169281
0.4055096209049225 0.3861731290817261 0.29755279421806335
0.4986768066883087 0.46983757615089417 0.3660206198692322
0.5887377262115479 0.5596080422401428 0.44826507568359375
0.2860913872718811 0.2621127665042877 0.20542006194591522
0.3717053532600403 0.3427751064300537 0.26067981123924255
0.23681126534938812 0.21313819289207458 0.17270107567310333
0.3242374658584595 0.2920006215572357 0.23379607498645782
0.26366451382637024 0.23967894911766052 0.1934545934200287
0.35634365677833557 0.3283945918083191 0.2492825835943222
0.5357683897018433 0.5099456906318665 0.4052261412143707
0.3123414218425751 0.28513801097869873 0.21184034645557404
0.3711930513381958 0.3414265215396881 0.25746455788612366
0.4177969694137573 0.3757844567298889 0.2807081341743469
0.3340889811515808 0.3057290315628052 0.2318989783525467
0.4514261782169342 0.41618239879608154 0.31490105390548706
0.5064398050308228 0.4770161807537079 0.3842282295227051
0.36494651436805725 0.3388044536113739 0.26073676347732544
0.1935412436723709 0.18040050566196442 0.15198490023612976
0.33554190397262573 0.3159845769405365 0.2507750689983368
0.5198208689689636 0.4832972288131714 0.3703259229660034
0.7047824859619141 0.6697326302528381 0.5692278146743774
0.44721075892448425 0.42139220237731934 0.3332611322402954
0.5430812239646912 0.5116520524024963 0.403186559677124
0.4773956835269928 0.45580413937568665 0.35646188259124756
0.5523495674133301 0.525335431098938 0.4026520252227783
0.36454448103904724 0.33400678634643555 0.25756895542144775
0.24538850784301758 0.22836898267269135 0.18452365696430206
0.43324288725852966 0.4075705409049988 0.30303117632865906
0.6555067300796509 0.6270581483840942 0.5269098877906799
0.547834575176239 0.5231393575668335 0.41387128829956055
0.39946863055229187 0.3790530562400818 0.2887558341026306
0.3583900034427643 0.3373561203479767 0.2586624324321747
0.5493798851966858 0.5189584493637085 0.41452109813690186
0.5874027609825134 0.5549608469009399 0.4508202373981476
0.6410794854164124 0.6005308628082275 0.5065608620643616
0.4350152611732483 0.41412219405174255 0.32221418619155884
0.533469021320343 0.5090841054916382 0.39395999908447266
0.2882534861564636 0.2638552188873291 0.2028067708015442
0.39122268557548523 0.3547532856464386 0.26934510469436646
0.4385760724544525 0.41304805874824524 0.3105733096599579
0.48147204518318176 0.45698192715644836 0.3520008623600006
0.6184476017951965 0.5812559723854065 0.48032277822494507
0.4560163915157318 0.41960203647613525 0.3128405213356018
0.6937180757522583 0.6521575450897217 0.5711581707000732
0.6345652341842651 0.5975309014320374 0.498755544424057
0.5125136375427246 0.4787561595439911 0.3631424903869629
0.6886500716209412 0.6514797806739807 0.5575141310691833
0.6189454793930054 0.588272213935852 0.4869023561477661
0.2499205470085144 0.23418991267681122 0.18516290187835693
0.2954809367656708 0.2781864106655121 0.21858620643615723
0.4141796827316284 0.3872438073158264 0.3014949560165405
0.6458927392959595 0.6093487739562988 0.5013840794563293
0.4301016926765442 0.400760293006897 0.3032689094543457
0.5621596574783325 0.5351620316505432 0.4247874617576599
0.5066241025924683 0.48644402623176575 0.3827759027481079
0.6171604990959167 0.5847858190536499 0.47592267394065857
0.40044325590133667 0.37248799204826355 0.2855845093727112
0.45857924222946167 0.43521344661712646 0.32670167088508606
0.32267051935195923 0.2997089922428131 0.23263804614543915
0.5415415167808533 0.5150576829910278 0.4045543968677521
0.5655863881111145 0.539484441280365 0.4370722770690918
0.4366665184497833 0.41279029846191406 0.3105792701244354
0.6136341691017151 0.5746110677719116 0.47622454166412354
0.6717534065246582 0.6302399635314941 0.5369491577148438
0.5250250697135925 0.49415093660354614 0.3871665596961975
0.6409206390380859 0.6022592782974243 0.4954548478126526
0.6756137609481812 0.6370365619659424 0.5447121262550354
0.5564814209938049 0.5239073038101196 0.4180651009082794
0.49823129177093506 0.4722437262535095 0.36957502365112305
0.6177272796630859 0.5787711143493652 0.47226086258888245
0.6805399060249329 0.6436980366706848 0.553227424621582
0.5611526370048523 0.5328029990196228 0.42740482091903687
0.3251250982284546 0.293684184551239 0.21757879853248596
0.3959542512893677 0.35688912868499756 0.2607724070549011
0.5780288577079773 0.5476815700531006 0.44372910261154175
0.6569681763648987 0.6203518509864807 0.5213148593902588
0.5381845831871033 0.5121191143989563 0.41057461500167847
0.5941152572631836 0.5626596212387085 0.4561787545681
0.44597548246383667 0.41403570771217346 0.31310808658599854
0.5428741574287415 0.5075129270553589 0.39771804213523865
0.3225887715816498 0.3005291521549225 0.2273375391960144
0.4977929890155792 0.4546608030796051 0.341774046421051
0.530031681060791 0.4941888451576233 0.38072267174720764
0.5516416430473328 0.5272685885429382 0.4111053943634033
0.5974907279014587 0.5700019001960754 0.45758160948753357
0.6658477187156677 0.630281388759613 0.5238676071166992
0.7011199593544006 0.6662819981575012 0.5568514466285706
0.6648569107055664 0.6276345252990723 0.5206352472305298
0.5908696055412292 0.5578024983406067 0.4465169906616211
0.5229792594909668 0.4936397075653076 0.37967026233673096
0.3028603196144104 0.28492751717567444 0.21909426152706146
0.4013163447380066 0.3781161904335022 0.29148370027542114
0.6237700581550598 0.5910781621932983 0.4885042607784271
0.621235191822052 0.5846399068832397 0.4858017563819885
0.527041494846344 0.4964770972728729 0.38565653562545776
0.48541370034217834 0.4572542905807495 0.34856754541397095
0.380827397108078 0.3523028492927551 0.2662684917449951
0.44778093695640564 0.4207358658313751 0.31409820914268494
0.3501409590244293 0.32670271396636963 0.24449726939201355
0.4238506555557251 0.39083191752433777 0.2992987334728241
0.32442015409469604 0.3015553653240204 0.22675158083438873
0.47783201932907104 0.44589805603027344 0.3350706100463867
0.4218878149986267 0.3899897038936615 0.2916053831577301
0.5210590958595276 0.4897140562534332 0.3753179609775543
0.6271255612373352 0.5878199338912964 0.48023471236228943
0.47969454526901245 0.44811195135116577 0.33944371342658997
0.3503343462944031 0.3215268552303314 0.23574914038181305
0.43437451124191284 0.39966416358947754 0.29730337858200073
0.344085156917572 0.3159193694591522 0.23049868643283844
0.37770068645477295 0.3526352643966675 0.2643013298511505
0.6534666419029236 0.6191169619560242 0.5153450965881348
0.574535608291626 0.5509138107299805 0.4370782971382141
0.39718347787857056 0.3526884615421295 0.2640492618083954
0.6136033535003662 0.5820165872573853 0.4737499952316284
0.3481806516647339 0.32120606303215027 0.24128089845180511
0.3947003185749054 0.3688963055610657 0.2770860493183136
0.26382410526275635 0.24919618666172028 0.19585052132606506
0.349083811044693 0.3321397304534912 0.25451433658599854
0.4871765971183777 0.4612973928451538 0.35762283205986023
0.40929117798805237 0.3831475079059601 0.28938183188438416
0.38607466220855713 0.357587605714798 0.2624034285545349
0.33835312724113464 0.3151504397392273 0.23880521953105927
0.36500102281570435 0.3408886790275574 0.2559039294719696
0.44510477781295776 0.41521093249320984 0.3151581883430481
0.5145405530929565 0.4887857139110565 0.3803516924381256
0.4787679612636566 0.4513513147830963 0.3465188145637512
0.4602334499359131 0.4317450225353241 0.3233272135257721
0.44058048725128174 0.4102429449558258 0.3100124001502991
0.42226603627204895 0.39500877261161804 0.297050416469574
0.4876026213169098 0.4593018889427185 0.34764403104782104
0.5246503353118896 0.49152711033821106 0.37575262784957886
0.49307695031166077 0.4623432755470276 0.34928131103515625
0.3922445774078369 0.35847386717796326 0.2686801850795746
0.4414741098880768 0.4124513864517212 0.31070083379745483
0.5019881129264832 0.4699302315711975 0.35590386390686035
0.535955011844635 0.5021198391914368 0.38871392607688904
0.4425812363624573 0.4097738564014435 0.30768147110939026
0.525978684425354 0.48772335052490234 0.3733503520488739
0.4088820517063141 0.37676122784614563 0.27795884013175964
0.5136895179748535 0.47597262263298035 0.36910146474838257
0.4866880178451538 0.45638030767440796 0.3489219546318054
0.4554632008075714 0.4224223494529724 0.32035377621650696
0.4082164466381073 0.3742484450340271 0.281726598739624
0.4961352050304413 0.4633508622646332 0.3671402931213379
0.46861347556114197 0.43439987301826477 0.3295353055000305
0.4333224892616272 0.4047989547252655 0.3110445737838745
0.6672850847244263 0.6311233043670654 0.5271034240722656
0.46306312084198 0.4444349408149719 0.3391015827655792
0.6314621567726135 0.5948541760444641 0.488333135843277
0.45305725932121277 0.43133971095085144 0.32926636934280396
0.5847852230072021 0.546111524105072 0.4340474605560303
0.5458530783653259 0.5178108811378479 0.4058205187320709
0.4550047814846039 0.4254404604434967 0.324493944644928
0.5412796139717102 0.5075754523277283 0.39951324462890625
0.40480995178222656 0.3775056004524231 0.2897815406322479
0.472298800945282 0.4426930546760559 0.34681710600852966
0.5323433876037598 0.5019332766532898 0.3985637426376343
0.5263447761535645 0.49762019515037537 0.38896092772483826
0.582217812538147 0.5465777516365051 0.4380984604358673
0.5248962044715881 0.4920407831668854 0.38373613357543945
0.5704697966575623 0.5386950969696045 0.4288659989833832
0.6137494444847107 0.5761741399765015 0.4692082703113556
0.5621256232261658 0.5290585160255432 0.4203811287879944
0.6332986354827881 0.593325138092041 0.4856843948364258
0.5379420518875122 0.50375896692276 0.3981202244758606
0.6130982637405396 0.5745581388473511 0.46729159355163574
0.5698785781860352 0.5353769063949585 0.4272536337375641
0.6506166458129883 0.6127957701683044 0.5065625905990601
0.6137191653251648 0.5789006352424622 0.47128280997276306
0.5679476857185364 0.5360355377197266 0.42797577381134033
0.6578945517539978 0.620737612247467 0.5204707980155945
0.5408196449279785 0.5069287419319153 0.3962728977203369
0.607733964920044 0.5760836601257324 0.47937875986099243
0.5568049550056458 0.5332563519477844 0.430116206407547
0.6145014762878418 0.586834728717804 0.48035597801208496
0.5459009408950806 0.5124208927154541 0.39789700508117676
0.5189024209976196 0.49070560932159424 0.38660332560539246
0.5854107141494751 0.5573490858078003 0.44834598898887634
0.524681031703949 0.4957278370857239 0.3848520815372467
0.5987576246261597 0.5640597939491272 0.4501933455467224
0.5072154998779297 0.4770580530166626 0.370784193277359
0.5472158193588257 0.5125221610069275 0.40655437111854553
0.49233853816986084 0.46201252937316895 0.3569340705871582
0.6136462092399597 0.5725059509277344 0.4617993235588074
0.6410008668899536 0.5992764830589294 0.4917124807834625
0.5887699723243713 0.5507625937461853 0.4419023394584656
0.49617087841033936 0.464104562997818 0.3665049076080322
0.560813307762146 0.523840069770813 0.42157280445098877
0.5871407389640808 0.5517763495445251 0.4494122862815857
