0.2903898765229664

2.631361246109009 2.652590274810791 2.405005693435669
2.9258615970611572 2.917980909347534 2.7863240242004395
3.6816139221191406 3.6827046871185303 3.582548141479492
4.040714263916016 3.995514392852783 3.8413615226745605
4.208786964416504 4.140348434448242 3.944495439529419
3.857576847076416 3.8380229473114014 3.7490880489349365
3.8392269611358643 3.8934414386749268 3.912982940673828
4.336249351501465 4.2957024574279785 4.1751627922058105
4.059606075286865 4.052229881286621 3.9955646991729736
4.167182922363281 4.169867992401123 4.0964274406433105
4.427091598510742 4.38162899017334 4.280831813812256
4.06932258605957 3.988236904144287 3.8684241771698
3.8735873699188232 3.869922161102295 3.8199267387390137
3.6786954402923584 3.720672607421875 3.79120135307312
3.3830957412719727 3.5154786109924316 3.5839345455169678
4.134449005126953 4.055075645446777 3.9197304248809814
4.127383708953857 4.143564701080322 4.109272480010986
4.370785713195801 4.352146148681641 4.251718997955322
4.469046115875244 4.442232608795166 4.370553016662598
3.4159939289093018 3.491910934448242 3.445401668548584
3.8160860538482666 3.8806874752044678 3.9219889640808105
3.720088481903076 3.6901299953460693 3.5739264488220215
3.2915072441101074 3.4135735034942627 3.3610692024230957
3.8249945640563965 3.8471851348876953 3.7966690063476562
4.264548301696777 4.238234996795654 4.126596927642822
4.0467729568481445 4.039525032043457 3.9751904010772705
3.687420606613159 3.756906509399414 3.761824369430542
3.143876314163208 3.299971580505371 3.3544979095458984
3.5613977909088135 3.62449049949646 3.5744612216949463
4.380739212036133 4.35645055770874 4.2761430740356445
4.044190406799316 4.046286582946777 4.013692378997803
3.8759963512420654 3.9234542846679688 3.8786673545837402
2.2951197624206543 2.4153554439544678 2.1500022411346436
2.2539591789245605 2.3277957439422607 2.013455867767334
1.983251690864563 2.1026928424835205 1.8304129838943481
2.9069411754608154 3.05269718170166 3.0659329891204834
3.3768582344055176 3.449908494949341 3.390096426010132
3.3363919258117676 3.3752076625823975 3.2131590843200684
3.4049196243286133 3.5443313121795654 3.5919721126556396
3.5563466548919678 3.640451431274414 3.589275360107422
3.121084213256836 3.284609794616699 3.3058183193206787
3.587118148803711 3.5020077228546143 3.2318851947784424
3.75777530670166 3.626429796218872 3.380223274230957
3.1393017768859863 3.0499846935272217 2.84014630317688
3.114288330078125 3.2025668621063232 3.2009994983673096
3.5461525917053223 3.6290438175201416 3.621642589569092
1.7263760566711426 1.8394269943237305 1.8071911334991455
3.2652759552001953 3.4103972911834717 3.4997811317443848
2.7849440574645996 2.94779896736145 3.040123462677002
3.038909673690796 3.112049102783203 3.037292718887329
2.4971463680267334 2.6803152561187744 2.8204917907714844
2.123260021209717 2.1846413612365723 2.10992693901062
2.5802547931671143 2.648784875869751 2.3501694202423096
2.481072187423706 2.4509809017181396 2.1261391639709473
2.138972282409668 2.0700533390045166 1.814652442932129
3.273353338241577 3.2585811614990234 3.1025331020355225
2.82257342338562 2.9270498752593994 2.966308116912842
2.5518946647644043 2.604120969772339 2.5432775020599365
1.9876155853271484 2.1040117740631104 1.8672213554382324
2.0160396099090576 2.070725917816162 1.6130585670471191
2.2814183235168457 2.3063805103302 2.1593170166015625
3.12091064453125 3.1937544345855713 3.1108224391937256
3.4651145935058594 3.48665452003479 3.288445472717285
3.4196062088012695 3.536637544631958 3.5338261127471924
1.5263491868972778 1.573910117149353 1.3555598258972168
1.2477004528045654 1.3047572374343872 1.2027744054794312
1.6816060543060303 1.7861671447753906 1.5767550468444824
2.391090154647827 2.434364080429077 2.3428080081939697
3.0960073471069336 3.1956944465637207 3.157212495803833
2.521406650543213 2.692819356918335 2.7670950889587402
2.676517963409424 2.80462908744812 2.778244733810425
2.671492576599121 2.68955135345459 2.2803468704223633
2.514244556427002 2.4861953258514404 2.2700796127319336
3.1513020992279053 2.9861536026000977 2.5211570262908936
3.4184064865112305 3.337571620941162 3.0466806888580322
2.5878236293792725 2.761049747467041 2.9150390625
2.2242178916931152 2.4003987312316895 2.5068511962890625
1.829360008239746 1.9800325632095337 2.069312572479248
1.3642324209213257 1.4570268392562866 1.37810218334198
2.38730525970459 2.335709571838379 2.2543087005615234
2.345716714859009 2.5167486667633057 2.614638328552246
2.1848440170288086 2.3030731678009033 2.362689733505249
1.8643136024475098 1.953444242477417 1.7138891220092773
1.7503327131271362 1.8236085176467896 1.419433355331421
1.602480411529541 1.5777182579040527 1.3818660974502563
1.4758154153823853 1.3708796501159668 1.1648592948913574
1.6910483837127686 1.7187925577163696 1.5285640954971313
1.6051512956619263 1.7335593700408936 1.6809372901916504
1.5692299604415894 1.506940484046936 1.303044080734253
1.021241307258606 0.9116523265838623 0.7532402276992798
1.149481177330017 1.1227960586547852 1.0023269653320312
1.7883225679397583 1.587884545326233 1.3642992973327637
2.675279140472412 2.6307785511016846 2.099783420562744
3.060628890991211 2.993391990661621 2.6837754249572754
2.8525617122650146 2.8686599731445312 2.564598560333252
3.1109728813171387 3.1121678352355957 2.81071400642395
1.3314902782440186 1.3129838705062866 1.022573471069336
1.0218424797058105 0.9990495443344116 0.8732008337974548
1.0437712669372559 1.0842534303665161 0.9695585370063782
1.7214033603668213 1.865880012512207 1.770636796951294
2.380641222000122 2.559101104736328 2.5944249629974365
3.248990297317505 3.2003448009490967 2.8596649169921875
3.083157777786255 3.0170063972473145 2.682018756866455
1.9912666082382202 2.1318655014038086 2.09941029548645
2.3507962226867676 2.445997953414917 2.041555643081665
3.687943696975708 3.4791247844696045 3.042599678039551
4.004734039306641 3.8315560817718506 3.529855251312256
3.166504144668579 3.3278026580810547 3.405529260635376
2.7385709285736084 2.7346811294555664 2.5257797241210938
2.51233172416687 2.5472989082336426 2.5481762886047363
1.4806807041168213 1.6390200853347778 1.6480445861816406
2.923250913619995 2.9295785427093506 2.7829976081848145
3.020132303237915 3.144657611846924 3.221006393432617
2.6630990505218506 2.690323829650879 2.6958999633789062
2.2508108615875244 2.3836870193481445 2.0216612815856934
2.1996045112609863 2.300419807434082 1.890197992324829
1.9115792512893677 1.9104726314544678 1.546674370765686
1.6871492862701416 1.8596338033676147 1.9505205154418945
1.8294905424118042 1.994303584098816 2.060903310775757
1.3971762657165527 1.3335596323013306 1.2071638107299805
1.2918078899383545 1.2734211683273315 1.1388293504714966
0.8594345450401306 0.7549099326133728 0.6225942969322205
0.8707460761070251 0.8355120420455933 0.7176634073257446
1.3287932872772217 1.2328585386276245 0.9841234683990479
1.8890635967254639 1.882969617843628 1.4184879064559937
2.2304913997650146 2.311704397201538 1.7687766551971436
2.558340549468994 2.698270320892334 2.67718505859375
2.5217161178588867 2.6065738201141357 2.31612229347229
1.2243809700012207 1.1761831045150757 0.9672360420227051
1.0191763639450073 0.929038405418396 0.7834426164627075
0.8162702918052673 0.8102608323097229 0.7766841053962708
1.4546971321105957 1.5683661699295044 1.5650533437728882
1.7899653911590576 1.957041621208191 1.9541285037994385
2.1062569618225098 2.251002550125122 2.2646493911743164
2.5353989601135254 2.44635009765625 1.9726842641830444
2.165832996368408 2.2024312019348145 1.8242474794387817
2.9298243522644043 2.8847761154174805 2.420201063156128
3.4561519622802734 3.2491517066955566 2.879451274871826
3.421048164367676 3.154042959213257 2.6833300590515137
3.3412294387817383 3.4388182163238525 3.448378801345825
2.9175429344177246 3.0370867252349854 3.05584979057312
2.8602354526519775 2.8068222999572754 2.6860032081604004
1.9946033954620361 2.118197441101074 2.220730781555176
3.380382537841797 3.3427860736846924 3.18074107170105
3.5398964881896973 3.551567554473877 3.4050087928771973
3.0844969749450684 2.96755313873291 2.590301513671875
2.8314921855926514 2.74312686920166 2.21220326423645
2.934767484664917 2.77520751953125 2.3774170875549316
2.5788838863372803 2.359605550765991 1.9589322805404663
1.9918726682662964 2.063764810562134 2.066385269165039
2.681656837463379 2.787261962890625 2.8630876541137695
1.3815033435821533 1.4728541374206543 1.3758177757263184
1.0272290706634521 1.0417293310165405 1.0025951862335205
1.0002082586288452 0.9649359583854675 0.848487377166748
0.5571835041046143 0.4919971823692322 0.44428423047065735
0.6439157724380493 0.6220003366470337 0.5618025064468384
1.4866299629211426 1.4075844287872314 1.1017380952835083
1.815886378288269 1.922852873802185 1.7128043174743652
2.909813642501831 3.047132730484009 3.09904146194458
2.2868499755859375 2.4342403411865234 2.3482210636138916
1.6938936710357666 1.7113405466079712 1.321755290031433
1.3884831666946411 1.481200933456421 1.3226089477539062
0.8771312832832336 0.9260213971138 0.8644261956214905
0.8982551097869873 0.8676924705505371 0.7059177160263062
0.7514879107475281 0.6868223547935486 0.6321755051612854
1.1535365581512451 1.058489441871643 0.979340136051178
1.3644845485687256 1.312723994255066 1.1601003408432007
2.0316367149353027 1.8972445726394653 1.676263689994812
1.7079285383224487 1.6678401231765747 1.527551531791687
2.9635000228881836 2.715553045272827 2.362027406692505
1.8250207901000977 1.772957444190979 1.5863049030303955
2.3945674896240234 2.2016444206237793 2.0041439533233643
2.529386520385742 2.6281538009643555 2.1167490482330322
1.991145372390747 2.024553060531616 1.9140914678573608
2.7857072353363037 2.6065220832824707 2.4077653884887695
3.17962646484375 3.1445810794830322 2.8905744552612305
3.8554532527923584 3.7041079998016357 3.458409547805786
3.303544282913208 3.096855640411377 2.6342012882232666
3.5448384284973145 3.403782606124878 2.9746060371398926
2.481715679168701 2.19112229347229 1.8122634887695312
2.2839455604553223 2.452134132385254 2.475576400756836
1.2061597108840942 1.2770254611968994 1.3250702619552612
2.0935988426208496 2.235427141189575 2.347245454788208
1.635244607925415 1.7582206726074219 1.8336502313613892
2.216935396194458 2.1896867752075195 1.9707473516464233
0.7260382175445557 0.7338652014732361 0.6915171146392822
0.6259539723396301 0.5625160932540894 0.48057156801223755
0.7317087650299072 0.6684276461601257 0.5904120206832886
1.075369119644165 1.0356744527816772 0.8146761655807495
2.095820188522339 2.179352045059204 2.148205280303955
2.8350818157196045 2.7669005393981934 2.371382713317871
2.4460110664367676 2.427281141281128 1.9905847311019897
1.4256445169448853 1.422086238861084 1.160880208015442
1.201128363609314 1.2285206317901611 1.1146825551986694
0.7642264366149902 0.6676879525184631 0.5452025532722473
0.7357311844825745 0.7266895174980164 0.7054802775382996
0.6065789461135864 0.5488348603248596 0.5077617764472961
1.2457313537597656 1.3523224592208862 1.3937318325042725
1.6027297973632812 1.6847769021987915 1.3070894479751587
1.9290659427642822 1.8191713094711304 1.4920613765716553
2.3071236610412598 2.2044711112976074 1.7453774213790894
2.0568621158599854 2.12005615234375 1.5532705783843994
1.4964895248413086 1.4402670860290527 1.2313565015792847
2.8527510166168213 2.5137410163879395 2.1814124584198
1.6101288795471191 1.7356793880462646 1.7466132640838623
2.581590414047241 2.3327982425689697 2.1177594661712646
3.1887335777282715 2.8201911449432373 2.455921173095703
2.220052719116211 2.0052480697631836 1.8535023927688599
2.581587314605713 2.552860975265503 2.0884294509887695
2.3841264247894287 2.4652011394500732 1.9039798974990845
1.8238071203231812 1.5962574481964111 1.2991344928741455
1.340086817741394 1.290667176246643 1.0775679349899292
1.5814354419708252 1.551953673362732 1.2032161951065063
1.8437895774841309 1.8897467851638794 1.7899550199508667
1.4819231033325195 1.6074025630950928 1.6845567226409912
0.9348164200782776 0.8887342810630798 0.8657984733581543
1.2205804586410522 1.0568857192993164 0.7675908803939819
1.014212965965271 0.7962320446968079 0.6427125930786133
0.8276355266571045 0.6672638654708862 0.5339746475219727
0.9003333449363708 0.760379433631897 0.6712483763694763
1.1974225044250488 1.2445496320724487 1.1187357902526855
1.4815384149551392 1.6444804668426514 1.5384678840637207
1.6757986545562744 1.7561160326004028 1.3641200065612793
1.635424256324768 1.5406540632247925 1.1255240440368652
2.271160840988159 2.3837130069732666 1.8968794345855713
1.869322419166565 1.9617611169815063 1.5865451097488403
0.6295273900032043 0.5930635929107666 0.567355751991272
1.049391746520996 1.0870342254638672 1.099232792854309
1.5468847751617432 1.5504084825515747 1.1237670183181763
1.210202693939209 1.0223435163497925 0.8420180082321167
1.6908866167068481 1.4192448854446411 1.2276360988616943
1.2973008155822754 1.1277917623519897 0.8675451278686523
1.2929966449737549 1.1829999685287476 1.0561374425888062
0.989106297492981 0.8497440814971924 0.7930428385734558
1.4301016330718994 1.2309412956237793 1.0289032459259033
1.8672535419464111 1.511759877204895 1.354797124862671
1.9752228260040283 1.6586930751800537 1.4658203125
1.6279925107955933 1.4776099920272827 1.3153053522109985
1.4064147472381592 1.3231804370880127 1.076181173324585
1.6392210721969604 1.5444880723953247 1.4914300441741943
1.7186936140060425 1.4456875324249268 1.108942985534668
1.1152796745300293 1.1038509607315063 1.0821584463119507
1.3872120380401611 1.1692835092544556 0.9925777912139893
1.6545093059539795 1.3395750522613525 1.1898245811462402
2.149110794067383 1.9915632009506226 1.4928432703018188
1.4772696495056152 1.3982410430908203 1.03025484085083
1.2112858295440674 1.1227660179138184 0.9541982412338257
1.1101428270339966 0.9690322279930115 0.8456833362579346
1.3549139499664307 1.0689820051193237 0.9116486310958862
1.4996777772903442 1.2124321460723877 1.0219030380249023
1.1906156539916992 0.8925325274467468 0.7016257047653198
1.222766399383545 1.1187211275100708 0.9340629577636719
0.8698595762252808 0.8857883214950562 0.8331615328788757
1.3003909587860107 1.3522831201553345 1.2917461395263672
2.0603928565979004 2.1287288665771484 1.7823572158813477
1.493384599685669 1.5086811780929565 1.2434312105178833
2.053576946258545 2.1112871170043945 1.5990830659866333
2.7355802059173584 2.693120002746582 2.2338273525238037
1.1008025407791138 1.1134686470031738 0.7956558465957642
0.9641554355621338 0.9888529777526855 0.9730138182640076
1.4348113536834717 1.251465082168579 0.9445004463195801
1.7577314376831055 1.6816494464874268 1.2241103649139404
2.078906297683716 1.7256019115447998 1.3141579627990723
1.6058725118637085 1.2714745998382568 1.0796312093734741
0.9805730581283569 0.973810076713562 0.9035695791244507
0.8766692280769348 0.7449755072593689 0.6641224026679993
1.178279161453247 0.9278543591499329 0.752187967300415
2.202481269836426 1.810640811920166 1.55679190158844
2.4288148880004883 1.9403958320617676 1.5466644763946533
3.0445303916931152 2.535372257232666 1.9873489141464233
2.63250732421875 2.1849818229675293 1.7207703590393066
2.6634035110473633 2.312046527862549 1.9119644165039062
2.1207969188690186 2.0809972286224365 1.655910611152649
1.2669622898101807 1.0031729936599731 0.8730393648147583
2.153738498687744 1.6404671669006348 1.3118771314620972
2.4591715335845947 2.144498825073242 1.5011193752288818
2.1457133293151855 1.7109804153442383 1.4573895931243896
1.0311572551727295 0.8146164417266846 0.6683318018913269
0.7064115405082703 0.606032133102417 0.5037940740585327
1.1206198930740356 1.1352211236953735 1.15036940574646
1.735426902770996 1.7315711975097656 1.6379687786102295
1.6211509704589844 1.3554151058197021 0.9355508685112
1.7364896535873413 1.6747242212295532 1.1771719455718994
1.3107945919036865 1.2963775396347046 1.0207966566085815
1.0506839752197266 1.0343276262283325 0.9249343276023865
0.9898264408111572 0.8926255106925964 0.7108588814735413
1.484619379043579 1.4558206796646118 1.0398222208023071
1.7436623573303223 1.8359497785568237 1.5842814445495605
1.806795358657837 1.859438180923462 1.4477548599243164
1.1027858257293701 0.9743744730949402 0.7658319473266602
0.9349216818809509 0.7687214612960815 0.6140113472938538
1.0365251302719116 0.9246599674224854 0.710784375667572
1.3004299402236938 1.3467899560928345 1.0562961101531982
1.144264578819275 1.1541858911514282 0.9437695145606995
1.8131649494171143 2.0243117809295654 1.4958202838897705
1.7666620016098022 1.8007735013961792 1.3457105159759521
1.170124888420105 1.160364031791687 1.119737148284912
1.1314157247543335 1.029295802116394 0.9519107937812805
0.7461874485015869 0.6318079829216003 0.5505840182304382
1.7381876707077026 1.307961106300354 0.9924141764640808
2.2902793884277344 2.2972543239593506 1.706152081489563
2.0787880420684814 1.6007386445999146 1.1644903421401978
1.9303325414657593 1.4724156856536865 1.1025501489639282
1.9189857244491577 1.9946725368499756 1.4522987604141235
1.4568699598312378 1.071730136871338 0.8381690382957458
1.1113128662109375 0.9285336136817932 0.8111878633499146
1.8912104368209839 1.6308131217956543 1.4729385375976562
2.407505989074707 1.9000697135925293 1.3996604681015015
1.2917178869247437 1.1780837774276733 1.0525569915771484
1.5589218139648438 1.4547585248947144 1.4056105613708496
1.3850808143615723 1.4677097797393799 1.515116810798645
0.8304265737533569 0.8185045123100281 0.747297465801239
1.44374418258667 1.3413528203964233 0.9259907007217407
1.0873806476593018 1.0976719856262207 1.065501093864441
1.1245040893554688 0.9128106236457825 0.7672623991966248
0.9818080067634583 0.739320695400238 0.5781078338623047
1.402040719985962 1.2437559366226196 0.8723940849304199
0.8503198623657227 0.6865817904472351 0.596671462059021
1.0057064294815063 0.9684013724327087 0.7722890377044678
0.6319155693054199 0.5410873889923096 0.4654599130153656
2.801664113998413 2.8230061531066895 2.566272258758545
2.1162476539611816 2.2041897773742676 1.8414971828460693
1.255962610244751 1.1909632682800293 0.8720830678939819
0.8204127550125122 0.7891339063644409 0.7270155549049377
1.178275227546692 1.2618941068649292 1.2741905450820923
2.3927977085113525 2.169121503829956 1.607872724533081
1.4795351028442383 1.6898155212402344 1.7280957698822021
1.4825376272201538 1.4422675371170044 1.3802491426467896
1.3540350198745728 1.010148286819458 0.7984122633934021
1.014960527420044 0.777245283126831 0.6473270654678345
0.5083972811698914 0.4471133053302765 0.4243083596229553
0.859870970249176 0.8224306106567383 0.8294690251350403
1.194852590560913 1.265345811843872 1.2972687482833862
1.519740104675293 1.3195774555206299 1.1929080486297607
1.5838102102279663 1.1303298473358154 0.8590377569198608
1.2836048603057861 0.9407441020011902 0.7377668023109436
1.1597955226898193 1.136786699295044 0.922224760055542
0.9599876403808594 0.8190020322799683 0.6822721362113953
1.8807768821716309 1.3911702632904053 1.0037174224853516
1.6970824003219604 1.252204418182373 0.9068723917007446
0.9772684574127197 0.9752030372619629 0.978411853313446
1.3263393640518188 1.3428304195404053 1.3376734256744385
0.6736716628074646 0.6287137269973755 0.5980302691459656
1.7858071327209473 1.4303417205810547 1.1419507265090942
2.0822479724884033 2.084768056869507 1.540539264678955
1.3850480318069458 1.3058401346206665 1.1565525531768799
1.401031255722046 1.0972909927368164 0.8251650333404541
1.2180755138397217 1.1747246980667114 0.8139237761497498
1.0805250406265259 0.8524429202079773 0.6339334845542908
1.2315926551818848 1.0314452648162842 0.7324390411376953
0.8942020535469055 0.7970446944236755 0.6509580016136169
0.7235370874404907 0.6145927309989929 0.4993859529495239
3.031754970550537 2.995903491973877 2.5567502975463867
1.5645201206207275 1.60085129737854 1.293468952178955
0.9199541211128235 0.8955378532409668 0.7320305109024048
0.5528720617294312 0.5081972479820251 0.44056057929992676
1.3271167278289795 1.4343693256378174 1.2636207342147827
1.9535576105117798 2.0140981674194336 1.8234878778457642
2.1147971153259277 2.200319766998291 2.095438241958618
1.599333643913269 1.5871845483779907 1.52141273021698
1.1152381896972656 0.878852903842926 0.7034974098205566
0.7643599510192871 0.7259231209754944 0.6000213623046875
0.6864973306655884 0.5562188029289246 0.47249987721443176
0.5182969570159912 0.47283855080604553 0.4448257088661194
0.9295940399169922 0.8928549289703369 0.9186967015266418
0.809579610824585 0.7248256206512451 0.6893218159675598
1.1530747413635254 0.7842966914176941 0.5753410458564758
1.0231083631515503 0.7395050525665283 0.6055623888969421
0.806175708770752 0.6259602308273315 0.5180338025093079
0.5906867384910583 0.4931831955909729 0.4581066966056824
0.9436197280883789 0.7136932015419006 0.5482526421546936
1.0924067497253418 0.8026544451713562 0.5977833867073059
1.3554155826568604 1.0643552541732788 0.9211245775222778
1.8025586605072021 1.6079442501068115 1.379671335220337
1.1946885585784912 1.2075145244598389 1.2081738710403442
1.5778661966323853 1.420508623123169 1.1919727325439453
2.342186212539673 2.052189350128174 1.6218708753585815
2.41768217086792 2.4674553871154785 2.281425952911377
1.5978326797485352 1.6065171957015991 1.4011943340301514
2.1564395427703857 2.269413471221924 1.9925854206085205
2.3796582221984863 2.401747226715088 1.8447271585464478
1.897448182106018 1.8069279193878174 1.27366042137146
2.315868616104126 2.2601478099823 1.7651482820510864
1.9200795888900757 2.009688377380371 1.493324637413025
2.4867146015167236 2.4857916831970215 1.9893362522125244
1.7801859378814697 1.7859737873077393 1.2576485872268677
0.8048515319824219 0.7038856744766235 0.5841971635818481
0.6983599066734314 0.6362366080284119 0.5655688643455505
1.0713510513305664 0.8377949595451355 0.6383458375930786
1.5516892671585083 1.4859129190444946 0.9948766827583313
1.4450581073760986 1.2315948009490967 1.1222186088562012
1.326570987701416 1.30348539352417 0.9406872987747192
1.4720958471298218 1.083191156387329 0.8138840794563293
0.8498556017875671 0.6298031210899353 0.47193118929862976
0.598281979560852 0.5010169744491577 0.4145943224430084
0.6587219834327698 0.6025410890579224 0.5892580151557922
0.6007788181304932 0.5547139644622803 0.5111631155014038
0.9845882654190063 0.8926483392715454 0.7074350118637085
0.47929564118385315 0.4147649109363556 0.3717228174209595
0.6637912392616272 0.6015236377716064 0.5666695833206177
0.5725897550582886 0.5239370465278625 0.5170627236366272
0.7621585130691528 0.6711577773094177 0.5965466499328613
0.9821758270263672 0.9290580153465271 0.8274276852607727
1.319629192352295 0.9416701197624207 0.6919237375259399
1.599757432937622 1.1861841678619385 0.846888542175293
1.9171791076660156 1.5112671852111816 1.1133179664611816
1.9820011854171753 1.9189921617507935 1.795719861984253
3.165736675262451 2.962465524673462 2.565293073654175
3.1237616539001465 3.1637790203094482 2.857927083969116
2.49399733543396 2.6434450149536133 2.6159276962280273
2.12479829788208 2.2605717182159424 1.7081350088119507
2.8248491287231445 2.8103837966918945 2.519953966140747
3.8179876804351807 3.8113982677459717 3.731034755706787
2.9233524799346924 3.015263080596924 2.8883416652679443
2.5879859924316406 2.488018035888672 2.079005718231201
3.3274290561676025 3.4181125164031982 3.2940945625305176
2.0019540786743164 1.9934898614883423 1.456834316253662
1.7206497192382812 1.4886834621429443 1.1561790704727173
1.4107121229171753 1.5275192260742188 1.0829442739486694
0.6348229646682739 0.5311232805252075 0.44653984904289246
1.2550859451293945 0.9768949747085571 0.7212779521942139
1.5740617513656616 1.179942011833191 0.8464882373809814
0.9122536182403564 0.7822015285491943 0.696229875087738
1.0704267024993896 1.050293207168579 0.9894179105758667
1.217783808708191 1.2182735204696655 1.1787842512130737
0.9979024529457092 0.9606867432594299 0.7312570810317993
1.0716161727905273 0.9346825480461121 0.8804569244384766
1.6753507852554321 1.834058403968811 1.907166838645935
0.7353814244270325 0.6656537055969238 0.6171658635139465
1.0475852489471436 0.6972028613090515 0.5093730688095093
0.7273428440093994 0.559134304523468 0.4255869388580322
0.8783931732177734 0.704142689704895 0.5961644053459167
1.5596710443496704 1.6192915439605713 1.2693777084350586
0.769347608089447 0.7253323793411255 0.6963724493980408
0.7843720316886902 0.5819849967956543 0.4808897078037262
1.181923270225525 0.8449466228485107 0.6416923999786377
1.492808222770691 1.0399971008300781 0.7623786926269531
1.7018394470214844 1.2834689617156982 1.0256863832473755
2.909518241882324 2.507359504699707 1.995973825454712
3.8348686695098877 3.7119545936584473 3.4569993019104004
4.226359844207764 4.088970184326172 3.833743095397949
4.044342517852783 3.9815680980682373 3.864527463912964
3.124846935272217 2.718923330307007 2.140529155731201
4.261811256408691 4.197484970092773 4.023780345916748
4.367106914520264 4.305136680603027 4.176662921905518
4.172159671783447 4.106258392333984 3.955848455429077
4.091168403625488 3.9547581672668457 3.6694765090942383
3.8100779056549072 3.733485221862793 3.4832820892333984
2.6136064529418945 2.6255950927734375 2.1071994304656982
1.7457244396209717 1.7743133306503296 1.4697219133377075
1.0743136405944824 1.085810899734497 0.9270879626274109
0.7607695460319519 0.6037691831588745 0.4681623876094818
0.9144677519798279 0.7074329853057861 0.5402787327766418
1.0112613439559937 0.7421169877052307 0.5465967059135437
1.1722973585128784 1.0695176124572754 0.7932441830635071
2.1021482944488525 2.26884126663208 1.6410318613052368
1.9562475681304932 1.53827965259552 1.117403507232666
1.5475282669067383 1.5995092391967773 1.3127868175506592
1.9845236539840698 2.1168854236602783 1.4983417987823486
2.4772346019744873 2.2385098934173584 1.8874143362045288
1.3137000799179077 1.095048427581787 0.9783892631530762
1.218330979347229 0.9648011326789856 0.8293934464454651
1.1758253574371338 0.838896632194519 0.6668995022773743
1.6003594398498535 1.2089577913284302 1.0188008546829224
1.6340062618255615 1.3646292686462402 1.1579574346542358
1.6835596561431885 1.7215474843978882 1.27964448928833
0.5422915816307068 0.49484649300575256 0.454512357711792
0.8729109764099121 0.754400908946991 0.6359257102012634
2.280250072479248 1.7377578020095825 1.2332403659820557
2.708346128463745 2.3715603351593018 2.030029535293579
2.5836617946624756 2.2235236167907715 1.5996235609054565
2.7138030529022217 2.6746232509613037 2.0744736194610596
4.0712409019470215 3.891176700592041 3.5631484985351562
3.087841272354126 3.162071466445923 3.1229183673858643
3.4802699089050293 3.527486801147461 3.3477895259857178
3.4565179347991943 3.549376964569092 3.5161309242248535
3.960131883621216 3.9293441772460938 3.8203768730163574
3.6820876598358154 3.619027853012085 3.3982250690460205
3.416433811187744 3.4160499572753906 2.8938968181610107
2.8708560466766357 2.8811967372894287 2.3198931217193604
2.7809298038482666 2.768231153488159 2.1994800567626953
2.0260794162750244 2.1850225925445557 1.7534816265106201
0.962591826915741 0.8869457840919495 0.8046067357063293
1.1824722290039062 1.210280418395996 0.9230931401252747
1.36019766330719 1.2777018547058105 0.8328924179077148
1.149534821510315 1.1772804260253906 1.0769565105438232
1.4046361446380615 1.5163652896881104 1.486311912536621
2.2579503059387207 2.3682961463928223 1.887550950050354
3.260101556777954 3.1358184814453125 2.557461977005005
2.695078134536743 2.4985930919647217 2.026677131652832
1.8195327520370483 1.331903100013733 0.9858158826828003
2.6002228260040283 2.121216058731079 1.5244156122207642
1.401867151260376 0.9886232614517212 0.7148743867874146
0.8956406712532043 0.6228926777839661 0.45220741629600525
1.697109580039978 1.190735936164856 0.8392059206962585
2.4588077068328857 1.8874585628509521 1.3419562578201294
1.270391583442688 0.8811929821968079 0.6262263059616089
1.3509329557418823 0.965114951133728 0.7193112969398499
0.4966708719730377 0.44991475343704224 0.37065672874450684
1.1490068435668945 1.0682653188705444 0.8402795791625977
2.1904401779174805 2.2224974632263184 2.076083183288574
2.0342836380004883 1.533646821975708 1.1208337545394897
2.536208391189575 2.215320587158203 1.835715651512146
1.5075873136520386 1.1240153312683105 0.7783463001251221
3.624199151992798 3.5201961994171143 3.1116132736206055
3.592205762863159 3.250114679336548 2.732510805130005
2.904686689376831 2.958650827407837 2.754065990447998
2.7917866706848145 2.7571022510528564 2.2368953227996826
3.1526317596435547 3.126922369003296 2.7267565727233887
3.0005249977111816 2.9945406913757324 2.4459173679351807
3.2052690982818604 3.266441583633423 2.7870781421661377
3.2091422080993652 3.2591822147369385 3.0292091369628906
3.215000629425049 3.1843321323394775 2.719356060028076
2.520874500274658 2.507978677749634 1.8836537599563599
1.82496976852417 1.9474700689315796 1.3923488855361938
1.6505314111709595 1.686880350112915 1.1262308359146118
1.6492983102798462 1.282793641090393 0.9700882434844971
1.3345468044281006 1.3943054676055908 1.0554370880126953
1.7103500366210938 1.7519795894622803 1.6221723556518555
2.7901458740234375 2.766313076019287 2.20878005027771
3.178590774536133 3.187621593475342 2.9249727725982666
2.1618497371673584 1.759844422340393 1.259962797164917
2.1411612033843994 1.949357271194458 1.3396556377410889
1.8572323322296143 1.7289305925369263 1.4412281513214111
0.9367029666900635 0.8130539059638977 0.635339081287384
0.6109527945518494 0.5183398723602295 0.4286007881164551
1.9341908693313599 1.5088589191436768 0.9829888939857483
1.932157039642334 1.4652819633483887 1.2041348218917847
1.4399363994598389 1.0495043992996216 0.8354180455207825
1.0200412273406982 0.7544764876365662 0.6012794971466064
0.6783338189125061 0.5698103308677673 0.4342333674430847
0.992677628993988 0.6872628331184387 0.48219946026802063
1.8244683742523193 1.324242353439331 0.9547029137611389
2.00984525680542 1.7254250049591064 1.2131129503250122
1.5107176303863525 1.1944780349731445 0.8728097081184387
1.2568031549453735 0.9902112483978271 0.7100695967674255
3.6741251945495605 3.698976755142212 3.62661075592041
2.5937752723693848 2.5690975189208984 2.358788013458252
3.9129114151000977 3.6763813495635986 3.248666763305664
2.9820401668548584 2.7574052810668945 2.3391900062561035
3.255002737045288 3.098728895187378 2.480276584625244
3.639029026031494 3.542811632156372 3.2334814071655273
3.9231956005096436 3.8465969562530518 3.599294424057007
3.42266583442688 3.4705164432525635 3.0844242572784424
3.6141576766967773 3.607832193374634 3.3896396160125732
2.248906373977661 2.0689563751220703 1.581233024597168
1.89568293094635 2.01879620552063 1.6773816347122192
1.364099144935608 1.4074115753173828 1.2793140411376953
1.3349769115447998 1.0459070205688477 0.7555862069129944
1.1031200885772705 0.8360187411308289 0.5947325825691223
3.06352162361145 2.912747621536255 2.4063167572021484
2.470754384994507 2.5940282344818115 2.294382333755493
3.8730552196502686 3.8004839420318604 3.567141056060791
2.4416041374206543 2.3898696899414062 2.1386046409606934
2.4218318462371826 2.561610698699951 2.444183588027954
1.7866861820220947 1.8290736675262451 1.6974353790283203
2.3060173988342285 2.1016716957092285 1.8299659490585327
0.9048879742622375 0.7118520140647888 0.5366801023483276
1.1335941553115845 0.9562472701072693 0.6988165378570557
1.0990890264511108 0.7638896703720093 0.581343412399292
1.295613169670105 1.301629662513733 1.2691726684570312
1.4775773286819458 1.173396348953247 0.9395200610160828
0.6327455639839172 0.5739315152168274 0.5203652381896973
0.8013211488723755 0.6463139057159424 0.4880034625530243
1.360121250152588 1.3731447458267212 0.9966292977333069
1.0516905784606934 0.9382815957069397 0.7457408905029297
0.9004755616188049 0.8393647074699402 0.6460813879966736
1.4499350786209106 1.5130527019500732 1.120327115058899
3.276421546936035 3.3423514366149902 3.283259868621826
3.302140474319458 3.3308088779449463 3.1156272888183594
2.69122576713562 2.408174753189087 1.8111742734909058
2.5303146839141846 2.5338261127471924 1.997031807899475
2.24385666847229 2.2547292709350586 1.5721982717514038
2.79419207572937 2.5882155895233154 2.1498875617980957
2.589104652404785 2.6208226680755615 2.3427023887634277
1.983629822731018 2.070894718170166 1.5725172758102417
2.191798686981201 2.277790069580078 1.7415366172790527
1.7416404485702515 1.504934549331665 1.0266189575195312
1.3208414316177368 1.2225286960601807 1.0104008913040161
1.0637682676315308 0.8634236454963684 0.6671157479286194
0.6851022839546204 0.5814743638038635 0.48317950963974
1.2085357904434204 0.9324500560760498 0.6828985214233398
2.807783842086792 2.546877384185791 1.8166847229003906
2.67537260055542 2.683999538421631 2.028463363647461
2.838947057723999 2.94043231010437 2.824110269546509
2.1800427436828613 2.216653347015381 2.1084516048431396
1.9427881240844727 2.022447109222412 1.9496036767959595
1.9584611654281616 1.9496691226959229 1.7429248094558716
2.5834078788757324 2.702972650527954 2.6457407474517822
1.2481852769851685 1.2206974029541016 0.9846099615097046
1.446623682975769 1.3918516635894775 0.9443052411079407
1.5046733617782593 1.498929738998413 1.4476306438446045
1.0781066417694092 1.0736920833587646 1.0278255939483643
0.8920870423316956 0.8552964925765991 0.7914973497390747
0.694408655166626 0.6292699575424194 0.5689998269081116
0.7923816442489624 0.7382014989852905 0.6506889462471008
1.654417634010315 1.5621438026428223 1.404402256011963
2.012343168258667 2.1056525707244873 1.974573016166687
1.581997275352478 1.637782335281372 1.593230128288269
1.8230445384979248 1.9205129146575928 1.7740107774734497
2.2609221935272217 2.3601717948913574 2.2790029048919678
2.7765660285949707 2.8693840503692627 2.768449068069458
2.328508138656616 2.22680926322937 1.736357569694519
1.5801547765731812 1.390383243560791 0.9446521401405334
1.482613205909729 1.511803388595581 1.282009482383728
1.1157375574111938 1.1177222728729248 0.9664242267608643
0.9503676295280457 0.9372042417526245 0.7715413570404053
1.3501003980636597 1.3176666498184204 1.042464017868042
2.394493341445923 2.430669069290161 1.8053053617477417
1.4808664321899414 1.4951972961425781 1.0235226154327393
0.9989250302314758 0.9947710037231445 0.8516206741333008
0.856065034866333 0.7920240759849548 0.6753864884376526
0.8151270151138306 0.7294480204582214 0.5968046188354492
1.4832136631011963 1.2002089023590088 0.8615397810935974
2.3766276836395264 1.9315990209579468 1.3362771272659302
2.680375814437866 2.3047235012054443 1.7442920207977295
2.271432638168335 2.4024789333343506 2.158764600753784
1.7071648836135864 1.66044020652771 1.469605803489685
1.4510462284088135 1.4643516540527344 1.2632237672805786
1.6037086248397827 1.3071999549865723 0.8161906003952026
2.126293420791626 1.7412350177764893 1.0969066619873047
1.6807273626327515 1.5618596076965332 1.049870252609253
1.8988431692123413 1.6260558366775513 1.289762020111084
1.4725735187530518 1.0951071977615356 0.7588374614715576
1.0935734510421753 1.0377724170684814 0.8628153204917908
1.6382203102111816 1.3178366422653198 0.9717722535133362
1.7832669019699097 1.9145925045013428 1.373615026473999
1.215937852859497 1.2115764617919922 1.1204265356063843
2.082172155380249 2.267031192779541 1.7495102882385254
1.7942392826080322 1.7893003225326538 1.5874700546264648
1.0938619375228882 1.1278575658798218 0.9896673560142517
1.245505452156067 1.2164031267166138 0.9768506288528442
1.5712462663650513 1.2641645669937134 0.8310673236846924
2.1572091579437256 1.8975152969360352 1.359979510307312
2.4759209156036377 2.5368220806121826 1.8208452463150024
1.819419264793396 1.7401725053787231 1.339964747428894
1.0964794158935547 0.9447117447853088 0.7320655584335327
0.8269736766815186 0.7009398341178894 0.5715762376785278
2.254587173461914 2.2852261066436768 1.935905933380127
2.396841287612915 2.471827983856201 2.110774517059326
2.7594058513641357 2.8090615272521973 2.4681596755981445
2.033787250518799 1.9838266372680664 1.373755693435669
1.7330623865127563 1.8244907855987549 1.3132494688034058
0.7882369756698608 0.6809248924255371 0.5164419412612915
1.110738754272461 0.9935478568077087 0.8262026906013489
2.1322731971740723 2.202495574951172 1.9014742374420166
3.085061550140381 2.7336153984069824 2.0938189029693604
3.446115732192993 3.366016149520874 3.07114315032959
2.6291098594665527 2.707449197769165 2.4710137844085693
2.3342909812927246 2.274844169616699 1.8571579456329346
2.3376190662384033 1.9905942678451538 1.6135225296020508
2.7730658054351807 2.807852268218994 2.3942031860351562
2.536423444747925 2.4653050899505615 2.2609856128692627
3.2318668365478516 2.796143054962158 2.169224500656128
3.0036892890930176 2.4686522483825684 1.831218957901001
2.845444440841675 2.836524248123169 2.5431644916534424
2.075413227081299 1.7944159507751465 1.4372913837432861
2.2807579040527344 2.0477631092071533 1.3827472925186157
2.3858320713043213 2.298043966293335 2.077986001968384
1.4417972564697266 1.4197356700897217 1.2887310981750488
2.0140957832336426 2.009584426879883 1.791499376296997
2.843418598175049 2.8646209239959717 2.5541493892669678
2.4264750480651855 2.547046422958374 2.452047109603882
1.8764842748641968 2.0154905319213867 1.5320181846618652
2.057685136795044 2.152681350708008 1.4741835594177246
2.298321008682251 2.383091688156128 1.7837754487991333
2.9946751594543457 3.0541396141052246 2.8396806716918945
3.0613529682159424 3.154937505722046 3.0203917026519775
1.6336936950683594 1.6912552118301392 1.4728351831436157
1.7930936813354492 1.8698397874832153 1.6261520385742188
2.940758228302002 2.895078420639038 2.3749806880950928
3.082123041152954 3.040585994720459 2.678741455078125
3.354835033416748 3.3632123470306396 2.8826324939727783
2.4467568397521973 2.2381162643432617 1.6062824726104736
1.8116127252578735 1.907443642616272 1.546372413635254
1.0059871673583984 0.9301117062568665 0.7363927364349365
1.5314979553222656 1.6403857469558716 1.3185592889785767
3.112093925476074 3.1803603172302246 2.997807025909424
3.475831985473633 3.4856081008911133 3.1823127269744873
2.9529917240142822 3.0477023124694824 2.9200809001922607
3.6975045204162598 3.681215524673462 3.4357707500457764
3.602548837661743 3.2601661682128906 2.7519757747650146
2.983954668045044 2.995469808578491 2.2175796031951904
3.163609027862549 3.177473545074463 3.059601306915283
3.0301976203918457 3.038003444671631 2.624241590499878
3.6450295448303223 3.5238544940948486 3.2395262718200684
3.474231243133545 3.1940040588378906 2.6639349460601807
2.8368048667907715 2.279585599899292 1.6727145910263062
3.066092014312744 2.6200783252716064 2.0820586681365967
3.342527151107788 3.320108413696289 2.946958303451538
1.2025078535079956 1.1203097105026245 0.858198344707489
0.9862440824508667 0.9421729445457458 0.8377049565315247
2.983686923980713 3.0431344509124756 2.6235392093658447
3.6692452430725098 3.4959144592285156 3.022359848022461
2.7898261547088623 2.7222352027893066 2.3398284912109375
1.6999801397323608 1.406326413154602 0.9198821783065796
3.1549055576324463 3.168009042739868 2.7263071537017822
2.628410577774048 2.595738649368286 1.9841972589492798
3.2893784046173096 3.287108898162842 2.9891293048858643
2.6523427963256836 2.749507427215576 2.4606237411499023
2.0004940032958984 2.102222204208374 1.881690502166748
0.949972927570343 0.8359758257865906 0.6527584791183472
2.3809752464294434 2.4660770893096924 2.2442028522491455
2.6850433349609375 2.664189100265503 2.0245823860168457
2.5976879596710205 2.6373517513275146 2.145587205886841
1.9113078117370605 1.763118028640747 1.1598992347717285
1.2380857467651367 1.0763490200042725 0.766204297542572
1.138651967048645 1.1164710521697998 0.9551243185997009
1.5919979810714722 1.6013948917388916 1.4287049770355225
2.00274920463562 2.160486936569214 1.5896494388580322
2.8107008934020996 2.912308931350708 2.7330732345581055
1.9713501930236816 1.8241944313049316 1.5367743968963623
2.009246587753296 2.096775531768799 1.7433983087539673
2.4977753162384033 2.264954090118408 1.5588951110839844
2.515465497970581 2.384141206741333 1.9318327903747559
2.0755066871643066 2.066767930984497 1.4139206409454346
2.7059719562530518 2.786977767944336 2.218305826187134
3.3802175521850586 2.934727191925049 2.2518539428710938
2.5529537200927734 2.143033266067505 1.5256876945495605
2.5615949630737305 2.628944158554077 1.9244617223739624
3.4673051834106445 3.4908618927001953 3.229630708694458
2.2935373783111572 2.231166124343872 1.51518714427948
0.9131017923355103 0.8553714752197266 0.6703258752822876
1.1491107940673828 0.9846023917198181 0.6964183449745178
1.3142567873001099 1.0602778196334839 0.7426833510398865
3.0830280780792236 2.9128258228302 2.366401195526123
2.590440034866333 2.284583568572998 1.5429096221923828
2.890033721923828 2.61883807182312 1.946982741355896
2.7829458713531494 2.806645631790161 2.164604902267456
2.2196638584136963 2.3107125759124756 2.1266164779663086
1.8358360528945923 1.6063488721847534 1.0475178956985474
2.510566234588623 2.3075363636016846 1.6472502946853638
1.6170458793640137 1.6188929080963135 1.27713942527771
1.0845056772232056 1.037844181060791 0.828436553478241
2.1435933113098145 2.09268856048584 1.5902413129806519
2.41721248626709 2.4732553958892822 1.8494333028793335
2.27937388420105 2.276087760925293 1.9545423984527588
1.7413591146469116 1.6144353151321411 1.2460271120071411
0.9729589223861694 0.8304330706596375 0.6109171509742737
1.3082436323165894 1.3020142316818237 1.0974063873291016
1.4917845726013184 1.4890336990356445 1.2232820987701416
1.8223912715911865 1.8833494186401367 1.2637417316436768
2.8769924640655518 2.9225308895111084 2.5016674995422363
1.7305635213851929 1.5963964462280273 1.1754297018051147
2.40236234664917 2.0904719829559326 1.4477813243865967
1.3685061931610107 1.1411479711532593 0.8550522923469543
1.7134041786193848 1.443137288093567 0.9964909553527832
1.486006736755371 1.4274697303771973 1.12012779712677
1.957714557647705 1.639190912246704 1.1295121908187866
2.0717406272888184 1.9515416622161865 1.6993236541748047
2.373134136199951 2.0278208255767822 1.3950960636138916
2.910665988922119 2.95180082321167 2.7235805988311768
3.693866014480591 3.6865451335906982 3.5233638286590576
3.1981194019317627 3.0994973182678223 2.78717303276062
1.3251856565475464 1.1652320623397827 0.9372169375419617
0.783626914024353 0.7148777842521667 0.5763189196586609
1.0672821998596191 0.9001020789146423 0.6368266940116882
1.774571180343628 1.6000193357467651 1.071805477142334
2.477830171585083 2.0731582641601562 1.4464941024780273
2.2070999145507812 1.9636889696121216 1.5059493780136108
2.3501436710357666 1.9475669860839844 1.321975588798523
2.7262566089630127 2.373162269592285 1.6745253801345825
2.1018776893615723 1.7512716054916382 1.2176767587661743
1.3116672039031982 1.1198534965515137 0.7999721765518188
1.3489794731140137 1.3425610065460205 1.2141131162643433
1.187886357307434 1.1389784812927246 0.9117492437362671
1.761967420578003 1.820467472076416 1.4987373352050781
1.6598349809646606 1.5415410995483398 1.0505400896072388
1.5463063716888428 1.5868045091629028 1.1862252950668335
1.5319863557815552 1.390456199645996 1.0014817714691162
1.123492956161499 0.9741944074630737 0.7024339437484741
1.2404134273529053 1.108640193939209 0.8570883870124817
1.3847352266311646 1.4005829095840454 1.1121349334716797
2.2376089096069336 2.339899778366089 1.6376675367355347
3.1837806701660156 3.037281036376953 2.3633201122283936
2.9215731620788574 2.6047139167785645 1.983897089958191
2.7400782108306885 2.3708107471466064 1.7480207681655884
2.829733371734619 2.823145627975464 2.0263755321502686
1.5377511978149414 1.3442716598510742 0.9532956480979919
2.1099650859832764 1.7978730201721191 1.2489210367202759
2.108065605163574 1.9486067295074463 1.3313027620315552
2.1673781871795654 2.1261661052703857 1.9061270952224731
1.799492359161377 1.8932034969329834 1.6032829284667969
3.322401762008667 2.964904546737671 2.4343674182891846
3.9231889247894287 3.847485303878784 3.6872332096099854
2.2169582843780518 2.326298236846924 1.937873363494873
1.554494023323059 1.5363320112228394 1.2580511569976807
1.3466649055480957 1.360975980758667 1.1492811441421509
1.5238170623779297 1.3968145847320557 0.9622374176979065
2.062553644180298 1.9091973304748535 1.3133856058120728
2.226008176803589 2.0968034267425537 1.7042490243911743
1.9020522832870483 1.8933501243591309 1.247916579246521
2.6957786083221436 2.351086139678955 1.8643603324890137
1.4909062385559082 1.2957241535186768 0.8671603202819824
1.1160356998443604 1.030829668045044 0.8475797772407532
1.5365022420883179 1.512323021888733 1.0491999387741089
1.4674948453903198 1.3503077030181885 1.0273429155349731
1.8796592950820923 1.9297304153442383 1.539289116859436
2.244584321975708 2.277147054672241 1.5905237197875977
1.7812086343765259 1.8269881010055542 1.2776015996932983
2.1151623725891113 2.0596203804016113 1.468031644821167
1.999672293663025 1.8864229917526245 1.3225715160369873
1.2867878675460815 1.2426549196243286 0.9412025809288025
2.3346750736236572 2.475706100463867 2.140768051147461
1.8574937582015991 1.9727370738983154 1.715134859085083
3.1923437118530273 3.294678211212158 3.168830633163452
3.971039295196533 3.918673276901245 3.738776445388794
3.231796979904175 3.2298433780670166 2.647465944290161
3.246225595474243 3.2594847679138184 2.8958849906921387
3.336383581161499 3.1349120140075684 2.468076467514038
2.942598819732666 2.9325079917907715 2.297023296356201
2.658930778503418 2.5571112632751465 1.7286688089370728
2.6026296615600586 2.3146169185638428 1.6104481220245361
1.7084072828292847 1.4896724224090576 1.0182074308395386
2.053262948989868 2.205976724624634 1.6479085683822632
2.3466832637786865 2.4289772510528564 1.9117279052734375
4.095408916473389 4.004588603973389 3.834315776824951
2.6515376567840576 2.7353971004486084 2.620882034301758
2.6053740978240967 2.6468489170074463 2.274646759033203
3.174025058746338 3.2677860260009766 3.0925350189208984
3.764497995376587 3.610748767852783 3.1295065879821777
2.5778775215148926 2.308814764022827 1.6408624649047852
2.418259859085083 2.191378593444824 1.5073249340057373
1.8698359727859497 1.7099744081497192 1.1421538591384888
1.640292763710022 1.4443702697753906 1.1213597059249878
1.0056891441345215 1.002964735031128 0.8197739720344543
0.8604242205619812 0.8027005195617676 0.6646983027458191
1.2900311946868896 1.3098193407058716 1.041265606880188
1.864392638206482 1.9799801111221313 1.653267502784729
1.4593278169631958 1.4919674396514893 1.2264655828475952
1.5549612045288086 1.587487816810608 1.3675929307937622
2.020350217819214 1.978604793548584 1.4131765365600586
2.4619858264923096 2.49145770072937 1.9785282611846924
1.4228887557983398 1.3222421407699585 0.9354661703109741
2.2143330574035645 2.1891696453094482 1.484035611152649
2.967034101486206 3.062931537628174 2.724879026412964
2.6607065200805664 2.6848762035369873 2.292834758758545
3.3984525203704834 3.4577386379241943 3.311584711074829
4.273976802825928 4.195058345794678 4.008326053619385
3.7059807777404785 3.5756969451904297 3.0433714389801025
3.4190683364868164 3.3729031085968018 2.786189079284668
4.008849620819092 3.9058282375335693 3.649019241333008
3.6500403881073 3.6069095134735107 3.331090211868286
3.970986843109131 3.811948537826538 3.278412103652954
3.468409776687622 3.534067392349243 3.3680922985076904
2.9277024269104004 2.699490547180176 2.201847553253174
1.8998794555664062 1.7846872806549072 1.2541452646255493
3.287193536758423 3.358150005340576 3.218125343322754
4.3950934410095215 4.303877830505371 4.122768878936768
3.9478094577789307 3.8375234603881836 3.499133586883545
4.231428146362305 4.116577625274658 3.8814749717712402
2.924940347671509 3.0059635639190674 2.881348133087158
2.444152593612671 2.521777391433716 1.891717553138733
2.748769521713257 2.4797608852386475 1.7730166912078857
3.1394848823547363 2.91646409034729 2.1229615211486816
3.04606294631958 2.6786372661590576 2.0326876640319824
2.252702236175537 2.059032917022705 1.4619609117507935
1.6089904308319092 1.6598949432373047 1.332870364189148
1.921547293663025 1.8473820686340332 1.4739373922348022
2.0130503177642822 2.0734047889709473 1.7345027923583984
2.0869057178497314 2.183932304382324 1.8980597257614136
1.7974023818969727 1.6762369871139526 1.1783026456832886
1.9902136325836182 2.0891025066375732 1.6024448871612549
1.2657674551010132 1.1849133968353271 0.9615404605865479
2.856382131576538 2.8556134700775146 2.179574489593506
2.1946170330047607 2.2146105766296387 1.8439265489578247
2.9660725593566895 3.0112264156341553 2.451846122741699
3.720317840576172 3.6315054893493652 3.2537765502929688
3.4820384979248047 3.4208614826202393 2.881718635559082
3.765434741973877 3.710766315460205 3.568138360977173
4.126955986022949 4.047394752502441 3.8649978637695312
3.1020100116729736 3.1372272968292236 2.591053009033203
3.3231680393218994 3.3813304901123047 3.2119152545928955
2.9822261333465576 2.988607406616211 2.680983304977417
3.259678363800049 3.1878440380096436 2.683241605758667
3.3670990467071533 3.2365059852600098 2.745736598968506
3.5629701614379883 3.418534278869629 2.8546464443206787
3.1312410831451416 3.1139864921569824 2.5673775672912598
2.5765936374664307 2.7130699157714844 2.0615508556365967
3.0878429412841797 3.152724027633667 2.9751906394958496
4.317934513092041 4.2214274406433105 4.021223068237305
4.089377403259277 3.9516711235046387 3.6496376991271973
3.4449169635772705 3.4452545642852783 3.27774715423584
2.790601968765259 2.5103824138641357 1.9680535793304443
2.9052019119262695 2.9249281883239746 2.1944689750671387
3.4240243434906006 3.292894124984741 2.754298686981201
3.353872537612915 3.10002064704895 2.406799554824829
3.2667653560638428 3.070780038833618 2.5580105781555176
2.7041003704071045 2.6475014686584473 1.9205293655395508
2.416775941848755 2.292978286743164 1.6904813051223755
2.474686861038208 2.596792221069336 2.032118797302246
2.7774972915649414 2.8451027870178223 2.6302590370178223
2.1368050575256348 2.186882257461548 1.6262524127960205
2.20127534866333 2.2164950370788574 1.7670795917510986
2.2827179431915283 2.31284499168396 2.0269131660461426
2.2539279460906982 2.313701629638672 1.777630090713501
2.737569570541382 2.661607503890991 1.982771635055542
2.6088404655456543 2.481271266937256 2.001960039138794
1.7121591567993164 1.764439582824707 1.395817756652832
2.8108718395233154 2.88321852684021 2.3867299556732178
2.264833450317383 2.332190990447998 1.8329527378082275
2.947709083557129 2.9750583171844482 2.572880268096924
3.0295090675354004 3.1171181201934814 2.834122657775879
3.036295175552368 2.9518938064575195 2.308089256286621
2.67154860496521 2.644408941268921 2.0642035007476807
2.794754981994629 2.786060333251953 2.289759397506714
2.3967270851135254 2.216096878051758 1.7288315296173096
2.7248330116271973 2.50211238861084 1.8885560035705566
2.9607226848602295 2.935276985168457 2.5125181674957275
2.3777754306793213 2.364014148712158 1.7398881912231445
2.192904233932495 2.2098865509033203 1.6622623205184937
2.421368360519409 2.4667563438415527 2.1310925483703613
3.355957508087158 3.323685646057129 2.956871509552002
3.8317065238952637 3.6400535106658936 3.1965978145599365
2.791456699371338 2.8686084747314453 2.6546669006347656
2.4478542804718018 2.5133278369903564 2.0844080448150635
2.2664856910705566 2.28816819190979 1.7085150480270386
3.025182008743286 3.0871877670288086 2.798293113708496
2.746164321899414 2.755791664123535 2.111570119857788
2.9815101623535156 3.037402629852295 2.5260696411132812
3.0157203674316406 2.8177850246429443 2.320732593536377
2.7878613471984863 2.8123090267181396 2.327624559402466
3.0999293327331543 3.1273930072784424 2.8864357471466064
3.8367395401000977 3.6748104095458984 3.2484920024871826
2.607022523880005 2.5308501720428467 1.8245129585266113
2.3759922981262207 2.4041121006011963 1.8145843744277954
2.7109525203704834 2.7318527698516846 2.2792136669158936
2.6305038928985596 2.667445659637451 2.1369619369506836
2.7610390186309814 2.713913679122925 2.199565887451172
1.962737798690796 1.9632947444915771 1.6000512838363647
2.3264377117156982 2.3546900749206543 1.9891163110733032
1.8081077337265015 1.8184640407562256 1.5260413885116577
2.089177370071411 2.1455137729644775 1.6669162511825562
2.2154712677001953 2.1355886459350586 1.725448727607727
2.653873920440674 2.749864339828491 2.4346275329589844
2.5527803897857666 2.4514503479003906 1.8683910369873047
2.165872097015381 2.2582108974456787 1.8141435384750366
1.8791115283966064 1.9397189617156982 1.4825533628463745
2.028813600540161 2.0555009841918945 1.7346973419189453
2.1429851055145264 2.006894588470459 1.474233627319336
1.6913557052612305 1.7439860105514526 1.4318280220031738
1.6665071249008179 1.6206666231155396 1.1716171503067017
1.3274402618408203 1.3163402080535889 0.9909012913703918
1.494890570640564 1.5049991607666016 1.1597230434417725
2.2864582538604736 2.387299060821533 2.1598238945007324
3.254016160964966 3.21382737159729 2.84843373298645
2.2488815784454346 2.191594123840332 1.8802008628845215
2.6207778453826904 2.6905062198638916 2.401425361633301
2.092442035675049 2.153623342514038 1.7422397136688232
1.7739897966384888 1.8505243062973022 1.5299839973449707
1.706210732460022 1.7484874725341797 1.3578948974609375
2.111128330230713 2.2259774208068848 1.8556008338928223
2.324111223220825 2.35163950920105 2.0303730964660645
2.5614051818847656 2.5942976474761963 2.3459103107452393
3.4356062412261963 3.347921848297119 2.8479878902435303
3.1990630626678467 3.1421751976013184 2.613152027130127
2.395202398300171 2.4770829677581787 1.9370061159133911
2.4625110626220703 2.4752936363220215 2.0532779693603516
3.2698330879211426 3.200488567352295 2.7038869857788086
2.9953231811523438 3.0234498977661133 2.6956627368927
3.0418386459350586 3.0383074283599854 2.5680789947509766
2.5981884002685547 2.6166298389434814 2.1611649990081787
1.9912734031677246 2.0715365409851074 1.7941797971725464
2.9765124320983887 2.8357884883880615 2.2920422554016113
2.4364256858825684 2.327861785888672 1.7537059783935547
2.3837008476257324 2.4222686290740967 2.016641139984131
2.4917023181915283 2.4852747917175293 2.1840550899505615
3.1822588443756104 3.188680410385132 2.7968316078186035
2.6887576580047607 2.7166383266448975 2.2676918506622314
2.845723867416382 2.8328683376312256 2.4805753231048584
2.4296860694885254 2.523499011993408 2.075467348098755
2.278028964996338 2.3238253593444824 1.9122649431228638
2.6486270427703857 2.6025283336639404 2.1025586128234863
2.878371477127075 2.8219661712646484 2.2309696674346924
2.554267168045044 2.644756555557251 2.2880799770355225
1.9434791803359985 2.026590347290039 1.6624985933303833
1.6886656284332275 1.738053560256958 1.2941585779190063
1.8647511005401611 1.8984043598175049 1.4268964529037476
2.484687089920044 2.436497688293457 1.8769891262054443
2.09885573387146 2.105377435684204 1.5629416704177856
1.8872275352478027 1.9817979335784912 1.515379786491394
2.59586238861084 2.577709674835205 2.06355881690979
1.9584457874298096 2.035087823867798 1.6498397588729858
2.8450968265533447 2.8607823848724365 2.5473828315734863
3.561021566390991 3.5373079776763916 3.3201303482055664
4.096933841705322 3.971052408218384 3.7264316082000732
3.9054114818573 3.7563138008117676 3.436049222946167
2.946460485458374 2.998610496520996 2.629673719406128
3.105480909347534 2.9949424266815186 2.3835434913635254
2.834110975265503 2.738090991973877 2.068741798400879
3.344815254211426 3.3310422897338867 3.0516250133514404
3.468702793121338 3.441751003265381 3.131314277648926
3.315587043762207 3.3095293045043945 2.9392333030700684
3.139893054962158 3.1590843200683594 2.688398838043213
3.3174052238464355 3.258894205093384 2.7679076194763184
3.5898759365081787 3.530954122543335 3.1902015209198
3.8439016342163086 3.7246310710906982 3.308277130126953
3.489474058151245 3.4807560443878174 3.0584516525268555
4.043590545654297 3.9473795890808105 3.7149603366851807
3.973144292831421 3.8433666229248047 3.4553678035736084
4.156774997711182 4.039788246154785 3.7561681270599365
3.3491628170013428 3.3530259132385254 2.966054677963257
3.8988544940948486 3.8095669746398926 3.6234984397888184
4.243303298950195 4.160587787628174 3.879500150680542
3.598210096359253 3.5268216133117676 3.2444398403167725
3.576281785964966 3.4721646308898926 3.08186936378479
3.745495080947876 3.6678073406219482 3.3840606212615967
2.850677490234375 2.860710859298706 2.488032817840576
2.7394659519195557 2.69356632232666 2.128305435180664
3.063539981842041 3.045666456222534 2.6376383304595947
3.0013480186462402 2.9465034008026123 2.419234275817871
2.751321792602539 2.73229718208313 2.2854413986206055
2.8562629222869873 2.8177459239959717 2.329197883605957
2.3512015342712402 2.373389959335327 1.8618721961975098
3.1880524158477783 3.138519525527954 2.7159323692321777
4.018468379974365 3.882662773132324 3.55397629737854
3.2413599491119385 3.250910520553589 2.9594647884368896
3.5531513690948486 3.46293044090271 3.0305898189544678
3.6397690773010254 3.5359020233154297 3.1291048526763916
2.6152524948120117 2.5956695079803467 2.17527437210083
2.7674977779388428 2.764008045196533 2.437168836593628
2.9457473754882812 2.928790807723999 2.4055562019348145
2.8210628032684326 2.8038511276245117 2.246511936187744
3.2993781566619873 3.2386646270751953 2.8298068046569824
