4.089789479795616

2.749232769012451 2.9236032962799072 2.8067264556884766
2.5870378017425537 2.6665186882019043 2.399014949798584
3.1293187141418457 3.254530668258667 3.1443240642547607
3.053572654724121 3.1347603797912598 2.9331119060516357
2.6355764865875244 2.774669647216797 2.6521353721618652
2.9446582794189453 3.029677391052246 2.9191043376922607
3.2232937812805176 3.343702793121338 3.2216904163360596
3.4222447872161865 3.414618968963623 3.277553081512451
3.067970037460327 3.140458106994629 3.2373602390289307
3.3265750408172607 3.5031957626342773 3.391930341720581
3.0138068199157715 3.010317087173462 2.9391093254089355
2.6384499073028564 2.8217098712921143 2.8356029987335205
3.2013659477233887 3.4426987171173096 3.378810405731201
3.5131783485412598 3.479125499725342 3.572974681854248
3.594336986541748 3.7463595867156982 3.7814910411834717
2.6251161098480225 2.7731847763061523 2.65899658203125
1.190422773361206 1.0523067712783813 0.9698926210403442
1.7797410488128662 1.5599931478500366 1.258610725402832
2.672161340713501 2.533639430999756 2.074568271636963
2.2388761043548584 2.049175500869751 1.6223266124725342
2.424269437789917 2.3485915660858154 1.9433902502059937
2.135401964187622 2.2351419925689697 1.9669849872589111
2.5335445404052734 2.3494014739990234 2.167233467102051
2.7320704460144043 2.656639337539673 2.2599029541015625
2.2304086685180664 2.1687138080596924 1.7077162265777588
1.4291623830795288 1.436718225479126 1.393537998199463
1.6654436588287354 1.6290321350097656 1.4519842863082886
1.6277518272399902 1.5720021724700928 1.3092740774154663
1.4534776210784912 1.4374077320098877 1.2707780599594116
1.251120924949646 1.1826117038726807 1.134896993637085
1.7214475870132446 1.7080451250076294 1.502173662185669
3.7487916946411133 3.859447956085205 3.6308486461639404
3.2334065437316895 3.35561466217041 3.037569999694824
3.2486088275909424 3.1551742553710938 2.9582486152648926
3.476017713546753 3.470259428024292 3.3951289653778076
3.7454819679260254 3.6975064277648926 3.08107328414917
3.3432183265686035 3.582864761352539 3.4942800998687744
3.281914234161377 3.410311222076416 3.282531976699829
3.4739155769348145 3.679640769958496 3.6661345958709717
3.6628804206848145 3.7820708751678467 3.694427013397217
3.4687724113464355 3.432021141052246 2.9875290393829346
1.918789267539978 2.0413432121276855 2.0199601650238037
1.9460315704345703 1.9025691747665405 1.8130799531936646
2.1010193824768066 2.111060619354248 1.9376718997955322
2.76995587348938 2.7977139949798584 2.84785795211792
3.748216152191162 3.3270084857940674 2.9142990112304688
3.405153512954712 3.403993844985962 2.9556961059570312
1.6222070455551147 1.404642105102539 1.2266324758529663
0.8997213840484619 0.7428604364395142 0.6065871119499207
1.439112663269043 1.1700327396392822 0.9905562400817871
2.984607696533203 2.9267897605895996 2.3868520259857178
2.5079753398895264 2.2061984539031982 1.6122000217437744
2.3942313194274902 2.251533031463623 1.801932454109192
2.4694864749908447 2.5117075443267822 2.2779316902160645
2.504882335662842 2.1693387031555176 1.8508424758911133
2.302884340286255 2.3244974613189697 2.017220973968506
2.0227999687194824 2.073312759399414 1.7514452934265137
1.0961520671844482 0.9693760871887207 0.9104815721511841
1.1855475902557373 1.0966639518737793 1.0018746852874756
1.4807456731796265 1.313042163848877 1.1580002307891846
1.2869987487792969 1.1650995016098022 1.0138564109802246
0.8191503286361694 0.758654773235321 0.7196078300476074
1.1032328605651855 1.0786516666412354 1.055365800857544
3.3463611602783203 3.431868314743042 3.398688316345215
3.647130250930786 3.6636228561401367 3.3170976638793945
3.540142297744751 3.662877082824707 3.5701165199279785
3.994749069213867 3.9941792488098145 3.800569772720337
3.8059911727905273 3.965588331222534 3.7546441555023193
3.9092113971710205 4.044293403625488 3.902125597000122
4.231446266174316 4.32457971572876 4.189522743225098
4.181037902832031 4.223905563354492 4.052315711975098
3.650319814682007 3.5329136848449707 3.217000961303711
3.2099030017852783 2.9677138328552246 2.435575485229492
2.4911208152770996 2.567075252532959 2.5967154502868652
2.3233094215393066 2.2939605712890625 1.9313379526138306
2.6996638774871826 2.649684429168701 2.4351580142974854
2.9658138751983643 2.671698570251465 2.2826688289642334
3.2638649940490723 3.1833865642547607 2.7816781997680664
2.7908215522766113 2.572258472442627 2.130697727203369
1.1643705368041992 0.8179787993431091 0.6684601902961731
1.0013201236724854 0.8500784635543823 0.7119184136390686
2.2991652488708496 1.8274881839752197 1.212231159210205
3.7575676441192627 3.752497434616089 3.362215042114258
3.3879733085632324 3.32171893119812 3.2988526821136475
3.2222042083740234 3.158785104751587 2.8392536640167236
2.1089634895324707 1.9086897373199463 1.533273696899414
1.8581899404525757 1.8407615423202515 1.418657898902893
2.2340102195739746 1.6200523376464844 1.3295543193817139
1.367408037185669 1.2315574884414673 1.0880926847457886
0.9142025709152222 0.7699840664863586 0.7207375764846802
1.0313211679458618 0.7232994437217712 0.5897449254989624
1.2205100059509277 0.9858272671699524 0.8384862542152405
0.9687078595161438 0.8900145292282104 0.882224440574646
0.6486715078353882 0.5308965444564819 0.4699385166168213
0.9940131306648254 0.8395647406578064 0.734670102596283
3.6780574321746826 3.7295708656311035 3.5324223041534424
3.606092929840088 3.55940580368042 3.114136219024658
3.405263900756836 3.4528555870056152 3.1561038494110107
3.815028429031372 3.850767135620117 3.5205509662628174
3.6322391033172607 3.809887647628784 3.702918529510498
4.038222312927246 4.120233535766602 3.874932050704956
4.427666664123535 4.422160625457764 4.276320457458496
4.354742050170898 4.280190467834473 4.093857765197754
3.6893057823181152 3.721506357192993 3.494800567626953
2.8122096061706543 2.7762324810028076 2.510596752166748
3.4226431846618652 3.101661205291748 2.4406533241271973
3.5536887645721436 3.3383724689483643 2.887741804122925
3.05698823928833 2.957852363586426 2.3356831073760986
3.370121717453003 3.0887205600738525 2.3727307319641113
3.7944319248199463 3.816784143447876 3.460240364074707
2.9003779888153076 2.4665544033050537 1.8073227405548096
1.3344262838363647 1.0384867191314697 0.9172154664993286
1.047677755355835 0.9705958366394043 0.8761881589889526
2.026793956756592 1.5395704507827759 1.2357525825500488
3.9622809886932373 3.963015079498291 3.5181994438171387
4.031470775604248 4.018906593322754 3.7460057735443115
2.0693039894104004 1.6961848735809326 1.33521568775177
1.9098117351531982 1.5376765727996826 1.0715713500976562
1.3181421756744385 1.1077401638031006 0.9355161786079407
1.5451130867004395 1.242920160293579 1.010254979133606
1.7163994312286377 1.3536502122879028 1.087620735168457
1.1488065719604492 0.8970054388046265 0.802283763885498
1.0329163074493408 0.9103482365608215 0.6874375343322754
1.264418363571167 0.9881372451782227 0.7742141485214233
1.1022353172302246 0.8386453986167908 0.6627620458602905
0.7676459550857544 0.572306752204895 0.4760874807834625
1.1000421047210693 0.9517420530319214 0.7949978113174438
3.062056064605713 3.1581435203552246 3.0833163261413574
3.852921724319458 3.7470548152923584 3.314301013946533
3.7338948249816895 3.684544086456299 3.232151985168457
3.5782387256622314 3.4397175312042236 2.838313341140747
3.326359510421753 3.506054401397705 3.352447032928467
3.5945236682891846 3.7428646087646484 3.5941479206085205
4.232736110687256 4.1769537925720215 3.9540305137634277
3.9736225605010986 3.9644341468811035 3.5814387798309326
3.5421290397644043 3.333235263824463 2.6853814125061035
3.022986888885498 2.9015018939971924 2.2676548957824707
3.1607232093811035 2.8599958419799805 2.1563162803649902
3.006119966506958 2.7063148021698 2.2820816040039062
3.7163541316986084 3.748778820037842 3.301018238067627
3.8570008277893066 3.9660942554473877 3.751572847366333
4.18779993057251 4.156892776489258 4.0522332191467285
3.2303807735443115 2.99359393119812 2.4585635662078857
1.1569440364837646 0.9753532409667969 0.8389877080917358
1.607208013534546 1.2656853199005127 1.0623023509979248
2.375741481781006 1.7469724416732788 1.3757572174072266
3.7798593044281006 3.859560489654541 3.6790194511413574
3.6065845489501953 3.5534725189208984 3.2770776748657227
2.1431689262390137 1.4669287204742432 1.0669071674346924
1.5333499908447266 1.112317681312561 0.8215923309326172
1.2612056732177734 0.9943455457687378 0.7797651290893555
1.361878752708435 1.020090103149414 0.8925929069519043
1.9029775857925415 1.6974979639053345 1.1866438388824463
1.9259204864501953 1.5754039287567139 1.2345976829528809
1.668225884437561 1.3404299020767212 1.0867598056793213
1.3427708148956299 0.9582715034484863 0.7781774401664734
1.3917405605316162 1.0700960159301758 0.8847213387489319
0.8635422587394714 0.666332483291626 0.5875789523124695
1.0698872804641724 0.9282058477401733 0.7864132523536682
2.5184977054595947 2.52449107170105 2.606693744659424
3.649752378463745 3.7251944541931152 3.338782548904419
2.643559694290161 2.563660144805908 2.209934711456299
2.287834405899048 2.2723708152770996 1.877488136291504
2.5418384075164795 2.3938755989074707 2.015045642852783
3.3600735664367676 3.224433422088623 2.674689769744873
3.528430223464966 3.6776859760284424 3.449490785598755
3.0097341537475586 2.9380106925964355 2.5811729431152344
2.1903085708618164 1.857163906097412 1.3984425067901611
2.4528419971466064 2.1308658123016357 1.8086292743682861
2.81531023979187 2.5053200721740723 1.9428722858428955
3.6843371391296387 3.548081398010254 2.9750826358795166
4.237776756286621 4.281080722808838 4.038777828216553
4.120969295501709 4.023699760437012 3.536600112915039
3.9728293418884277 3.8183844089508057 3.3249831199645996
3.7232682704925537 3.6673967838287354 3.3442256450653076
2.2336978912353516 2.0989487171173096 1.8159021139144897
1.8888394832611084 1.7622483968734741 1.457785964012146
2.091620922088623 1.9698352813720703 1.718933343887329
3.101562023162842 2.990305185317993 2.804795742034912
3.2682433128356934 2.7061827182769775 2.2590296268463135
3.0588700771331787 2.550386667251587 1.9287573099136353
2.7049343585968018 2.0782201290130615 1.6605144739151
2.2544853687286377 1.8029301166534424 1.4537907838821411
2.4905858039855957 2.03252911567688 1.4970769882202148
3.198254108428955 2.9986319541931152 2.4825172424316406
3.497809886932373 3.2189061641693115 2.662630558013916
2.694896697998047 2.2391154766082764 1.653767466545105
1.9580326080322266 1.409738302230835 1.0095884799957275
1.4894365072250366 1.2352746725082397 1.0034300088882446
1.2214497327804565 0.8776265382766724 0.674923300743103
0.9333651661872864 0.7844425439834595 0.6727217435836792
1.8798980712890625 1.9162997007369995 1.706798791885376
2.78283429145813 2.8964462280273438 2.3707611560821533
1.6407825946807861 1.7206990718841553 1.4703443050384521
1.3492228984832764 1.2000467777252197 1.06880784034729
1.4691436290740967 1.4597504138946533 1.2180540561676025
1.649003267288208 1.5781328678131104 1.466412901878357
1.5375529527664185 1.5265706777572632 1.4239153861999512
1.868923544883728 1.8909127712249756 1.6187691688537598
1.8034700155258179 1.404991865158081 1.1799145936965942
2.161330223083496 1.7148714065551758 1.2043650150299072
3.864225387573242 3.617234230041504 3.078972816467285
4.233591079711914 4.052886009216309 3.702709674835205
4.355403900146484 4.352397441864014 4.2396345138549805
3.988858699798584 3.711371898651123 3.124567747116089
2.9962451457977295 2.7195043563842773 2.154616117477417
3.770207405090332 3.4867441654205322 2.870028018951416
3.1142568588256836 3.154611110687256 3.2157623767852783
2.198215961456299 2.1946709156036377 2.0695278644561768
2.7691023349761963 2.6871514320373535 2.466470956802368
2.8949856758117676 2.7308897972106934 2.073025703430176
2.552002429962158 2.0595932006835938 1.4208697080612183
2.5082149505615234 2.0689523220062256 1.541766881942749
2.7445363998413086 2.2385826110839844 1.8283146619796753
2.425267457962036 1.957376480102539 1.501312017440796
2.1477549076080322 2.0566842555999756 1.7243248224258423
3.49483323097229 3.579802989959717 3.1249499320983887
3.523015022277832 3.073024272918701 2.617110252380371
2.8827881813049316 2.5063343048095703 2.0569653511047363
2.3075990676879883 1.983115553855896 1.680525541305542
2.0600948333740234 1.5571562051773071 1.0888620615005493
1.815369963645935 1.7488797903060913 1.3336759805679321
1.155665397644043 1.0624845027923584 0.9043786525726318
2.2978553771972656 2.34433913230896 2.2986457347869873
3.0722548961639404 3.057133913040161 2.3933019638061523
2.2385730743408203 2.262380599975586 1.7407974004745483
1.8058195114135742 1.7310597896575928 1.44521963596344
1.6771502494812012 1.575805902481079 1.2691071033477783
1.5603783130645752 1.2418996095657349 1.0297987461090088
1.8278071880340576 1.4404213428497314 1.064780354499817
2.2344231605529785 1.914687156677246 1.8168065547943115
2.1826090812683105 1.9672908782958984 1.5576578378677368
1.3754682540893555 1.330836296081543 1.0892605781555176
3.4668469429016113 3.5829014778137207 3.4166736602783203
3.9856224060058594 4.066559791564941 3.6679625511169434
4.563928604125977 4.550902366638184 4.435879707336426
4.013913631439209 3.9057979583740234 3.4428868293762207
2.5610289573669434 2.2748661041259766 1.9742799997329712
2.542908191680908 2.529423236846924 2.4241108894348145
1.8357576131820679 1.802839756011963 1.7092818021774292
1.6990808248519897 1.6243231296539307 1.5335345268249512
2.322960615158081 2.27213454246521 2.2968266010284424
1.9263238906860352 1.8916047811508179 1.7650892734527588
2.221094846725464 2.0260090827941895 1.9101169109344482
2.084280014038086 1.8491132259368896 1.5963321924209595
1.635925054550171 1.1864262819290161 0.9811609387397766
1.7592999935150146 1.2718274593353271 0.9444752931594849
1.8845505714416504 1.4076309204101562 1.1959364414215088
3.218398094177246 3.134345531463623 2.584827423095703
3.634378671646118 3.3687644004821777 2.6049747467041016
2.832259178161621 2.2522826194763184 1.9691483974456787
2.14689040184021 1.8030778169631958 1.3164726495742798
2.3063907623291016 1.8395122289657593 1.2177248001098633
1.768866777420044 1.3534754514694214 0.9920182228088379
1.7360750436782837 1.4275972843170166 1.1962018013000488
3.062303304672241 3.0685696601867676 2.8024115562438965
3.6273229122161865 3.55851149559021 2.994816303253174
2.2395009994506836 2.1512272357940674 1.6381571292877197
1.8341518640518188 1.5520799160003662 1.264571189880371
1.904895305633545 1.9672250747680664 1.4112975597381592
2.219864845275879 1.9571943283081055 1.4090220928192139
2.404087543487549 2.1172702312469482 1.5820443630218506
2.6327567100524902 2.461578369140625 1.9963245391845703
2.0227131843566895 2.1579647064208984 1.957266092300415
2.2060353755950928 2.3234617710113525 2.3331801891326904
2.4208478927612305 2.3553571701049805 2.2495205402374268
2.844789743423462 3.015683889389038 3.084218978881836
3.6550192832946777 3.7666163444519043 3.8341314792633057
3.863011598587036 3.9133458137512207 3.5561258792877197
2.9356627464294434 2.8284366130828857 2.721179485321045
1.1999582052230835 1.2246037721633911 1.1500118970870972
0.7792747616767883 0.611044704914093 0.5427740812301636
0.6948604583740234 0.600265383720398 0.5617009401321411
0.591166615486145 0.5472911596298218 0.58750981092453
0.8401707410812378 0.6821940541267395 0.642973780632019
1.5521929264068604 1.6293859481811523 1.6330206394195557
2.059701442718506 2.006121873855591 1.7323722839355469
1.7047114372253418 1.7077741622924805 1.6144078969955444
1.491361379623413 1.3991377353668213 1.218273401260376
1.4500880241394043 1.1484332084655762 0.963447093963623
2.2539150714874268 1.8783670663833618 1.3004435300827026
3.217400074005127 2.841125965118408 2.05005145072937
2.4540493488311768 2.2764480113983154 1.6574965715408325
1.9732048511505127 1.8311582803726196 1.2629945278167725
1.468644380569458 1.1256108283996582 0.81480473279953
1.3148506879806519 1.0110899209976196 0.8111389875411987
1.6218448877334595 1.2344077825546265 1.0562788248062134
3.4378063678741455 3.3630118370056152 3.0618503093719482
3.371046543121338 3.3405888080596924 2.7458999156951904
1.6813017129898071 1.3916873931884766 1.1180814504623413
1.3925827741622925 1.1425479650497437 0.8827109932899475
2.00876784324646 1.7231128215789795 1.1492502689361572
2.0449459552764893 1.7172720432281494 1.4319453239440918
2.5704331398010254 2.2119243144989014 1.7725670337677002
3.263258457183838 3.124443769454956 2.372253894805908
2.865016222000122 2.9916207790374756 2.821547508239746
2.297297954559326 2.378937005996704 2.109199047088623
1.982442855834961 1.7935292720794678 1.4849269390106201
1.4539501667022705 1.4061014652252197 1.2795957326889038
2.4765357971191406 2.557882308959961 2.2744083404541016
3.989243745803833 4.086434364318848 3.9323127269744873
3.4360032081604004 3.3092846870422363 2.91636323928833
0.7052833437919617 0.6877444982528687 0.6553990840911865
0.4733925759792328 0.4002026915550232 0.40924006700515747
0.5483805537223816 0.4624069631099701 0.48769479990005493
0.4293844699859619 0.3412058353424072 0.31322941184043884
0.729586124420166 0.636234700679779 0.5971762537956238
1.2646597623825073 1.281596302986145 1.3157680034637451
2.3291423320770264 2.4543538093566895 2.5436036586761475
2.931746006011963 2.8956592082977295 2.741849899291992
2.420233964920044 2.5582425594329834 2.2490992546081543
1.9498717784881592 1.7593740224838257 1.4706660509109497
2.314452886581421 2.4014041423797607 2.05668306350708
3.041853904724121 2.671628713607788 2.2405247688293457
2.6724400520324707 2.7162275314331055 2.1308467388153076
2.3213977813720703 2.2659969329833984 1.8498632907867432
1.8521108627319336 1.3874166011810303 1.1668082475662231
1.5889437198638916 1.20633864402771 0.938284158706665
2.2412447929382324 1.8833178281784058 1.4871420860290527
3.609689235687256 3.6597824096679688 3.3175711631774902
1.779460072517395 1.8714685440063477 1.8349454402923584
0.843051552772522 0.8313590288162231 0.7671329379081726
0.6788088083267212 0.6037373542785645 0.5497384071350098
0.7773333191871643 0.7564369440078735 0.6675719022750854
1.16635262966156 1.072314977645874 0.8940040469169617
1.574873447418213 1.1662614345550537 0.8717883825302124
2.7914369106292725 2.6662793159484863 2.3548409938812256
2.1116175651550293 2.1950862407684326 2.1599278450012207
1.3723020553588867 1.4339549541473389 1.4722028970718384
0.9400982856750488 0.9321057200431824 0.8732537031173706
0.8616527318954468 0.772612452507019 0.7457259297370911
1.8163301944732666 1.6248054504394531 1.3691868782043457
3.416718006134033 3.5032694339752197 3.2208948135375977
3.010253429412842 3.215428590774536 3.003042697906494
0.9014021754264832 0.7401762008666992 0.6850563883781433
0.5738157629966736 0.5292567610740662 0.5154440999031067
0.4955231249332428 0.43127456307411194 0.4391655921936035
0.4501539468765259 0.3832034468650818 0.3517349362373352
0.685612678527832 0.5736876726150513 0.5813112258911133
0.9552873373031616 0.8528941869735718 0.8239294290542603
2.080883502960205 2.183661460876465 2.2661120891571045
2.5514938831329346 2.642737865447998 2.7570877075195312
3.476670742034912 3.5363399982452393 3.162681818008423
2.837584972381592 3.03641939163208 3.068094253540039
3.139082431793213 3.3535046577453613 3.3111071586608887
3.312177896499634 3.2173893451690674 2.57059907913208
1.5203392505645752 1.5310556888580322 1.444321632385254
1.9357812404632568 1.851924180984497 1.5503016710281372
1.779828667640686 1.73415207862854 1.4128985404968262
1.3232835531234741 1.2833096981048584 1.139691710472107
1.43583083152771 1.4638938903808594 1.0789496898651123
2.966468572616577 2.9566140174865723 2.491055727005005
1.6859687566757202 1.6446870565414429 1.6124290227890015
1.0667861700057983 0.9787138104438782 0.7951866984367371
0.9132257103919983 0.7840734720230103 0.6505188941955566
1.0354409217834473 0.8954147100448608 0.7155767679214478
1.118727684020996 0.9487943649291992 0.7082064151763916
1.953415870666504 1.6648828983306885 1.3296358585357666
2.3619179725646973 2.516017436981201 2.404940366744995
1.6438722610473633 1.7830266952514648 1.7590203285217285
1.140199899673462 1.1160978078842163 1.1179230213165283
0.73253333568573 0.658637523651123 0.5641251802444458
0.7970602512359619 0.6511777639389038 0.5318596959114075
1.6497758626937866 1.32236647605896 0.9452411532402039
3.1891589164733887 3.315596103668213 3.270413875579834
3.5643067359924316 3.6667795181274414 3.1281893253326416
1.3245577812194824 1.2368208169937134 1.024071216583252
0.5651522278785706 0.47814202308654785 0.4319218099117279
0.6149121522903442 0.556786298751831 0.5337361097335815
0.5817955732345581 0.4742273688316345 0.4440247118473053
0.5721913576126099 0.4779277741909027 0.48084479570388794
0.8618859648704529 0.6508350372314453 0.5813108086585999
1.9190539121627808 2.0060954093933105 1.9947885274887085
3.45375394821167 3.6467652320861816 3.6315901279449463
4.230385780334473 4.2952728271484375 4.142350196838379
3.3552584648132324 3.5436184406280518 3.4773263931274414
2.778176784515381 2.8866071701049805 2.7726428508758545
3.2324025630950928 3.350902557373047 3.248007297515869
2.950303316116333 3.033550977706909 2.8507306575775146
2.1203055381774902 2.0117506980895996 1.5114624500274658
0.7906069755554199 0.6548025608062744 0.6015204191207886
0.8756800889968872 0.831344485282898 0.840670108795166
1.0183957815170288 0.9792863130569458 0.9209861755371094
2.095092296600342 2.157377243041992 1.950416922569275
1.8727586269378662 1.9422191381454468 1.591907262802124
1.3750126361846924 1.2260310649871826 1.0394325256347656
1.1965959072113037 1.1469194889068604 0.8382489085197449
1.387235164642334 1.0538743734359741 0.7731288075447083
1.628075361251831 1.36142098903656 1.0802674293518066
2.955155611038208 2.7273545265197754 2.1452255249023438
1.8852510452270508 1.9197275638580322 1.8284064531326294
1.2957664728164673 1.33986496925354 1.2379628419876099
1.1309715509414673 1.0568209886550903 0.9767640829086304
1.0340418815612793 0.767935037612915 0.6109654307365417
1.4327038526535034 1.1447713375091553 1.0301027297973633
2.6660730838775635 2.657705307006836 2.4948315620422363
3.8507614135742188 3.970247983932495 3.87850284576416
3.981328248977661 4.031973838806152 3.805878162384033
2.384187698364258 2.3849170207977295 2.2991745471954346
0.6677584648132324 0.6263995170593262 0.6496285200119019
0.535812497138977 0.47093886137008667 0.4091518819332123
0.5353863835334778 0.3981010317802429 0.37203213572502136
0.7067118883132935 0.5073416233062744 0.42785054445266724
0.7435609698295593 0.6959969997406006 0.7289369106292725
1.700735330581665 1.748488187789917 1.7686434984207153
3.8432555198669434 3.889538526535034 3.752392053604126
4.551875591278076 4.555871486663818 4.4492974281311035
4.230894088745117 4.230111122131348 4.069309711456299
3.556725025177002 3.648216724395752 3.4635086059570312
3.924154758453369 3.802164316177368 3.361569881439209
3.9618003368377686 4.067046165466309 3.9342167377471924
3.86386775970459 3.914222002029419 3.6145036220550537
1.8855348825454712 1.5794614553451538 1.3011133670806885
1.0204486846923828 0.7355672717094421 0.5649415254592896
1.112439513206482 1.0860499143600464 1.0383284091949463
2.5785536766052246 2.7409231662750244 2.3849246501922607
1.3754007816314697 1.4431997537612915 1.3473236560821533
0.9914682507514954 1.0307042598724365 0.9172090291976929
0.9928296208381653 0.8992762565612793 0.7973513603210449
0.8877205848693848 0.8619261980056763 0.6934006810188293
1.2271188497543335 1.2597440481185913 0.9947813153266907
2.0642197132110596 1.9636943340301514 1.5272181034088135
1.4101158380508423 1.3707610368728638 1.2018541097640991
1.551233172416687 1.6092842817306519 1.512748122215271
1.5615086555480957 1.4537272453308105 1.2591586112976074
1.815476417541504 1.5927298069000244 1.4166944026947021
2.602637767791748 2.3308491706848145 2.0777177810668945
3.3746285438537598 3.2899088859558105 2.7710587978363037
3.9881012439727783 4.096086502075195 3.9056296348571777
4.080236911773682 4.1702423095703125 4.06135892868042
3.716600179672241 3.8087449073791504 3.423508882522583
1.0942474603652954 0.9794927835464478 0.9145487546920776
0.6023901104927063 0.4815119802951813 0.41833406686782837
0.6282991170883179 0.5539884567260742 0.5573769211769104
0.8394075632095337 0.5968638062477112 0.5024294257164001
1.0604009628295898 1.0782814025878906 1.0909945964813232
1.9438384771347046 1.9648059606552124 1.9219611883163452
3.142568588256836 3.2015039920806885 2.7185616493225098
4.244470596313477 4.256659030914307 4.107623100280762
4.359180927276611 4.3868536949157715 4.236702919006348
3.7201921939849854 3.656325578689575 3.113783836364746
2.676401138305664 2.6353976726531982 2.281446933746338
3.3104681968688965 3.313148021697998 2.8834497928619385
4.139370918273926 4.197007179260254 4.041329860687256
3.1648049354553223 3.0272371768951416 2.089625597000122
0.8507704734802246 0.6877046823501587 0.5903827548027039
1.3384034633636475 1.0356557369232178 0.8595628142356873
2.901505708694458 2.869414806365967 2.210015058517456
2.0918943881988525 2.0871317386627197 1.7387137413024902
1.5095990896224976 1.5910251140594482 1.262028455734253
1.8286391496658325 1.6247289180755615 1.2439173460006714
1.797438383102417 1.5447158813476562 1.007543921470642
2.6422557830810547 2.386676073074341 1.8455408811569214
3.158219814300537 3.21172833442688 2.6599857807159424
3.3580691814422607 3.461851119995117 3.1471335887908936
2.990790843963623 3.1251368522644043 2.7870676517486572
2.5477840900421143 2.6299729347229004 2.1466193199157715
2.7836995124816895 2.764739513397217 2.545546054840088
2.8488705158233643 2.6897921562194824 2.097378969192505
2.593360424041748 2.4055979251861572 1.7621246576309204
3.498074769973755 3.4759151935577393 2.905771255493164
3.7596042156219482 3.8201375007629395 3.5870838165283203
3.6195976734161377 3.6815006732940674 3.5358364582061768
1.4141103029251099 1.2441332340240479 1.1369850635528564
0.8160895109176636 0.584886372089386 0.49208611249923706
1.080561876296997 0.9020063877105713 0.8190310001373291
1.0849164724349976 0.8001827001571655 0.6797078847885132
1.1008756160736084 0.8527176976203918 0.7387544512748718
1.1828455924987793 1.039236307144165 0.8501509428024292
1.6826642751693726 1.5096684694290161 1.330576777458191
4.066263675689697 4.106194496154785 4.010426998138428
4.4847731590271 4.4757866859436035 4.358034133911133
4.17711877822876 4.07061243057251 3.834969997406006
2.674123764038086 2.7692928314208984 2.6276955604553223
1.8780344724655151 1.9376567602157593 1.7377681732177734
3.0891432762145996 2.9026994705200195 2.1552066802978516
3.3821730613708496 3.4964118003845215 3.167882204055786
1.594670295715332 1.4331166744232178 1.2897435426712036
1.2688016891479492 1.2605726718902588 1.1358530521392822
2.60133695602417 2.450962781906128 1.9704793691635132
2.814837694168091 2.7051262855529785 2.0619776248931885
2.430990695953369 2.3347487449645996 1.8570235967636108
2.852652072906494 2.4534006118774414 1.684805154800415
2.4304072856903076 1.9994051456451416 1.4563062191009521
3.6261115074157715 3.399406909942627 2.6835508346557617
4.279088973999023 4.2502007484436035 3.869448184967041
4.082851409912109 4.136758327484131 3.976538896560669
3.28548002243042 3.366074800491333 3.120222806930542
2.508153200149536 2.441673755645752 2.0837063789367676
2.3835206031799316 2.449305772781372 2.247788906097412
2.925499677658081 2.7289607524871826 1.9506679773330688
3.3099558353424072 2.881066083908081 2.243082046508789
3.1015334129333496 2.7510554790496826 2.129171133041382
3.147298812866211 3.1330761909484863 2.8873143196105957
2.856431007385254 2.8652682304382324 2.4995124340057373
2.0985846519470215 1.883675217628479 1.3751291036605835
1.0241727828979492 0.7206694483757019 0.5897352695465088
0.9131442308425903 0.807941734790802 0.7556151151657104
0.7325328588485718 0.6170214414596558 0.5811842679977417
0.6644594073295593 0.5666131377220154 0.4936526417732239
0.9940168261528015 0.7757343649864197 0.6710793375968933
1.382439136505127 1.1110529899597168 0.9361521005630493
3.415872573852539 3.5130085945129395 3.139331102371216
4.266435623168945 4.105734825134277 3.8589107990264893
3.949974775314331 3.9959969520568848 3.8431081771850586
3.7470452785491943 3.804100513458252 3.542330503463745
3.6863088607788086 3.8208765983581543 3.521383047103882
3.537001132965088 3.4585728645324707 2.961024045944214
3.525024652481079 3.4351489543914795 2.6571919918060303
1.8252812623977661 1.569068431854248 1.03555428981781
1.6079471111297607 1.6216758489608765 1.2825558185577393
3.5853657722473145 3.667452335357666 3.4011662006378174
2.0502450466156006 2.1115450859069824 1.6958197355270386
2.1444835662841797 1.8310045003890991 1.3540713787078857
2.5744214057922363 2.082629680633545 1.6394808292388916
2.700043201446533 2.3090732097625732 1.6177558898925781
3.9859910011291504 3.744208335876465 3.3332464694976807
4.2076215744018555 4.162459373474121 3.8014655113220215
3.8731913566589355 3.979846477508545 3.6305034160614014
3.350668430328369 3.457493543624878 2.9445607662200928
1.7463254928588867 1.8449821472167969 1.5850766897201538
1.985927939414978 1.716480016708374 1.5927164554595947
3.314577341079712 3.170219659805298 2.600127696990967
3.457942485809326 3.224536418914795 2.3929245471954346
2.540623188018799 2.1911799907684326 1.7307848930358887
3.197939157485962 3.257448196411133 2.9514083862304688
2.2427048683166504 1.9425771236419678 1.7714707851409912
1.7789993286132812 1.7949539422988892 1.6123173236846924
0.9296509027481079 0.6753283143043518 0.5445473194122314
0.7058287858963013 0.5474732518196106 0.4519915282726288
0.7923684120178223 0.6870754361152649 0.6565573811531067
0.7811548113822937 0.6002067923545837 0.5050633549690247
0.959363579750061 0.6922823786735535 0.5500872731208801
2.0015769004821777 1.558024525642395 1.2988615036010742
2.8778626918792725 2.9685347080230713 2.6061272621154785
2.9878501892089844 2.8730533123016357 2.275773286819458
2.5709400177001953 2.3499529361724854 1.8635294437408447
3.180906295776367 3.0152714252471924 2.2968859672546387
3.703437328338623 3.693540096282959 3.180187940597534
3.9340415000915527 3.887829303741455 3.4092020988464355
3.5818095207214355 3.6219913959503174 3.150338649749756
1.4787825345993042 1.1987240314483643 0.9362376928329468
2.0166866779327393 1.6869972944259644 1.2415491342544556
3.328917980194092 3.3447189331054688 2.998706102371216
2.3320298194885254 2.279304027557373 1.6998438835144043
1.9762216806411743 1.4309189319610596 1.0573010444641113
1.9686625003814697 1.5975652933120728 1.162064552307129
2.4770121574401855 2.188103199005127 1.5362635850906372
4.177192687988281 4.047257423400879 3.6018741130828857
4.4279351234436035 4.380578517913818 4.13726282119751
3.9688544273376465 4.089846134185791 3.925485610961914
3.6640052795410156 3.562059164047241 3.039665699005127
2.2525763511657715 2.0968995094299316 2.000185251235962
2.621316909790039 2.427905559539795 1.8728854656219482
3.8106353282928467 3.755120277404785 3.1990199089050293
3.8429667949676514 3.722055673599243 3.0890181064605713
3.667454957962036 3.707399845123291 3.194359302520752
4.021390438079834 3.9024546146392822 3.3831989765167236
3.123969554901123 2.9143917560577393 2.4177751541137695
3.064147472381592 3.087048053741455 2.7568249702453613
1.868162751197815 1.6337707042694092 1.3981481790542603
0.6654959917068481 0.5626807808876038 0.5346716642379761
1.205183982849121 0.93767911195755 0.8196113705635071
1.936781644821167 1.4603955745697021 1.0037784576416016
1.6813395023345947 1.2331355810165405 0.8822494745254517
2.234278917312622 2.0722365379333496 1.5283124446868896
3.0955593585968018 2.648693084716797 2.0228583812713623
1.5439814329147339 1.584184169769287 1.491204023361206
2.3665523529052734 2.063803195953369 1.455237865447998
3.3135509490966797 3.094576597213745 2.382215738296509
3.5655124187469482 3.626493453979492 3.2496204376220703
4.040476322174072 4.022011756896973 3.6007258892059326
3.726527690887451 3.712924003601074 3.3494045734405518
1.7644953727722168 1.6327661275863647 1.214851975440979
1.9466898441314697 1.8737061023712158 1.310590147972107
3.0729331970214844 3.056520938873291 2.4130234718322754
2.663649082183838 2.439178943634033 1.814814805984497
1.7702960968017578 1.3486894369125366 0.9636695981025696
1.5292567014694214 1.1152384281158447 0.8119103312492371
2.8742334842681885 2.6327428817749023 1.8583076000213623
4.201032638549805 4.2525529861450195 4.027144432067871
4.456061363220215 4.448349952697754 4.245110034942627
3.880606174468994 3.8633477687835693 3.5837225914001465
3.198545217514038 3.2966673374176025 2.8909199237823486
2.5746254920959473 2.5390005111694336 2.239042282104492
2.903024196624756 2.878304958343506 2.147984027862549
3.6245646476745605 3.7515106201171875 3.5765938758850098
4.0951948165893555 4.051016330718994 3.5670323371887207
4.1949310302734375 4.148228645324707 3.778674602508545
3.9639315605163574 3.969883441925049 3.4903640747070312
3.6536202430725098 3.688615322113037 3.1687896251678467
3.8268351554870605 3.7983927726745605 3.2724246978759766
2.318721294403076 1.8735978603363037 1.5676021575927734
0.6400824785232544 0.557065486907959 0.4774652421474457
1.5918447971343994 1.29416024684906 1.2205168008804321
3.634681463241577 3.738557815551758 3.327214241027832
4.338552951812744 4.332218170166016 4.097344398498535
3.667513370513916 3.519808292388916 2.9194324016571045
2.907083511352539 2.5886282920837402 1.8288700580596924
1.1523211002349854 0.9708979725837708 0.7919222116470337
1.5090094804763794 1.1548395156860352 0.7639531493186951
3.447453737258911 3.18693208694458 2.2838199138641357
3.8426413536071777 3.9450855255126953 3.525423049926758
3.755402088165283 3.8301825523376465 3.323533535003662
3.8276753425598145 3.948162078857422 3.7123022079467773
2.4413790702819824 1.995125412940979 1.677558422088623
1.9863399267196655 1.9215339422225952 1.4620124101638794
2.77531099319458 2.822986125946045 2.1347787380218506
2.4980967044830322 2.1693477630615234 1.557572841644287
1.611248254776001 1.2293803691864014 0.9159932732582092
1.3604662418365479 0.988910973072052 0.7356829643249512
3.285844326019287 3.123750686645508 2.2687392234802246
4.332932472229004 4.395560264587402 4.20280122756958
4.4815449714660645 4.475437164306641 4.355177879333496
3.9352707862854004 3.9016737937927246 3.3880343437194824
3.5118048191070557 3.5403239727020264 3.030731678009033
3.1397712230682373 2.9910781383514404 2.1605606079101562
3.0778603553771973 2.809116840362549 1.9455169439315796
3.673335313796997 3.5627858638763428 2.8342158794403076
3.8381400108337402 3.9431769847869873 3.5337395668029785
3.978050947189331 3.831453800201416 3.188450336456299
3.574906826019287 3.609074354171753 3.021362781524658
3.8244946002960205 3.978623151779175 3.6433420181274414
3.67783784866333 3.3404507637023926 2.6593518257141113
2.7852492332458496 2.6035284996032715 1.9609724283218384
1.2422994375228882 1.1091814041137695 0.9612222909927368
1.7266511917114258 1.3611501455307007 1.0528514385223389
3.4678761959075928 3.288609027862549 2.6844255924224854
4.417007923126221 4.454241752624512 4.247232913970947
4.35358190536499 4.2559309005737305 3.979844570159912
3.853726863861084 3.647995948791504 2.9758810997009277
1.873792052268982 1.8007088899612427 1.4914668798446655
1.411785364151001 1.265215516090393 0.9310503005981445
3.4794366359710693 3.5121662616729736 2.8235018253326416
4.229062080383301 4.26649808883667 4.03285026550293
4.001981735229492 4.047486305236816 3.6809921264648438
3.77146577835083 3.864377498626709 3.580059766769409
1.9031286239624023 1.6627459526062012 1.1777840852737427
1.221509575843811 1.1742099523544312 1.0219242572784424
2.871894598007202 2.5652432441711426 2.091066360473633
2.0174548625946045 1.9680362939834595 1.4715259075164795
1.2939980030059814 1.015805959701538 0.7827025651931763
1.4589077234268188 1.2674882411956787 0.8883228898048401
3.1146810054779053 3.0281476974487305 2.302198886871338
4.005321979522705 4.053801536560059 3.6954410076141357
4.266689300537109 4.298181056976318 4.030240058898926
3.2775638103485107 3.2407071590423584 2.6006948947906494
2.9995226860046387 3.0018365383148193 2.6063389778137207
3.1524593830108643 2.8942294120788574 2.1107430458068848
2.7720139026641846 2.4758448600769043 1.7110475301742554
3.1438345909118652 2.707934856414795 1.8279402256011963
3.206815719604492 3.10286545753479 2.1573214530944824
2.7889328002929688 2.42797589302063 2.0758023262023926
3.2348341941833496 3.040523052215576 2.4341423511505127
4.261289596557617 4.240100860595703 3.8562121391296387
3.3803939819335938 3.002232789993286 2.237349033355713
2.8134312629699707 2.407665729522705 1.6834521293640137
1.5180799961090088 1.4315080642700195 1.065076470375061
1.4193745851516724 1.0571836233139038 0.8820118308067322
2.3121800422668457 2.1034700870513916 1.650956392288208
4.006728649139404 3.9297890663146973 3.331343173980713
4.316692352294922 4.171765327453613 3.801778554916382
3.4111201763153076 3.5172479152679443 2.954118251800537
1.5503120422363281 1.527212381362915 1.2943906784057617
1.6521159410476685 1.4623209238052368 1.174451470375061
3.4751992225646973 3.552025556564331 3.06441068649292
4.244568824768066 4.269522190093994 3.9517974853515625
4.3456621170043945 4.30482292175293 4.092280864715576
3.7421529293060303 3.8102283477783203 3.452378988265991
1.6380350589752197 1.3590633869171143 0.9306560754776001
0.9933473467826843 0.9021075367927551 0.7992925047874451
2.238110065460205 2.2447056770324707 1.6236985921859741
2.199524402618408 2.191397190093994 1.813500165939331
1.338402509689331 1.3459910154342651 1.1074965000152588
1.9902496337890625 1.7639909982681274 1.2520942687988281
2.973422050476074 2.8353872299194336 2.1601266860961914
3.595827579498291 3.678187847137451 3.156369686126709
3.7893688678741455 3.8434839248657227 3.510922908782959
2.277117967605591 2.2584407329559326 2.0437374114990234
2.807340621948242 2.800999879837036 2.0259881019592285
3.4228382110595703 3.235229015350342 2.4675302505493164
2.413931131362915 2.229619264602661 1.8286782503128052
2.6610941886901855 2.297457695007324 1.520395040512085
2.358269214630127 2.103790044784546 1.3633909225463867
2.478178024291992 2.1024348735809326 1.9221155643463135
3.7655704021453857 3.776289701461792 3.3033688068389893
4.0774922370910645 4.089480400085449 3.672757863998413
2.9749362468719482 2.4956040382385254 1.8294203281402588
2.2743310928344727 1.853088617324829 1.4966461658477783
1.640246868133545 1.6179782152175903 1.3230727910995483
1.3544846773147583 0.964275062084198 0.735376238822937
2.0953800678253174 1.6868715286254883 1.348064661026001
3.8734889030456543 3.7167789936065674 3.1562345027923584
3.2398898601531982 3.2063181400299072 2.293586254119873
1.1760212182998657 1.1240992546081543 0.9680420160293579
0.8940173387527466 0.8353652954101562 0.7779827117919922
1.7107270956039429 1.6626317501068115 1.4716222286224365
3.173233985900879 3.206606388092041 2.786343574523926
3.8543527126312256 3.9426217079162598 3.734926223754883
4.3800859451293945 4.365231513977051 4.101883888244629
4.108986854553223 4.113317489624023 3.7047574520111084
1.9052718877792358 1.7746003866195679 1.4471712112426758
1.6130213737487793 1.4360159635543823 1.1038627624511719
2.5468032360076904 2.5118775367736816 1.766859769821167
2.8671622276306152 2.9116196632385254 2.5175349712371826
2.7256288528442383 2.621718406677246 2.3260605335235596
2.4183449745178223 2.3139469623565674 1.9541194438934326
3.7366251945495605 3.801842451095581 3.367794990539551
4.0902252197265625 4.1097588539123535 3.8340535163879395
4.028295040130615 3.9734458923339844 3.479339599609375
2.7779831886291504 2.5803043842315674 2.118650197982788
3.677067518234253 3.59731388092041 2.9655544757843018
3.8688225746154785 3.8719253540039062 3.3780641555786133
2.346266984939575 2.4594218730926514 1.819954514503479
1.82168447971344 1.4655576944351196 1.248710036277771
2.3561019897460938 2.1958999633789062 1.5651299953460693
2.9053425788879395 2.7942113876342773 2.4061341285705566
2.092017412185669 1.9876835346221924 1.7770882844924927
2.312103748321533 1.9993289709091187 1.443116545677185
3.1700947284698486 2.6826601028442383 1.8600876331329346
2.7627041339874268 2.208648204803467 1.5851389169692993
1.7913844585418701 1.4656999111175537 1.054402232170105
1.5495669841766357 1.2105739116668701 0.9913694262504578
1.502239465713501 1.0755397081375122 0.8136298060417175
2.5695247650146484 2.213010787963867 1.5590574741363525
2.943214178085327 2.684699058532715 2.1260805130004883
2.0551555156707764 2.093193531036377 1.3921303749084473
1.3814271688461304 1.2512001991271973 1.2193199396133423
2.1345629692077637 2.116753101348877 1.9056675434112549
2.652282238006592 2.5564920902252197 2.116750717163086
3.823133945465088 3.8379364013671875 3.468698263168335
4.366212368011475 4.390646934509277 4.215327262878418
4.117903709411621 4.170034885406494 3.930708408355713
2.6653835773468018 2.610877513885498 1.7877857685089111
2.1443517208099365 2.224565029144287 1.6367008686065674
3.295152187347412 3.315683364868164 2.637559413909912
2.7979893684387207 2.9523777961730957 2.3358492851257324
2.476952314376831 2.531010866165161 1.8731857538223267
2.5833449363708496 2.5347516536712646 2.0918726921081543
2.2366671562194824 2.057575225830078 1.502780795097351
2.703364610671997 2.6739039421081543 1.9345133304595947
3.008629560470581 3.0721993446350098 2.1933083534240723
1.7130670547485352 1.638592004776001 1.213260531425476
2.9274542331695557 2.932713270187378 2.0177133083343506
3.1426806449890137 3.175421714782715 2.4177322387695312
1.5678714513778687 1.3010838031768799 1.0673882961273193
1.6387602090835571 1.5503038167953491 1.0922337770462036
3.3284103870391846 3.4190139770507812 2.795818328857422
2.09075665473938 1.9630645513534546 1.6338465213775635
0.8521947264671326 0.7716559767723083 0.6893454790115356
1.3724652528762817 1.0360920429229736 0.8418260812759399
3.288121461868286 2.8769431114196777 2.1772899627685547
2.9745466709136963 2.8337771892547607 2.0625858306884766
1.5584681034088135 1.4418542385101318 1.3495690822601318
1.4985078573226929 1.262462854385376 0.8616461753845215
1.2924553155899048 0.9253199696540833 0.6740819215774536
2.070645570755005 1.9696969985961914 1.5123894214630127
2.601081371307373 2.4505789279937744 1.9388424158096313
2.4946835041046143 2.0237555503845215 1.3447957038879395
1.8308641910552979 1.5757606029510498 1.0257999897003174
2.657231569290161 2.7360684871673584 1.8925464153289795
2.919065237045288 2.9912731647491455 2.07323956489563
4.183202266693115 4.013916015625 3.592329502105713
4.254767417907715 4.229842185974121 3.9008052349090576
3.811652660369873 3.7742056846618652 3.238574981689453
2.007519006729126 1.919507622718811 1.692400574684143
2.1430890560150146 1.9742943048477173 1.5574665069580078
3.2928929328918457 3.19566011428833 2.224273681640625
2.3112967014312744 2.113219976425171 1.6181917190551758
1.1365597248077393 1.1478033065795898 1.11026930809021
2.9122087955474854 2.727834939956665 2.070282459259033
2.5005574226379395 2.3726658821105957 1.6969503164291382
1.4497429132461548 1.4916943311691284 1.097174048423767
1.272240400314331 1.2858926057815552 1.195111870765686
0.781609833240509 0.7302239537239075 0.6413416266441345
1.5464439392089844 1.5504859685897827 1.257768988609314
1.7458299398422241 1.72664213180542 1.5326025485992432
1.1067365407943726 1.0629627704620361 0.947818398475647
2.604020357131958 2.65816330909729 2.3262667655944824
2.5404858589172363 2.4157588481903076 2.0112404823303223
0.7889375686645508 0.6435548067092896 0.5327984094619751
1.2215253114700317 0.8729762434959412 0.6900556087493896
1.7185554504394531 1.2098228931427002 0.8976866602897644
3.0430760383605957 2.5059757232666016 1.7343727350234985
3.234593629837036 3.058811664581299 2.1986827850341797
1.2750054597854614 1.239165186882019 1.112311601638794
1.008070945739746 0.8902086615562439 0.6713274717330933
0.8767762184143066 0.7027570009231567 0.6003297567367554
0.9808109402656555 0.9210454225540161 0.9066612124443054
1.4150192737579346 1.3135966062545776 1.0922523736953735
1.8122594356536865 1.3211756944656372 0.9658021926879883
2.633012294769287 2.253296375274658 1.5200252532958984
3.064988613128662 2.8404152393341064 2.256589651107788
3.0947842597961426 3.1300253868103027 2.3285293579101562
3.696345567703247 3.706056833267212 3.187263011932373
4.060405731201172 3.9808266162872314 3.4746670722961426
3.7179598808288574 3.5807576179504395 2.9044406414031982
1.6728770732879639 1.5176599025726318 1.126075029373169
1.4372164011001587 1.234829068183899 0.874240517616272
2.974670648574829 2.9989981651306152 2.2726616859436035
1.8278049230575562 1.8497034311294556 1.5732791423797607
0.9760087132453918 0.9695774912834167 0.8216378092765808
1.760831594467163 1.8126075267791748 1.3111112117767334
1.6725167036056519 1.534400463104248 1.0897583961486816
1.7263808250427246 1.4008843898773193 1.0114344358444214
1.4994109869003296 1.3739815950393677 1.1172916889190674
0.9418041110038757 0.8692858219146729 0.7396048903465271
1.1106668710708618 1.0196095705032349 0.8034566044807434
1.5066423416137695 1.478630542755127 1.410989761352539
3.015312910079956 2.9289441108703613 2.34222412109375
2.746711254119873 2.730926990509033 2.20880389213562
0.9233354330062866 0.7798051834106445 0.6212839484214783
1.1139576435089111 0.8446378707885742 0.6760447025299072
1.7864505052566528 1.2886762619018555 1.0077855587005615
2.218627452850342 1.6596235036849976 1.1246068477630615
2.7554707527160645 2.8382086753845215 1.909655213356018
3.325321912765503 3.266486644744873 2.5445847511291504
1.8029863834381104 1.6833158731460571 1.3381783962249756
1.1465182304382324 0.8257455825805664 0.6145954132080078
1.0369075536727905 0.9066352844238281 0.7026911377906799
0.7900760173797607 0.6058515310287476 0.482445627450943
1.3177942037582397 1.1451905965805054 0.7822898030281067
2.0202271938323975 1.6076258420944214 1.061542272567749
2.150790214538574 1.8226605653762817 1.4180879592895508
2.220972776412964 1.9851505756378174 1.3761708736419678
2.5365214347839355 2.18007230758667 1.4418987035751343
2.4733970165252686 2.326263666152954 1.8193418979644775
3.194868326187134 3.127850294113159 2.2331225872039795
3.074002742767334 3.062429428100586 2.321044445037842
1.5022979974746704 1.381194829940796 0.9593514204025269
1.1764581203460693 0.866618812084198 0.6566234230995178
2.5099849700927734 2.5470287799835205 2.0580620765686035
2.214081287384033 2.359184741973877 1.9376529455184937
1.370701789855957 1.2488343715667725 0.9805817604064941
1.9606523513793945 1.866627812385559 1.2992275953292847
2.1376521587371826 2.058699131011963 1.4089887142181396
1.8557345867156982 1.6331031322479248 1.116759181022644
2.137173652648926 1.8324757814407349 1.1668561697006226
1.8289425373077393 1.7589442729949951 1.3688032627105713
2.0314412117004395 1.9330307245254517 1.6950347423553467
2.571782112121582 2.674861192703247 1.8674840927124023
2.9898507595062256 2.991671323776245 2.558166027069092
1.337791085243225 1.1711957454681396 0.8181217908859253
1.0807634592056274 0.9689763784408569 0.7136350274085999
1.5332834720611572 1.121265172958374 0.8362387418746948
2.4365038871765137 1.9737704992294312 1.3211195468902588
2.615321636199951 2.392484188079834 1.7336914539337158
2.606933116912842 2.521087646484375 2.2142345905303955
2.843639612197876 2.9470608234405518 2.1681416034698486
1.5229361057281494 1.4122154712677002 1.1143089532852173
1.1842055320739746 1.1940455436706543 1.026216745376587
1.5826116800308228 1.3447985649108887 0.9467798471450806
1.0988142490386963 0.9911206960678101 0.8235631585121155
2.248732089996338 2.1672861576080322 1.3742433786392212
1.9518123865127563 1.932281494140625 1.561333417892456
2.386692523956299 2.384783983230591 1.699566125869751
2.2042877674102783 2.2900896072387695 1.947267770767212
1.893510103225708 1.8179662227630615 1.2543973922729492
1.3357946872711182 1.0859934091567993 0.7532793283462524
2.1180315017700195 1.941290259361267 1.304337739944458
2.2875194549560547 2.2294278144836426 1.7517931461334229
1.4602735042572021 1.4576424360275269 1.2017289400100708
0.8089046478271484 0.729948878288269 0.6569676399230957
1.9244035482406616 1.9713999032974243 1.3740060329437256
2.1253857612609863 1.985398292541504 1.629560112953186
1.2150276899337769 1.073251485824585 0.8443499207496643
2.0256755352020264 2.077299118041992 1.7607771158218384
2.4371142387390137 2.3135995864868164 1.659838080406189
1.535866379737854 1.3560998439788818 0.9159682393074036
1.9547666311264038 1.9847400188446045 1.4132201671600342
2.343414783477783 2.297691822052002 1.6420300006866455
2.042052745819092 2.1285572052001953 1.9360601902008057
1.9087010622024536 1.820542335510254 1.592177391052246
1.4493286609649658 1.2912075519561768 1.004913091659546
1.3161903619766235 0.9535213708877563 0.6883805394172668
1.8932082653045654 1.507097840309143 1.0799663066864014
2.0712246894836426 1.693415880203247 1.0579363107681274
2.5105693340301514 2.116732597351074 1.4292519092559814
2.315822124481201 2.2658329010009766 1.9457759857177734
2.5633254051208496 2.719085216522217 1.8474229574203491
3.14845609664917 2.9000394344329834 2.215808391571045
2.124161958694458 2.137409210205078 1.4711552858352661
2.1200718879699707 1.8142091035842896 1.282465934753418
1.9143569469451904 1.7220346927642822 1.2006205320358276
1.7754440307617188 1.6150435209274292 1.139779806137085
2.478431224822998 2.3603973388671875 1.6229506731033325
2.1903278827667236 2.037646532058716 1.6464802026748657
2.3598227500915527 2.166719436645508 1.4772660732269287
2.3012096881866455 2.3261234760284424 1.5962088108062744
1.3170617818832397 1.2106494903564453 0.9324143528938293
0.9549335241317749 0.755328357219696 0.5904363393783569
1.1926606893539429 0.9583457112312317 0.673417866230011
1.6859071254730225 1.4900442361831665 1.0224974155426025
1.171553611755371 1.037527322769165 0.8472262024879456
0.9485048055648804 0.8271666765213013 0.6215302348136902
1.7524092197418213 1.7874430418014526 1.3640210628509521
2.412360429763794 2.2423365116119385 1.8409430980682373
1.3017630577087402 1.1389466524124146 0.914849579334259
1.9605213403701782 1.9071271419525146 1.4977343082427979
2.2484328746795654 2.190018892288208 1.7061612606048584
1.7346270084381104 1.637731909751892 1.3162256479263306
2.119274377822876 2.233703136444092 1.5103256702423096
2.3820786476135254 2.167931079864502 1.5774767398834229
1.990549087524414 1.6434918642044067 1.2719194889068604
1.4204022884368896 1.4292347431182861 1.2706785202026367
1.6308845281600952 1.5484402179718018 1.1586833000183105
2.2790660858154297 1.9498684406280518 1.285224199295044
2.5227770805358887 2.2053658962249756 1.4368760585784912
2.1201751232147217 1.917162299156189 1.2888767719268799
2.0820868015289307 2.1137142181396484 1.762104868888855
2.4274449348449707 2.45582914352417 1.8414515256881714
2.868220806121826 2.839409351348877 2.1880931854248047
2.6562399864196777 2.6684815883636475 2.2331249713897705
2.4099020957946777 2.506943702697754 1.7585636377334595
2.275263786315918 2.194636344909668 1.7919023036956787
2.4364829063415527 2.3563547134399414 1.940413236618042
2.252070188522339 2.229529857635498 1.5197036266326904
2.9618701934814453 3.0058541297912598 2.2676572799682617
2.901395559310913 2.906390428543091 2.273101329803467
2.636213541030884 2.6034369468688965 1.825609564781189
2.7370944023132324 2.6917948722839355 2.184382915496826
1.903259038925171 1.8802001476287842 1.3225362300872803
1.5690099000930786 1.1736811399459839 0.9073389768600464
1.7511050701141357 1.3857508897781372 0.9252451062202454
2.089587688446045 1.7845284938812256 1.1857452392578125
1.7786738872528076 1.7119827270507812 1.2270742654800415
1.6966502666473389 1.582697868347168 1.2374143600463867
2.8216323852539062 2.7998194694519043 2.236046314239502
3.0830862522125244 3.0085196495056152 2.411940813064575
2.102623224258423 1.9396432638168335 1.4392865896224976
2.3300318717956543 2.0587944984436035 1.4438585042953491
2.51991605758667 2.3904659748077393 1.7643630504608154
2.813788890838623 2.7975211143493652 1.8913236856460571
2.8732151985168457 2.810058116912842 2.253058910369873
2.781639575958252 2.6016316413879395 1.9502918720245361
2.935568332672119 2.695894956588745 1.9919363260269165
2.9457297325134277 2.7048192024230957 1.8042010068893433
2.824009656906128 2.4010939598083496 1.6080716848373413
3.195953369140625 2.905609607696533 1.9734466075897217
3.2528743743896484 3.0680716037750244 2.2688181400299072
2.8242440223693848 2.9096481800079346 1.9798336029052734
2.970146656036377 3.063450336456299 2.0991597175598145
3.475541353225708 3.5533902645111084 2.990462064743042
3.381361961364746 3.1579906940460205 2.430352210998535
2.8046727180480957 2.5785446166992188 1.8133671283721924
3.0927891731262207 2.7690463066101074 1.967856764793396
2.847989797592163 2.8577005863189697 2.0082602500915527
2.908339262008667 2.949293851852417 1.9418071508407593
2.82393217086792 2.453324317932129 1.6624888181686401
3.4979920387268066 3.424832344055176 2.9179065227508545
3.6742873191833496 3.5667824745178223 3.0264034271240234
3.352935314178467 3.387816905975342 2.7719428539276123
2.9872970581054688 2.9736218452453613 2.2272708415985107
2.7829678058624268 2.6198034286499023 1.833411693572998
2.829209804534912 2.7269229888916016 1.937251091003418
3.1201841831207275 2.910512685775757 2.039726734161377
2.756743907928467 2.382542133331299 1.576438546180725
3.0931358337402344 3.1039154529571533 2.1444485187530518
3.1425764560699463 3.1538867950439453 2.510740041732788
3.5710806846618652 3.6302058696746826 3.0407567024230957
3.8818233013153076 3.8604137897491455 3.2309329509735107
2.701144218444824 2.622450351715088 1.7990666627883911
2.632472515106201 2.379242420196533 1.6352007389068604
2.627213478088379 2.4127326011657715 1.8330141305923462
3.273158550262451 3.165809154510498 2.4216322898864746
3.542202949523926 3.5355801582336426 2.9081578254699707
3.395077705383301 3.3623287677764893 2.6873667240142822
3.7891745567321777 3.6752047538757324 2.9755427837371826
3.3712964057922363 3.215791702270508 2.335088014602661
2.5305697917938232 2.2866170406341553 1.7155892848968506
3.3789010047912598 3.0608792304992676 2.272296190261841
3.6699132919311523 3.543837070465088 2.864668607711792
3.2841248512268066 3.1994082927703857 2.4142448902130127
3.734165668487549 3.653207778930664 2.934502124786377
3.5221993923187256 3.31723690032959 2.5733799934387207
2.3943867683410645 2.35507869720459 1.5805561542510986
2.676177501678467 2.642613172531128 1.9812772274017334
3.176811695098877 3.087829113006592 2.423428535461426
3.021244525909424 3.0463695526123047 2.1701297760009766
3.0679636001586914 3.098017692565918 2.270726442337036
2.8974056243896484 2.526733875274658 1.8546316623687744
3.4412007331848145 3.422868490219116 2.698497772216797
3.7942469120025635 3.622262477874756 2.934671401977539
3.4071364402770996 3.28183650970459 2.401197910308838
2.9227182865142822 2.89347243309021 2.0973434448242188
3.2090189456939697 2.8787057399749756 1.939728021621704
3.2709922790527344 3.010258197784424 2.2320430278778076
3.050959348678589 2.8098247051239014 1.9586904048919678
3.0472357273101807 2.598597526550293 1.8933932781219482
3.586308002471924 3.5017521381378174 2.769376039505005
3.9337730407714844 3.7971129417419434 3.233699083328247
4.126921653747559 4.154738426208496 3.8289458751678467
3.746168613433838 3.7235052585601807 3.116894245147705
3.2387938499450684 3.0381062030792236 2.2357308864593506
3.1259021759033203 2.929795265197754 2.0999181270599365
2.748889923095703 2.7002038955688477 2.085714817047119
3.839237689971924 3.7894742488861084 3.158658981323242
3.5638043880462646 3.634718179702759 3.1292548179626465
3.531867265701294 3.3484580516815186 2.722236156463623
3.2341599464416504 3.1715714931488037 2.5240042209625244
3.2604739665985107 2.9884250164031982 2.0101358890533447
2.682016134262085 2.5456759929656982 1.78925621509552
3.390984296798706 3.366490602493286 2.638481616973877
3.5651302337646484 3.4380135536193848 2.8099782466888428
2.9915356636047363 2.8787460327148438 2.063594341278076
3.064253807067871 3.0608925819396973 2.187220573425293
3.1108901500701904 3.1110026836395264 2.197754383087158
2.782824993133545 2.8139259815216064 1.937087059020996
2.9369029998779297 2.946474552154541 2.1659576892852783
3.137491464614868 3.16393780708313 2.4138846397399902
3.1803760528564453 2.9709630012512207 2.0831313133239746
3.0205066204071045 2.951683521270752 2.0949511528015137
3.3412156105041504 3.158137798309326 2.387333631515503
3.64500093460083 3.4866855144500732 2.792746067047119
3.5710017681121826 3.2784016132354736 2.571770191192627
2.7430553436279297 2.6514945030212402 2.022798776626587
2.478433847427368 2.462514877319336 1.7226980924606323
2.774736166000366 2.8417797088623047 1.9706776142120361
2.695223808288574 2.744584560394287 1.8978809118270874
2.4948182106018066 2.5894930362701416 1.8922970294952393
2.9106814861297607 2.817148208618164 2.0383009910583496
3.2902426719665527 3.2540383338928223 2.4979617595672607
3.7725367546081543 3.6844308376312256 2.986210346221924
3.909682035446167 3.9634175300598145 3.6249618530273438
