0.08351305028807221

0.13400204479694366 0.1981416642665863
0.12886014580726624 0.24630749225616455
0.0983184427022934 0.29821524024009705
0.141727477312088 0.32622483372688293
0.09652011096477509 0.35218408703804016
0.14550381898880005 0.3814642131328583
0.07725858688354492 0.3935418426990509
0.11412539333105087 0.4072614014148712
0.07865697145462036 0.4293375313282013
0.10462655127048492 0.4337347149848938
0.0689912736415863 0.4673404097557068
0.11144796013832092 0.4590962529182434
0.09508583694696426 0.4835503399372101
0.10632064193487167 0.5022912621498108
0.0661214217543602 0.5051395893096924
0.08176245540380478 0.5238029956817627
0.10314958542585373 0.5234686136245728
0.09076792001724243 0.540033757686615
0.06406567990779877 0.5476586222648621
0.09535105526447296 0.5622333884239197
0.07228212803602219 0.5639804005622864
0.0772877186536789 0.5745431780815125
0.08322955667972565 0.5832294821739197
0.06319691240787506 0.5915910005569458
0.07450305670499802 0.6147809028625488
0.09366195648908615 0.6339999437332153
0.06868253648281097 0.6415169835090637
0.09566009044647217 0.6572824120521545
0.07749541848897934 0.6741665005683899
0.08644601702690125 0.7007045149803162
0.09163402020931244 0.7407839894294739
0.14065495133399963 0.7971185445785522
0.2247527539730072 0.19845445454120636
0.20659317076206207 0.25049474835395813
0.176041379570961 0.28240010142326355
0.1882239580154419 0.31555360555648804
0.1654839664697647 0.35034623742103577
0.1785329282283783 0.37077435851097107
0.1734296828508377 0.4001845717430115
0.15221267938613892 0.40424996614456177
0.13822311162948608 0.4194260239601135
0.16460250318050385 0.42820271849632263
0.16167281568050385 0.44714829325675964
0.13267074525356293 0.44716981053352356
0.1459643691778183 0.4655011296272278
0.1235341876745224 0.4784124195575714
0.13692261278629303 0.48807382583618164
0.1360214501619339 0.5096461772918701
0.12227002531290054 0.5142505764961243
0.11542036384344101 0.5297772884368896
0.12788836658000946 0.5366290807723999
0.11346818506717682 0.550994336605072
0.1153862476348877 0.5759767293930054
0.10008131712675095 0.581874668598175
0.1048760786652565 0.596107006072998
0.12119026482105255 0.6067958474159241
0.09536422044038773 0.6113594770431519
0.10814078152179718 0.6392112374305725
0.12729160487651825 0.63232421875
0.11404744535684586 0.6582399606704712
0.10405784100294113 0.6838654279708862
0.12916402518749237 0.6985076069831848
0.10898731648921967 0.7207411527633667
0.1511828750371933 0.7345853447914124
0.24137228727340698 0.13213784992694855
0.23820261657238007 0.2633555829524994
0.2209533005952835 0.29933619499206543
0.2306850403547287 0.3299614191055298
0.20227296650409698 0.34864893555641174
0.21979637444019318 0.3575434982776642
0.2067151963710785 0.37819287180900574
0.1985294669866562 0.3970096707344055
0.18490085005760193 0.4134104549884796
0.19398999214172363 0.42723965644836426
0.18497353792190552 0.44202613830566406
0.1805003583431244 0.45978793501853943
0.16696783900260925 0.4701066315174103
0.17729586362838745 0.4773077964782715
0.15634216368198395 0.48497435450553894
0.16909612715244293 0.5068351626396179
0.15370547771453857 0.5073460340499878
0.1464352011680603 0.5217241048812866
0.1414451152086258 0.5413556098937988
0.1511472761631012 0.5526154637336731
0.13461075723171234 0.5648084282875061
0.14454446732997894 0.5769816637039185
0.12683287262916565 0.5833482146263123
0.13947515189647675 0.6003681421279907
0.142521470785141 0.6102635264396667
0.15059834718704224 0.6195293068885803
0.13304230570793152 0.6480864882469177
0.1565568745136261 0.6735029816627502
0.13708332180976868 0.6749693155288696
0.15492179989814758 0.6975545883178711
0.19528993964195251 0.726144552230835
0.1799079328775406 0.7696130871772766
0.2962794005870819 0.19081705808639526
0.2656386196613312 0.22654488682746887
0.2623327672481537 0.28243422508239746
0.24725933372974396 0.31157031655311584
0.25227898359298706 0.3366590142250061
0.2441663295030594 0.36052069067955017
0.230825737118721 0.37767937779426575
0.23819230496883392 0.4026610851287842
0.2177264243364334 0.40264612436294556
0.22807419300079346 0.42556867003440857
0.2158268839120865 0.4256633222103119
0.21199169754981995 0.44679659605026245
0.20381546020507812 0.4563504457473755
0.1990070790052414 0.4697665274143219
0.19498005509376526 0.48350760340690613
0.17911499738693237 0.49137964844703674
0.18894076347351074 0.5014961957931519
0.18009571731090546 0.5215210318565369
0.15953713655471802 0.5299431085586548
0.1703105866909027 0.5353221297264099
0.17569240927696228 0.559047520160675
0.17226526141166687 0.5829862952232361
0.15302665531635284 0.5926530361175537
0.16608977317810059 0.5981014966964722
0.17119432985782623 0.6110617518424988
0.15957233309745789 0.6438866257667542
0.18501250445842743 0.6356938481330872
0.1888248473405838 0.6539342999458313
0.1956547200679779 0.6809443831443787
0.22250673174858093 0.7093964219093323
0.21878306567668915 0.753045916557312
0.20787298679351807 0.8418857455253601
0.3055603504180908 0.22125399112701416
0.28706905245780945 0.2584124207496643
0.2903923988342285 0.2884198725223541
0.27798646688461304 0.31136927008628845
0.28095000982284546 0.33171144127845764
0.27197837829589844 0.3484765589237213
0.26240289211273193 0.3699154555797577
0.2592713236808777 0.38618454337120056
0.25767457485198975 0.40083444118499756
0.24494192004203796 0.4209020435810089
0.2548409104347229 0.42848655581474304
0.2364819496870041 0.44100603461265564
0.22895856201648712 0.4502626657485962
0.21887196600437164 0.46132761240005493
0.23480673134326935 0.4691227078437805
0.2128060907125473 0.4826774001121521
0.2128649353981018 0.4971751868724823
0.20291858911514282 0.5109010338783264
0.19230446219444275 0.5276224613189697
0.19100292026996613 0.5431752800941467
0.20621664822101593 0.5531814694404602
0.18718336522579193 0.5635078549385071
0.21197257936000824 0.5747434496879578
0.19683432579040527 0.5850109457969666
0.19865639507770538 0.6074817180633545
0.21241651475429535 0.630730390548706
0.2240966111421585 0.6477779150009155
0.2367095649242401 0.6716724038124084
0.24262294173240662 0.6971584558486938
0.2512647211551666 0.7239952087402344
0.24365416169166565 0.7664934396743774
0.24936217069625854 0.8013582825660706
0.3358389437198639 0.18139305710792542
0.31924405694007874 0.2436058521270752
0.3096446096897125 0.27088242769241333
0.30745604634284973 0.30120739340782166
0.3059420585632324 0.3414670526981354
0.2910500168800354 0.35233327746391296
0.3002777099609375 0.36802661418914795
0.292692095041275 0.3825300633907318
0.2803514301776886 0.3940644860267639
0.2800281345844269 0.4150053858757019
0.2653612196445465 0.41018813848495483
0.2738596498966217 0.43137216567993164
0.24967631697654724 0.44165390729904175
0.24258869886398315 0.4543079435825348
0.25751131772994995 0.45743927359580994
0.24949020147323608 0.4759291112422943
0.2417469322681427 0.4914921820163727
0.23601919412612915 0.5122011303901672
0.22290067374706268 0.5240030288696289
0.22593316435813904 0.5378509163856506
0.23482052981853485 0.5511264204978943
0.23796480894088745 0.5671314001083374
0.2492823749780655 0.5856245756149292
0.22683022916316986 0.5989181995391846
0.24252431094646454 0.6186902523040771
0.2715599536895752 0.6199498176574707
0.2601335942745209 0.6545761823654175
0.2642744481563568 0.6769106984138489
0.2749449908733368 0.704142153263092
0.2824244201183319 0.7287248373031616
0.2794042229652405 0.769172728061676
0.28020814061164856 0.8409023880958557
0.3399869501590729 0.12324313819408417
0.35226109623908997 0.23561958968639374
0.3345181345939636 0.27968570590019226
0.3273593783378601 0.30265307426452637
0.34251099824905396 0.3253277838230133
0.31612521409988403 0.3244381248950958
0.32398107647895813 0.348793089389801
0.32310062646865845 0.3704436719417572
0.31056398153305054 0.39227357506752014
0.30818623304367065 0.4006049931049347
0.3015362024307251 0.4119901955127716
0.29667967557907104 0.42409372329711914
0.2870776951313019 0.43556609749794006
0.27645143866539 0.44572827219963074
0.28070002794265747 0.4625500738620758
0.270306259393692 0.4808657467365265
0.25911232829093933 0.49838677048683167
0.27497610449790955 0.4936280846595764
0.24769119918346405 0.526192843914032
0.26688268780708313 0.5312384963035583
0.2612764835357666 0.5543252825737
0.2856558561325073 0.5602270364761353
0.28558993339538574 0.5788872838020325
0.2704440951347351 0.5997745394706726
0.28235432505607605 0.6381203532218933
0.3041034936904907 0.632778525352478
0.29538288712501526 0.6629559993743896
0.3050260841846466 0.6835777163505554
0.303128719329834 0.7101943492889404
0.3154164254665375 0.75135338306427
0.32344016432762146 0.7749824523925781
0.3040243685245514 0.8067100644111633
0.36530572175979614 0.2046915590763092
0.3705594539642334 0.2526857256889343
0.3457590639591217 0.26309120655059814
0.36353182792663574 0.2846730351448059
0.3548879623413086 0.30252429842948914
0.35306277871131897 0.34428519010543823
0.33509892225265503 0.3573468327522278
0.34251466393470764 0.37325766682624817
0.33622094988822937 0.38368868827819824
0.315875768661499 0.4052448570728302
0.33368980884552 0.39975595474243164
0.3184569180011749 0.42261838912963867
0.31864413619041443 0.4398404359817505
0.3069815933704376 0.4514895975589752
0.2971947193145752 0.4703788459300995
0.311092346906662 0.47606372833251953
0.2933517396450043 0.49198558926582336
0.2946019172668457 0.5176204442977905
0.3207411766052246 0.5132597088813782
0.31066688895225525 0.5420775413513184
0.2827257812023163 0.5355497002601624
0.3253927230834961 0.5737301707267761
0.3064979910850525 0.5901471972465515
0.3155471384525299 0.6100534200668335
0.33227986097335815 0.6208564043045044
0.3166514039039612 0.6465491652488708
0.3395998477935791 0.6597160696983337
0.32997316122055054 0.6809061765670776
0.3257554769515991 0.7051063776016235
0.33854109048843384 0.7348450422286987
0.3511546552181244 0.7712817192077637
0.338433176279068 0.8094767332077026
0.38665908575057983 0.16129176318645477
0.3776059150695801 0.2237938493490219
0.3851073384284973 0.2779577970504761
0.37345898151397705 0.3000778555870056
0.36440348625183105 0.3213186264038086
0.37040191888809204 0.33844250440597534
0.36702340841293335 0.3548547327518463
0.36100834608078003 0.3643361032009125
0.36114078760147095 0.38278234004974365
0.3480982482433319 0.3904866576194763
0.35839441418647766 0.40447041392326355
0.3410382866859436 0.4112202227115631
0.3429065942764282 0.4286251962184906
0.3422892093658447 0.4442295432090759
0.32710281014442444 0.45263516902923584
0.3365926742553711 0.47293445467948914
0.34999144077301025 0.487851619720459
0.3260102868080139 0.5006709694862366
0.3456670939922333 0.5161118507385254
0.3370873034000397 0.5436363816261292
0.34223315119743347 0.556667149066925
0.3390914499759674 0.5768521428108215
0.33483490347862244 0.5970249772071838
0.3532567024230957 0.582895815372467
0.34609490633010864 0.6175398826599121
0.3537910282611847 0.6472178101539612
0.3671938478946686 0.6707372665405273
0.3539561927318573 0.6970067024230957
0.3610377013683319 0.7224743962287903
0.367887943983078 0.7467512488365173
0.36627861857414246 0.8032119274139404
0.35192325711250305 0.8561030030250549
0.40959298610687256 0.1952708661556244
0.39982762932777405 0.23883770406246185
0.39717787504196167 0.2641966640949249
0.4028612971305847 0.29579439759254456
0.38814154267311096 0.3198736011981964
0.4004283547401428 0.3241181969642639
0.3929985463619232 0.3505665361881256
0.38307368755340576 0.3619004189968109
0.37847331166267395 0.3770468533039093
0.37403687834739685 0.38741758465766907
0.37377431988716125 0.3964749276638031
0.3676285743713379 0.41509976983070374
0.36644813418388367 0.42965856194496155
0.3604099154472351 0.4432760775089264
0.37849536538124084 0.46675509214401245
0.35806095600128174 0.46410906314849854
0.3759186863899231 0.4915805459022522
0.3681924343109131 0.5113599300384521
0.3657841682434082 0.5258833169937134
0.37146803736686707 0.5401437878608704
0.3618018329143524 0.5634462833404541
0.38200926780700684 0.572864294052124
0.38837411999702454 0.5915873050689697
0.36708682775497437 0.6050674915313721
0.38021963834762573 0.6308295130729675
0.38461077213287354 0.6543629765510559
0.3897639811038971 0.674877405166626
0.38084056973457336 0.6930744647979736
0.3834299147129059 0.7133675813674927
0.3913639485836029 0.7511478066444397
0.38027092814445496 0.7857974767684937
0.3856395483016968 0.8386780023574829
0.42509329319000244 0.1132265105843544
0.42123886942863464 0.22077983617782593
0.4261202812194824 0.2569349408149719
0.4173348546028137 0.2861154079437256
0.41332533955574036 0.3150009214878082
0.4210788607597351 0.3298170268535614
0.40744900703430176 0.3464334011077881
0.40450721979141235 0.3614808917045593
0.3982832133769989 0.37344595789909363
0.40732038021087646 0.3835109770298004
0.3962780833244324 0.40058502554893494
0.40294554829597473 0.4149870276451111
0.38284173607826233 0.42399266362190247
0.3898475170135498 0.4357859492301941
0.3973923921585083 0.44997894763946533
0.40772387385368347 0.4778894782066345
0.3996477425098419 0.49445363879203796
0.3870626389980316 0.5139782428741455
0.40440142154693604 0.5133947134017944
0.3995286822319031 0.5343783497810364
0.39231303334236145 0.5541232228279114
0.40715447068214417 0.5819025039672852
0.41156184673309326 0.5983911156654358
0.3991880714893341 0.6133743524551392
0.4049658179283142 0.6346394419670105
0.4115731418132782 0.657295823097229
0.4146172106266022 0.6793175935745239
0.4042622447013855 0.6988951563835144
0.4071415960788727 0.719925045967102
0.41569557785987854 0.7402986288070679
0.4040183126926422 0.7739385366439819
0.41363099217414856 0.810956597328186
0.44203072786331177 0.17845669388771057
0.43425771594047546 0.24224403500556946
0.4424709975719452 0.26523512601852417
0.43477970361709595 0.28506794571876526
0.42994943261146545 0.30815058946609497
0.440147340297699 0.3226475417613983
0.43042659759521484 0.3480589985847473
0.4191042184829712 0.36584991216659546
0.43420806527137756 0.3645764887332916
0.4147152304649353 0.37732794880867004
0.4270057678222656 0.39275190234184265
0.41887181997299194 0.4041570723056793
0.42594480514526367 0.4206177294254303
0.411901593208313 0.4268036186695099
0.417946994304657 0.4514712691307068
0.4246349036693573 0.46479809284210205
0.4287446141242981 0.48560842871665955
0.4156799614429474 0.4992876350879669
0.4251621663570404 0.5242316722869873
0.43117061257362366 0.542671263217926
0.42051252722740173 0.5537224411964417
0.4316541254520416 0.5700646042823792
0.4352669417858124 0.5958046913146973
0.4251667261123657 0.6130165457725525
0.41777774691581726 0.6405972242355347
0.4324074387550354 0.6676675081253052
0.4444050192832947 0.6927704811096191
0.4345904588699341 0.7087258100509644
0.44084590673446655 0.7291283011436462
0.4255661964416504 0.7591629028320312
0.4320095181465149 0.795083224773407
0.4254554212093353 0.8831160068511963
0.4641953110694885 0.15253126621246338
0.4578689634799957 0.20710645616054535
0.464383602142334 0.2543128430843353
0.45261603593826294 0.2856985926628113
0.45810988545417786 0.3022736608982086
0.45507413148880005 0.32299432158470154
0.4458513557910919 0.33839091658592224
0.44157207012176514 0.3540209233760834
0.4548127353191376 0.36703309416770935
0.44450485706329346 0.3805333971977234
0.4456348717212677 0.39750489592552185
0.4553641974925995 0.4071910083293915
0.44751450419425964 0.4264533519744873
0.43333861231803894 0.4409066438674927
0.4572766423225403 0.464248925447464
0.44473180174827576 0.4710911810398102
0.44458770751953125 0.49409446120262146
0.4333963990211487 0.5057392716407776
0.45949503779411316 0.5163314342498779
0.4552125036716461 0.5385944247245789
0.44874319434165955 0.5551848411560059
0.4555774927139282 0.5711984038352966
0.44655853509902954 0.6022348999977112
0.44427764415740967 0.6229513883590698
0.436165988445282 0.6363208293914795
0.4510343372821808 0.659759521484375
0.4664621353149414 0.6819849014282227
0.4639762341976166 0.7029944062232971
0.46186694502830505 0.7174462080001831
0.44953611493110657 0.7459184527397156
0.45667123794555664 0.7693313956260681
0.4525381624698639 0.8311883211135864
0.48638007044792175 0.1813141405582428
0.4734284281730652 0.22960282862186432
0.4749423861503601 0.27364829182624817
0.48009613156318665 0.2953298091888428
0.46763885021209717 0.31140658259391785
0.4797044098377228 0.31903520226478577
0.471308171749115 0.334646075963974
0.46150466799736023 0.34516462683677673
0.4656880497932434 0.3546105623245239
0.4759683310985565 0.37519875168800354
0.46225783228874207 0.3857973515987396
0.4711880385875702 0.39734166860580444
0.46587857604026794 0.4193348288536072
0.4548291265964508 0.437732994556427
0.4762718379497528 0.45662572979927063
0.46232569217681885 0.47893524169921875
0.46782052516937256 0.5015288591384888
0.4802996814250946 0.5076268315315247
0.4691288471221924 0.5305412411689758
0.47167447209358215 0.5481065511703491
0.47682613134384155 0.5611390471458435
0.4837539792060852 0.5765995383262634
0.4646519720554352 0.5842412710189819
0.468902051448822 0.6100366711616516
0.46403202414512634 0.6255246996879578
0.46987125277519226 0.650113046169281
0.4786207973957062 0.6718107461929321
0.4808398485183716 0.7118778824806213
0.4802303612232208 0.737139880657196
0.47790661454200745 0.7603798508644104
0.4795234799385071 0.7814210057258606
0.46793246269226074 0.8029227256774902
0.49285420775413513 0.12187354266643524
0.48658207058906555 0.21410606801509857
0.49890604615211487 0.24978680908679962
0.4947565197944641 0.2862935960292816
0.4899812936782837 0.3008624315261841
0.4934297800064087 0.3311315178871155
0.4820297956466675 0.3391821086406708
0.4915134310722351 0.3472330868244171
0.4788743257522583 0.3672185242176056
0.49743449687957764 0.3790227770805359
0.4845641553401947 0.3882846534252167
0.49472716450691223 0.4035983681678772
0.4857994019985199 0.4149656593799591
0.4855117201805115 0.438658207654953
0.49455195665359497 0.4496566653251648
0.48688793182373047 0.4826740026473999
0.4825618267059326 0.47601085901260376
0.49221622943878174 0.49774929881095886
0.4850579500198364 0.525499701499939
0.4894929528236389 0.540260374546051
0.4945930540561676 0.557445228099823
0.4986778497695923 0.583594799041748
0.48097991943359375 0.5953242182731628
0.48609212040901184 0.6208692789077759
0.4850398302078247 0.6460992693901062
0.4966060221195221 0.6595681309700012
0.4848906993865967 0.6924703121185303
0.4924723505973816 0.7055931687355042
0.507394552230835 0.7190364003181458
0.49312901496887207 0.7492429614067078
0.5001391768455505 0.7614455223083496
0.49404266476631165 0.8065354824066162
0.5286011695861816 0.15361545979976654
0.5111052989959717 0.23216474056243896
0.5094117522239685 0.2743944823741913
0.5227315425872803 0.2816392481327057
0.5129573345184326 0.2970580756664276
0.5025950074195862 0.31056782603263855
0.5076085329055786 0.32631194591522217
0.5142691731452942 0.34233900904655457
0.5032734870910645 0.3517507016658783
0.5102871060371399 0.3712908625602722
0.5117107033729553 0.3917860686779022
0.519639790058136 0.4097517430782318
0.5066475868225098 0.42561590671539307
0.511864960193634 0.43963107466697693
0.49914291501045227 0.4595942497253418
0.5054348707199097 0.4738861918449402
0.5056345462799072 0.49280163645744324
0.5097376108169556 0.512076199054718
0.4988613426685333 0.5203697085380554
0.5062099099159241 0.5313573479652405
0.5092672109603882 0.5675026774406433
0.5213645100593567 0.5803453326225281
0.5001230835914612 0.6002646088600159
0.5198537111282349 0.6111838221549988
0.5040758848190308 0.6315822601318359
0.5137617588043213 0.6602453589439392
0.5088884234428406 0.683052122592926
0.5147212743759155 0.6986353397369385
0.4903199076652527 0.7312312722206116
0.5218602418899536 0.7412043809890747
0.5088635087013245 0.7795249819755554
0.48142534494400024 0.8378381133079529
0.5100476145744324 0.18697340786457062
0.5286723971366882 0.21101413667201996
0.5256204605102539 0.24820241332054138
0.5330581068992615 0.29456019401550293
0.525675892829895 0.3042809069156647
0.5213825702667236 0.31766536831855774
0.5272359251976013 0.32922008633613586
0.5384519100189209 0.3615955710411072
0.5211750864982605 0.35781052708625793
0.5334662199020386 0.3709799349308014
0.5316002368927002 0.40356072783470154
0.5214395523071289 0.4225822687149048
0.5278211236000061 0.43088260293006897
0.5179163217544556 0.44987577199935913
0.53243488073349 0.45734113454818726
0.5288288593292236 0.4761260449886322
0.533991277217865 0.4870578348636627
0.5233222842216492 0.5081074237823486
0.528083860874176 0.536591649055481
0.512905478477478 0.5461054444313049
0.5272772908210754 0.5585447549819946
0.5390498042106628 0.5553635954856873
0.5282636880874634 0.5959018468856812
0.540013313293457 0.62283855676651
0.5347537398338318 0.6318799257278442
0.530022144317627 0.6450795531272888
0.5243567824363708 0.6860038042068481
0.5213721990585327 0.7144395709037781
0.5286290049552917 0.7296890616416931
0.5270571708679199 0.7586642503738403
0.5263882279396057 0.7874522805213928
0.49757862091064453 0.869426965713501
0.5434688925743103 0.18768282234668732
0.5558483600616455 0.2240075170993805
0.5452234745025635 0.25107499957084656
0.5482669472694397 0.2715643644332886
0.5559448003768921 0.29182758927345276
0.5417481064796448 0.3087802529335022
0.550419270992279 0.32784155011177063
0.5370963215827942 0.3417474925518036
0.5492880940437317 0.3717334270477295
0.5284264087677002 0.3842982351779938
0.5446468591690063 0.39918074011802673
0.5527591705322266 0.41546207666397095
0.5454719662666321 0.42503446340560913
0.5361790657043457 0.44232290983200073
0.5441650748252869 0.463154673576355
0.5514047145843506 0.4791533052921295
0.5405095219612122 0.4933263659477234
0.5455331206321716 0.5028941035270691
0.5341860055923462 0.5140965580940247
0.5399245023727417 0.5345787405967712
0.5444513559341431 0.5425915718078613
0.5502473711967468 0.5756262540817261
0.5425732731819153 0.5928747653961182
0.5461703538894653 0.608143150806427
0.5539097189903259 0.6366006135940552
0.5343500375747681 0.6659215688705444
0.5453586578369141 0.6832600235939026
0.5424578189849854 0.6991848945617676
0.5499412417411804 0.7328827381134033
0.5425560474395752 0.7450724840164185
0.5415695905685425 0.7689529657363892
0.5410183668136597 0.8459030985832214
0.5582455992698669 0.12161657214164734
0.5812720060348511 0.20180371403694153
0.5662358403205872 0.2616223990917206
0.5607733726501465 0.27662110328674316
0.5627639293670654 0.3038446307182312
0.5585507750511169 0.3176211714744568
0.562655508518219 0.3379654586315155
0.5548762679100037 0.3508702516555786
0.5700092911720276 0.36025652289390564
0.5609662532806396 0.3815878927707672
0.5598984956741333 0.4031984806060791
0.5701044797897339 0.41149771213531494
0.5662940740585327 0.4284207224845886
0.5591779947280884 0.44306570291519165
0.5583521127700806 0.45227450132369995
0.5717036724090576 0.46781402826309204
0.5618938207626343 0.4836984872817993
0.5646924376487732 0.5034713745117188
0.5532526969909668 0.515531599521637
0.5599416494369507 0.5299299955368042
0.5625054240226746 0.552929699420929
0.5569120049476624 0.5872595310211182
0.564795732498169 0.5999274253845215
0.5655045509338379 0.6196860671043396
0.5611695647239685 0.6536767482757568
0.5573897957801819 0.6771934628486633
0.5715232491493225 0.6856020092964172
0.5597361922264099 0.7099992036819458
0.5448147058486938 0.7202810645103455
0.5637966394424438 0.7534630298614502
0.5480526089668274 0.7915747761726379
0.5297892689704895 0.8162273168563843
0.5693959593772888 0.17827695608139038
0.5732419490814209 0.23056650161743164
0.5860713720321655 0.2723846137523651
0.571159839630127 0.28851035237312317
0.5913099646568298 0.29249852895736694
0.5798836946487427 0.30791905522346497
0.5738856196403503 0.3247178792953491
0.5740288496017456 0.34578272700309753
0.5911346673965454 0.3643821179866791
0.5763390064239502 0.37798357009887695
0.5774770379066467 0.39371952414512634
0.5862379670143127 0.40759509801864624
0.5825139880180359 0.4271615445613861
0.5753282308578491 0.4440567195415497
0.5819449424743652 0.45350056886672974
0.5803196430206299 0.47654762864112854
0.5812175273895264 0.4954591393470764
0.5736759901046753 0.5087341070175171
0.5688303709030151 0.5224767327308655
0.587364912033081 0.5431935787200928
0.57949298620224 0.5527199506759644
0.5705151557922363 0.5835914015769958
0.5826296806335449 0.6066786646842957
0.5872929692268372 0.6249065399169922
0.5762104988098145 0.6415506601333618
0.5823323726654053 0.665037989616394
0.5876548886299133 0.6810563802719116
0.5751544237136841 0.6959210634231567
0.566155195236206 0.7261685132980347
0.5714573860168457 0.7417483329772949
0.5671356916427612 0.7669360637664795
0.5577871799468994 0.8147009015083313
0.5877631306648254 0.14926424622535706
0.6015636920928955 0.22444753348827362
0.590442955493927 0.24980668723583221
0.598632276058197 0.2749193608760834
0.6052351593971252 0.30062904953956604
0.5951730012893677 0.3217974007129669
0.5875478982925415 0.3358643352985382
0.597323477268219 0.34721335768699646
0.6012996435165405 0.3742045760154724
0.5953317284584045 0.3850651979446411
0.605879008769989 0.39420703053474426
0.6082395315170288 0.41225606203079224
0.597531795501709 0.42006778717041016
0.5940636992454529 0.43950003385543823
0.6060353517532349 0.45734596252441406
0.5934091210365295 0.4676423966884613
0.5948721766471863 0.48870840668678284
0.6066412329673767 0.501461386680603
0.5905477404594421 0.518764317035675
0.6013995409011841 0.5364154577255249
0.6000672578811646 0.5627499222755432
0.5894172787666321 0.5744775533676147
0.595828652381897 0.5986763834953308
0.6074920296669006 0.6152364015579224
0.5990363359451294 0.6361088156700134
0.596242368221283 0.6529672145843506
0.5983124375343323 0.6747283935546875
0.5917353630065918 0.7013535499572754
0.5804606676101685 0.7214651107788086
0.5872718095779419 0.7437650561332703
0.5801272988319397 0.781403124332428
0.5834335684776306 0.8191631436347961
0.6139904260635376 0.18665598332881927
0.6166499853134155 0.21221503615379333
0.6116442680358887 0.252981036901474
0.6143299341201782 0.2741912603378296
0.6191658973693848 0.2960115373134613
0.6064715385437012 0.32832932472229004
0.6091092824935913 0.3411342203617096
0.6223735213279724 0.3389599025249481
0.6165178418159485 0.3652683198451996
0.6251775026321411 0.3883759379386902
0.6225626468658447 0.4075224995613098
0.6133151650428772 0.42194026708602905
0.6212927103042603 0.4402575194835663
0.6107549071311951 0.4482402205467224
0.6286038160324097 0.4525911509990692
0.6161823868751526 0.46561262011528015
0.6217833757400513 0.4867279529571533
0.6285223364830017 0.49959248304367065
0.6123006939888 0.5114859342575073
0.6152021288871765 0.541641354560852
0.6133185625076294 0.554846465587616
0.6117107272148132 0.5812010169029236
0.6200686097145081 0.5937701463699341
0.6171870827674866 0.6295418739318848
0.6198385953903198 0.6443291902542114
0.6010650992393494 0.6599369645118713
0.6053352952003479 0.6802648305892944
0.6125960350036621 0.700297474861145
0.5984627604484558 0.7137224674224854
0.6048303246498108 0.7317928671836853
0.5952088236808777 0.7576783895492554
0.5833405256271362 0.8696273565292358
0.6331532001495361 0.11631869524717331
0.6270179748535156 0.23604439198970795
0.628800094127655 0.26134946942329407
0.6342301368713379 0.29495126008987427
0.6250734925270081 0.31013408303260803
0.6228201985359192 0.3244774043560028
0.639959990978241 0.3358912467956543
0.6280859708786011 0.3551858961582184
0.634250819683075 0.36826637387275696
0.6278009414672852 0.3808448016643524
0.6416055560112 0.3943300247192383
0.634577214717865 0.42099329829216003
0.640740156173706 0.43434715270996094
0.6455347537994385 0.44883784651756287
0.653596043586731 0.4639330208301544
0.6340797543525696 0.46383121609687805
0.638261079788208 0.4755123555660248
0.6409740447998047 0.5075223445892334
0.6238552927970886 0.5235230922698975
0.645834743976593 0.5308570861816406
0.6323435306549072 0.5593326091766357
0.6252442002296448 0.5750430226325989
0.6335256099700928 0.6019889116287231
0.6360419392585754 0.6199111342430115
0.6330962181091309 0.6381678581237793
0.6272318363189697 0.6572884917259216
0.623363733291626 0.6744597554206848
0.6185039281845093 0.6874756813049316
0.6223466992378235 0.7121663689613342
0.6130467653274536 0.7499837279319763
0.6095148921012878 0.777130126953125
0.5971551537513733 0.7995460629463196
0.6233553290367126 0.15484365820884705
0.6449581384658813 0.21043576300144196
0.6498308777809143 0.24544699490070343
0.6422003507614136 0.27742886543273926
0.6493059992790222 0.3068651556968689
0.6413671374320984 0.318477600812912
0.6526997089385986 0.3352040648460388
0.6457366943359375 0.3494596779346466
0.6494961380958557 0.37530383467674255
0.65544193983078 0.3905109465122223
0.6592257022857666 0.4107746183872223
0.6446947455406189 0.4116024672985077
0.6636645793914795 0.4297778606414795
0.651611864566803 0.4407101273536682
0.6682764887809753 0.4595528841018677
0.6598787307739258 0.48072314262390137
0.6474096179008484 0.4886868894100189
0.6698064804077148 0.4963395595550537
0.6610238552093506 0.5146668553352356
0.6489527225494385 0.550860583782196
0.6591014862060547 0.547254741191864
0.6550654172897339 0.5714471936225891
0.6478743553161621 0.5877934098243713
0.6518207788467407 0.6038659811019897
0.6513267755508423 0.6211409568786621
0.645616352558136 0.6444721221923828
0.6395726799964905 0.6641672849655151
0.6324611902236938 0.6840965151786804
0.6392270922660828 0.7114661931991577
0.6299242973327637 0.72696453332901
0.6282848119735718 0.7618207931518555
0.6118854284286499 0.8342093229293823
0.6524221897125244 0.19066578149795532
0.6665054559707642 0.23374859988689423
0.6565444469451904 0.2648314833641052
0.663967490196228 0.2863917350769043
0.6699486970901489 0.3118775188922882
0.6639823913574219 0.321815550327301
0.6733744740486145 0.3407253324985504
0.6587992906570435 0.3600376844406128
0.6768790483474731 0.3676958382129669
0.6752021312713623 0.4002535939216614
0.6662763953208923 0.3993413746356964
0.6717911958694458 0.41574040055274963
0.688395082950592 0.43585658073425293
0.6675747036933899 0.4461855888366699
0.6900819540023804 0.46613356471061707
0.6733114123344421 0.4736858904361725
0.680472195148468 0.491279274225235
0.6832754611968994 0.507532000541687
0.665340006351471 0.52479487657547
0.6714346408843994 0.5391944646835327
0.6759393215179443 0.565528392791748
0.6667162179946899 0.5798975825309753
0.6696010828018188 0.5953893065452576
0.6708500981330872 0.6130809783935547
0.6643841862678528 0.6324567794799805
0.6571500301361084 0.6483876705169678
0.6515932679176331 0.6670088171958923
0.6480233669281006 0.6796813607215881
0.6519746780395508 0.6954048871994019
0.6420667767524719 0.7424909472465515
0.6362383365631104 0.7795771360397339
0.6272422671318054 0.8025177121162415
0.7042843699455261 0.13069723546504974
0.6772814989089966 0.21487092971801758
0.6765486001968384 0.2512163817882538
0.6843017339706421 0.26798930764198303
0.6772404313087463 0.29795607924461365
0.6835120320320129 0.3231164216995239
0.6884980201721191 0.33859017491340637
0.6828011274337769 0.34894511103630066
0.6830078363418579 0.3804084360599518
0.6775010228157043 0.3879883587360382
0.6912500858306885 0.40627652406692505
0.6815711259841919 0.4133981466293335
0.6974087357521057 0.4259116053581238
0.6840662956237793 0.44763678312301636
0.7016236186027527 0.4628496468067169
0.6927122473716736 0.4798829257488251
0.696249783039093 0.5016502737998962
0.6882324814796448 0.5162037014961243
0.7010097503662109 0.5321630835533142
0.6895914077758789 0.5427032709121704
0.6935083866119385 0.5558927655220032
0.701606273651123 0.5693181753158569
0.6887679100036621 0.5859610438346863
0.6879206299781799 0.6024200916290283
0.6814919114112854 0.6254030466079712
0.6742463111877441 0.6372798085212708
0.6603913903236389 0.6574385166168213
0.6684324741363525 0.6763242483139038
0.6657775640487671 0.6915556788444519
0.6512818336486816 0.7152236104011536
0.6613571047782898 0.7824795842170715
0.6504924893379211 0.8633659482002258
0.6793404221534729 0.16964605450630188
0.6985731720924377 0.244471937417984
0.7060604691505432 0.2628200948238373
0.6947135925292969 0.2863238751888275
0.6993452310562134 0.31071072816848755
0.6990629434585571 0.3261723220348358
0.7084302306175232 0.34048137068748474
0.6970227956771851 0.3518611788749695
0.6987285614013672 0.3698968291282654
0.7026165127754211 0.39414268732070923
0.7143171429634094 0.4060404896736145
0.7116436958312988 0.41896960139274597
0.7012583613395691 0.44089871644973755
0.7105913162231445 0.44561073184013367
0.7044560313224792 0.45450010895729065
0.7176527976989746 0.47503694891929626
0.7066754102706909 0.4852766692638397
0.713866114616394 0.5097987651824951
0.7112041115760803 0.5242003202438354
0.7092793583869934 0.5362367033958435
0.7076565027236938 0.5500152111053467
0.7113808393478394 0.5736828446388245
0.7001404166221619 0.5901267528533936
0.7053769826889038 0.596604585647583
0.6949867606163025 0.6154775619506836
0.6848751306533813 0.6352015137672424
0.6763482093811035 0.6547656655311584
0.6881275773048401 0.6735481023788452
0.6812605857849121 0.7067767977714539
0.6714091897010803 0.7251601219177246
0.6523219347000122 0.7561331987380981
0.6576492786407471 0.8107011914253235
0.6990368366241455 0.21330159902572632
0.7221935391426086 0.24019919335842133
0.7309203743934631 0.2739851772785187
0.7138879895210266 0.29270291328430176
0.7212161421775818 0.3075093626976013
0.7149815559387207 0.32543426752090454
0.724857747554779 0.3482692539691925
0.720344066619873 0.363970011472702
0.7333738207817078 0.3699623942375183
0.7149055600166321 0.37939873337745667
0.7233537435531616 0.3978712558746338
0.7301127314567566 0.4144827425479889
0.7180025577545166 0.43289506435394287
0.7248114347457886 0.45280036330223083
0.7225146889686584 0.4658386707305908
0.7250630855560303 0.4839731752872467
0.7205197215080261 0.4911624789237976
0.7278424501419067 0.49800968170166016
0.7220051884651184 0.5188798308372498
0.7280638813972473 0.5275663733482361
0.7187122106552124 0.5398544669151306
0.721526563167572 0.5671852827072144
0.716572105884552 0.5833959579467773
0.7208017706871033 0.6016671061515808
0.7104122638702393 0.6030060648918152
0.7071700692176819 0.62563556432724
0.6958224773406982 0.6434962749481201
0.6997389793395996 0.6566976308822632
0.6849219799041748 0.6881150603294373
0.6858207583427429 0.7324478030204773
0.6788330078125 0.754660964012146
0.6939425468444824 0.7850327491760254
0.7227771878242493 0.1781553477048874
0.7348355650901794 0.22236718237400055
0.7439385652542114 0.25051242113113403
0.73570716381073 0.29600992798805237
0.7414819598197937 0.31437256932258606
0.7303892970085144 0.32754117250442505
0.748049795627594 0.33470720052719116
0.7383094429969788 0.3526044487953186
0.7493765950202942 0.37712129950523376
0.7374114990234375 0.38894417881965637
0.7448264956474304 0.4096827507019043
0.7454530596733093 0.4275786578655243
0.7321407198905945 0.4357964098453522
0.7366424798965454 0.4508378207683563
0.745553195476532 0.4613034427165985
0.7344684600830078 0.4716894030570984
0.7390449047088623 0.49014216661453247
0.7368367910385132 0.5069073438644409
0.7435556650161743 0.5228204131126404
0.7402634620666504 0.536957859992981
0.7323317527770996 0.5477991104125977
0.7357611656188965 0.5662652254104614
0.7282847166061401 0.5754833817481995
0.7313355803489685 0.5948629379272461
0.7252706289291382 0.611903965473175
0.7202608585357666 0.6344903111457825
0.7184215188026428 0.6486219763755798
0.7066690325737 0.6806637048721313
0.6989260911941528 0.7036389708518982
0.7108070254325867 0.7188625335693359
0.7003329992294312 0.7470176219940186
0.6964498162269592 0.8315396308898926
0.7551711797714233 0.19323979318141937
0.7649831175804138 0.22889085114002228
0.7628892064094543 0.27142125368118286
0.7553229928016663 0.29117584228515625
0.7584578394889832 0.31095075607299805
0.7667818069458008 0.3323293626308441
0.7617579698562622 0.34717753529548645
0.7536777853965759 0.3605695962905884
0.7679308652877808 0.3757569193840027
0.7591806054115295 0.39310163259506226
0.7695736289024353 0.40311166644096375
0.7579719424247742 0.41348928213119507
0.7653833627700806 0.4387586712837219
0.752184271812439 0.4466809928417206
0.7649919390678406 0.4630720913410187
0.7580612301826477 0.4753287434577942
0.7507458925247192 0.49686068296432495
0.7642590403556824 0.49336332082748413
0.757449746131897 0.5184714794158936
0.7635644674301147 0.5331038236618042
0.7518104910850525 0.5453683137893677
0.7612316012382507 0.5604969263076782
0.7470778822898865 0.5704576969146729
0.7515264749526978 0.5848537683486938
0.740883469581604 0.6121956706047058
0.7540313601493835 0.6208533644676208
0.7366309762001038 0.6394874453544617
0.7345919013023376 0.6652622818946838
0.7203670144081116 0.6902111768722534
0.7346974611282349 0.713276743888855
0.7269132733345032 0.7441572546958923
0.7290502190589905 0.7843390703201294
0.7756807208061218 0.14296409487724304
0.8075247406959534 0.21711395680904388
0.7960740327835083 0.25877633690834045
0.7886686325073242 0.28206583857536316
0.7789450883865356 0.3077026605606079
0.7983447909355164 0.3199580907821655
0.7841786742210388 0.3412419855594635
0.7753432989120483 0.3656024932861328
0.7954490780830383 0.3600500524044037
0.7907490134239197 0.3950464427471161
0.8098483085632324 0.4090069532394409
0.7795966863632202 0.41969868540763855
0.7843354344367981 0.44888928532600403
0.7946423292160034 0.43078601360321045
0.8009909987449646 0.4636628031730652
0.778262734413147 0.4718001186847687
0.7887254357337952 0.4872751832008362
0.7762709856033325 0.5075532793998718
0.8009842038154602 0.4992852210998535
0.7785298824310303 0.5245524048805237
0.790450394153595 0.5343729257583618
0.7784855961799622 0.5524893403053284
0.7723821997642517 0.569257378578186
0.7636745572090149 0.593318521976471
0.7831386923789978 0.5894502997398376
0.7762891054153442 0.6132316589355469
0.7543429136276245 0.6444511413574219
0.769066572189331 0.6560786962509155
0.7479670643806458 0.6755242347717285
0.760560154914856 0.6967688202857971
0.7765588760375977 0.7647753357887268
0.7799643278121948 0.8420521020889282
0.8483976125717163 0.1685858815908432
0.8506249189376831 0.24399997293949127
0.8744131326675415 0.3093527555465698
0.8201735019683838 0.2860388457775116
0.8296443819999695 0.3242270052433014
0.8156720399856567 0.3432919383049011
0.8329328894615173 0.3721449673175812
0.8493466377258301 0.35444319248199463
0.8030386567115784 0.3847540616989136
0.8199974894523621 0.3899189531803131
0.8489794135093689 0.40257400274276733
0.8339731693267822 0.416696161031723
0.8755895495414734 0.4309166967868805
0.8109227418899536 0.44200262427330017
0.8311966061592102 0.4502997100353241
0.8231723308563232 0.47261300683021545
0.8497304916381836 0.47797301411628723
0.82591712474823 0.5051577687263489
0.873077929019928 0.5164572596549988
0.8054898977279663 0.5228710770606995
0.8266869187355042 0.5439797043800354
0.8646656274795532 0.5654225945472717
0.8226732611656189 0.5781435370445251
0.7982803583145142 0.558444619178772
0.7990545630455017 0.6004752516746521
0.8256649374961853 0.6152126789093018
0.792588472366333 0.6316189765930176
0.8639746904373169 0.6341801285743713
0.7977882623672485 0.6635608673095703
0.8244798183441162 0.6948635578155518
0.779987096786499 0.7223297357559204
0.8650272488594055 0.7595877647399902
