0.25089819325487916

0.5379664301872253 0.5522422790527344 0.5384415984153748
0.48229876160621643 0.5041046738624573 0.49119502305984497
0.4070674479007721 0.40641117095947266 0.3664761781692505
0.34724485874176025 0.3428821265697479 0.3112295866012573
0.5879175662994385 0.6050119996070862 0.6011186242103577
0.5311349630355835 0.5479072332382202 0.5393499135971069
0.6633747816085815 0.6738590002059937 0.6661614775657654
0.7079614996910095 0.7193092703819275 0.7196246981620789
0.6255144476890564 0.6354043483734131 0.6385694742202759
0.4800102412700653 0.48722174763679504 0.47150716185569763
0.661016583442688 0.6710698008537292 0.672670304775238
0.5900692939758301 0.6004300117492676 0.5955277681350708
0.5495688319206238 0.5415951013565063 0.5290998220443726
0.6322298049926758 0.6455325484275818 0.6376011967658997
0.6930068731307983 0.698572039604187 0.6936668157577515
0.5470066070556641 0.5387102365493774 0.5285859704017639
0.3437608778476715 0.34141048789024353 0.3214742839336395
0.4557010233402252 0.4594641923904419 0.44636258482933044
0.7194997072219849 0.7279787659645081 0.72359299659729
0.5435595512390137 0.5515000224113464 0.5561082363128662
0.4909961521625519 0.4938196837902069 0.4828529953956604
0.28600984811782837 0.2849869132041931 0.2505515217781067
0.39987415075302124 0.40227165818214417 0.3824582099914551
0.35650572180747986 0.35931822657585144 0.33409354090690613
0.3247029185295105 0.3290252685546875 0.3003048896789551
0.5845924019813538 0.60501629114151 0.5918525457382202
0.45908328890800476 0.4800901710987091 0.4642932713031769
0.3533446192741394 0.35406494140625 0.32580459117889404
0.43221357464790344 0.4411430060863495 0.4133376479148865
0.3786121606826782 0.38322535157203674 0.3532252013683319
0.5315055847167969 0.5461849570274353 0.5194358825683594
0.4042423367500305 0.4177575409412384 0.39308008551597595
0.5633697509765625 0.5800997018814087 0.5625997185707092
0.414224773645401 0.4242033064365387 0.39183399081230164
0.32752475142478943 0.3214665651321411 0.2817675471305847
0.284966379404068 0.28023743629455566 0.2438846379518509
0.4136669635772705 0.4166341722011566 0.38646021485328674
0.4665405750274658 0.48943760991096497 0.47884291410446167
0.584497332572937 0.594213604927063 0.5846672058105469
0.4023429751396179 0.40431827306747437 0.3821628987789154
0.5349698662757874 0.5482980608940125 0.5429044961929321
0.41480201482772827 0.4176689386367798 0.39723441004753113
0.5441358685493469 0.5517110228538513 0.5529826879501343
0.378047913312912 0.37673330307006836 0.3506077527999878
0.48773157596588135 0.4737844169139862 0.4518897235393524
0.2690295875072479 0.25476792454719543 0.23058322072029114
0.5056926608085632 0.48710158467292786 0.46944883465766907
0.42246004939079285 0.4208950996398926 0.4095669090747833
0.24136555194854736 0.23279555141925812 0.21370857954025269
0.36948591470718384 0.3605706989765167 0.3340555429458618
0.5947082042694092 0.6026161313056946 0.6055558919906616
0.6194525361061096 0.6331071853637695 0.6358209848403931
0.3411562740802765 0.33794185519218445 0.3045383095741272
0.45247071981430054 0.4550468623638153 0.43770819902420044
0.5865002274513245 0.5974480509757996 0.5880323648452759
0.25475624203681946 0.25175029039382935 0.22214874625205994
0.5208825469017029 0.5340731739997864 0.5200564861297607
0.391386479139328 0.39614397287368774 0.36940261721611023
0.3127867579460144 0.30973368883132935 0.27288222312927246
0.24790389835834503 0.24643288552761078 0.21107305586338043
0.27845481038093567 0.2715985178947449 0.22997091710567474
0.46022117137908936 0.4810636043548584 0.46353429555892944
0.3398875892162323 0.34820783138275146 0.3159741163253784
0.3090088665485382 0.31536048650741577 0.2727004289627075
0.4999653697013855 0.5244616270065308 0.5134947299957275
0.4541383981704712 0.46997562050819397 0.4440836012363434
0.3668305277824402 0.35648423433303833 0.31682080030441284
0.6712833046913147 0.6831110715866089 0.6757516860961914
0.2630910277366638 0.24544981122016907 0.21016745269298553
0.3037092685699463 0.2824971079826355 0.24386054277420044
0.5024094581604004 0.5228756666183472 0.5147272944450378
0.46410617232322693 0.4634769558906555 0.44066789746284485
0.33061039447784424 0.3159988224506378 0.2845005691051483
0.24602428078651428 0.23504728078842163 0.20583313703536987
0.3063388764858246 0.29951801896095276 0.26545026898384094
0.4430832266807556 0.4189773499965668 0.38279417157173157
0.3656314015388489 0.33324965834617615 0.3076363503932953
0.4112079441547394 0.39220815896987915 0.3722652494907379
0.5951014161109924 0.5951470136642456 0.5842476487159729
0.3263024687767029 0.3264809250831604 0.3054310083389282
0.26736441254615784 0.26566141843795776 0.23720626533031464
0.4056164622306824 0.3964642584323883 0.3745443522930145
0.6813515424728394 0.6873586177825928 0.6860249042510986
0.43043941259384155 0.420136034488678 0.404194712638855
0.6616480350494385 0.6623794436454773 0.6624881625175476
0.5472634434700012 0.5413702726364136 0.5277278423309326
0.659529447555542 0.6718122959136963 0.6708954572677612
0.36360791325569153 0.35941028594970703 0.3205721974372864
0.3999759256839752 0.40522655844688416 0.3779999315738678
0.6338866353034973 0.6486915349960327 0.6436829566955566
0.44222864508628845 0.44277918338775635 0.4103052020072937
0.23205219209194183 0.22639964520931244 0.18684221804141998
0.3353859782218933 0.3215414583683014 0.2786078453063965
0.28447553515434265 0.28028056025505066 0.237466499209404
0.3862237334251404 0.39287176728248596 0.3652020990848541
0.344633549451828 0.3450268805027008 0.30903467535972595
0.5957812070846558 0.6071975231170654 0.587817907333374
0.6670230031013489 0.6765777468681335 0.6593020558357239
0.4168001115322113 0.41905730962753296 0.38484662771224976
0.5819761753082275 0.5933605432510376 0.5792250633239746
0.49447616934776306 0.5060214996337891 0.4934083819389343
0.40732455253601074 0.3886714577674866 0.34768688678741455
0.24234165251255035 0.21361099183559418 0.18459554016590118
0.37609153985977173 0.3578679859638214 0.3235839009284973
0.24980369210243225 0.23023581504821777 0.19781173765659332
0.2831476926803589 0.2702174186706543 0.2315034717321396
0.5075188875198364 0.49026548862457275 0.4663253426551819
0.2774868607521057 0.2619936764240265 0.23574572801589966
0.19940324127674103 0.17677658796310425 0.16279342770576477
0.22945496439933777 0.21221923828125 0.18972736597061157
0.18622969090938568 0.15829607844352722 0.14522024989128113
0.20382419228553772 0.18577387928962708 0.16148653626441956
0.31865042448043823 0.3036038875579834 0.2641581892967224
0.7325818538665771 0.7415911555290222 0.7413121461868286
0.44340893626213074 0.42485010623931885 0.4057781994342804
0.5212327241897583 0.5010442137718201 0.496299684047699
0.6132802367210388 0.609696626663208 0.6060975193977356
0.7420670986175537 0.7383476495742798 0.7324516177177429
0.7179709076881409 0.7184935212135315 0.7226231694221497
0.695997953414917 0.702698290348053 0.7005927562713623
0.30178385972976685 0.28635022044181824 0.24523654580116272
0.4698525369167328 0.4703640043735504 0.4425552785396576
0.2674727439880371 0.2568179965019226 0.22063955664634705
0.36558306217193604 0.35134515166282654 0.3071154057979584
0.5220404267311096 0.5223320126533508 0.4905991852283478
0.578841507434845 0.5910671949386597 0.5643230080604553
0.6143579483032227 0.6232593059539795 0.5969873666763306
0.5021342039108276 0.5116984248161316 0.47352707386016846
0.7004474997520447 0.7143328189849854 0.699735701084137
0.43954503536224365 0.43681660294532776 0.40001553297042847
0.6210646629333496 0.6306981444358826 0.6116918921470642
0.7401690483093262 0.7531101107597351 0.7494765520095825
0.3150126338005066 0.29059696197509766 0.23415260016918182
0.3563443422317505 0.3332761228084564 0.2830144762992859
0.27341586351394653 0.2591864764690399 0.2220773547887802
0.30930134654045105 0.2922170162200928 0.2522503435611725
0.19612550735473633 0.18525663018226624 0.16379083693027496
0.16961677372455597 0.15488936007022858 0.14406031370162964
0.39529019594192505 0.3730258643627167 0.33560553193092346
0.4566115140914917 0.42187660932540894 0.38402771949768066
0.26598915457725525 0.23738344013690948 0.20795100927352905
0.3627670705318451 0.3240219056606293 0.2903355062007904
0.29257503151893616 0.27493003010749817 0.24271824955940247
0.2583177387714386 0.23335644602775574 0.20613959431648254
0.38819172978401184 0.3715604543685913 0.350941926240921
0.4931240975856781 0.47385042905807495 0.47231805324554443
0.2473972588777542 0.23267489671707153 0.20844003558158875
0.20213405787944794 0.18646681308746338 0.1650697886943817
0.22648467123508453 0.20718666911125183 0.18072567880153656
0.2672082483768463 0.2489490509033203 0.2097584307193756
0.4472663104534149 0.43683451414108276 0.4063124656677246
0.6257242560386658 0.6313670873641968 0.6125224828720093
0.7712916731834412 0.7647476196289062 0.7544761300086975
0.7249559164047241 0.7234010100364685 0.7191599011421204
0.5665278434753418 0.5670143961906433 0.5449907779693604
0.6734496355056763 0.6830161213874817 0.6785609722137451
0.3929804861545563 0.3745165765285492 0.3285757899284363
0.6668546199798584 0.6716006994247437 0.6548864841461182
0.7027037739753723 0.7165287733078003 0.7020654678344727
0.401277095079422 0.39282849431037903 0.3537868857383728
0.5002259016036987 0.49307695031166077 0.45648518204689026
0.3434942662715912 0.3292171061038971 0.27535131573677063
0.2838108539581299 0.2629986107349396 0.2137766182422638
0.38684776425361633 0.36263909935951233 0.30803918838500977
0.5074275732040405 0.4920334815979004 0.4609405994415283
0.4174387454986572 0.4030321538448334 0.3557218313217163
0.2154238075017929 0.19996903836727142 0.16313469409942627
0.2553381323814392 0.2402111440896988 0.2017080932855606
0.2293809950351715 0.21026825904846191 0.17658548057079315
0.3218095004558563 0.30582764744758606 0.26412758231163025
0.2094358652830124 0.18475478887557983 0.1674889177083969
0.6615952253341675 0.6611458659172058 0.6463707089424133
0.7155821323394775 0.7208353877067566 0.711178183555603
0.44329822063446045 0.39019423723220825 0.3568248450756073
0.39206087589263916 0.36102911829948425 0.3274717330932617
0.6472446322441101 0.634182333946228 0.6202870607376099
0.6898095607757568 0.6796989440917969 0.6685372591018677
0.7799524068832397 0.7717448472976685 0.760249137878418
0.3157618045806885 0.2938593924045563 0.25624093413352966
0.23666881024837494 0.21127107739448547 0.18916870653629303
0.29314300417900085 0.27393838763237 0.2361792027950287
0.332680881023407 0.3033500909805298 0.26139411330223083
0.3736909329891205 0.3519301414489746 0.31187716126441956
0.6766722202301025 0.6742548942565918 0.6593271493911743
0.23088574409484863 0.21173958480358124 0.17952565848827362
0.5205980539321899 0.5024212002754211 0.46313992142677307
0.42944666743278503 0.40488627552986145 0.361619770526886
0.6365630626678467 0.6328402161598206 0.6091623902320862
0.43564873933792114 0.41628846526145935 0.37772536277770996
0.5299680233001709 0.5277088284492493 0.5048650503158569
0.3753524422645569 0.35991379618644714 0.3192830979824066
0.4529447555541992 0.4396221339702606 0.39734983444213867
0.5863646268844604 0.5831888914108276 0.5428909063339233
0.3045940399169922 0.294695109128952 0.24206338822841644
0.24889077246189117 0.22212915122509003 0.18361656367778778
0.4547267556190491 0.43036505579948425 0.3700297772884369
0.5502585172653198 0.5402234792709351 0.5093575716018677
0.60830157995224 0.6062699556350708 0.5870350003242493
0.46891292929649353 0.4474634826183319 0.411983847618103
0.18178865313529968 0.1712384819984436 0.14725182950496674
0.28739556670188904 0.26775985956192017 0.22756096720695496
0.37356072664260864 0.3575974702835083 0.32629141211509705
0.5439959168434143 0.5091521739959717 0.474395215511322
0.5653111338615417 0.5394209027290344 0.5130786299705505
0.7689376473426819 0.7734735012054443 0.7640021443367004
0.621395468711853 0.603167712688446 0.5846318602561951
0.4842333495616913 0.44929155707359314 0.4197206199169159
0.5862744450569153 0.5533743500709534 0.5293033123016357
0.4358207583427429 0.3982330560684204 0.3879871964454651
0.5584669709205627 0.5035151243209839 0.491519957780838
0.35818415880203247 0.3300710618495941 0.30020055174827576
0.28229060769081116 0.24601434171199799 0.2089664489030838
0.49188876152038574 0.468148797750473 0.4521039128303528
0.1909502148628235 0.17226190865039825 0.1523645669221878
0.40735021233558655 0.3827432692050934 0.3478643596172333
0.5898957252502441 0.5779030323028564 0.5531644225120544
0.2583822011947632 0.2424125373363495 0.2040332406759262
0.2108365148305893 0.19375093281269073 0.1654386818408966
0.2597889304161072 0.23412662744522095 0.19216661155223846
0.2995173931121826 0.27625203132629395 0.23067691922187805
0.24012531340122223 0.22195373475551605 0.18719948828220367
0.3557576537132263 0.3303805887699127 0.2839513421058655
0.32202965021133423 0.3002910912036896 0.25617969036102295
0.28853869438171387 0.277657687664032 0.23422999680042267
0.6725355386734009 0.6779718995094299 0.6485108733177185
0.42070257663726807 0.3936205208301544 0.33345553278923035
0.3411773443222046 0.3207220137119293 0.265380322933197
0.6132814884185791 0.6101134419441223 0.5713796019554138
0.7655621767044067 0.7731096148490906 0.7602320909500122
0.7194292545318604 0.7148450613021851 0.6998786330223083
0.6188114881515503 0.6138972043991089 0.5924202799797058
0.3671039938926697 0.3417874574661255 0.30351489782333374
0.2029113620519638 0.18626822531223297 0.16040940582752228
0.4106914699077606 0.3919420838356018 0.3563905656337738
0.6078140735626221 0.588539719581604 0.5787308812141418
0.7586021423339844 0.7648657560348511 0.7592961192131042
0.7037501335144043 0.6999239325523376 0.6821181178092957
0.5307960510253906 0.5044145584106445 0.47300195693969727
0.2707139551639557 0.23633040487766266 0.2095220535993576
0.21851995587348938 0.18429140746593475 0.16235452890396118
0.787546694278717 0.7873822450637817 0.7783374190330505
0.39837217330932617 0.34915691614151 0.3362080156803131
0.6542556285858154 0.6346060633659363 0.6192827224731445
0.18982161581516266 0.16153472661972046 0.14414232969284058
0.3535807430744171 0.3293153941631317 0.30663278698921204
0.44999128580093384 0.41465023159980774 0.39297741651535034
0.3110259771347046 0.2741405665874481 0.2388252317905426
0.25946953892707825 0.23652133345603943 0.20052994787693024
0.3276442885398865 0.28768640756607056 0.25119447708129883
0.3505535423755646 0.31407761573791504 0.27369919419288635
0.2057155966758728 0.187296524643898 0.15698806941509247
0.1950245499610901 0.17829462885856628 0.148870587348938
0.22443580627441406 0.20271384716033936 0.16840311884880066
0.565766453742981 0.5646104216575623 0.5312319993972778
0.42690086364746094 0.40518686175346375 0.3449856638908386
0.2675914168357849 0.24849149584770203 0.2067684531211853
0.5413109660148621 0.5304509997367859 0.49082598090171814
0.6335026621818542 0.6286205649375916 0.5896071195602417
0.4614628851413727 0.44590234756469727 0.39877164363861084
0.5025559663772583 0.4870982766151428 0.4287099242210388
0.6618345379829407 0.6539015173912048 0.6220389008522034
0.697743833065033 0.6941500902175903 0.6658861041069031
0.6709074974060059 0.6606374382972717 0.6351462602615356
0.5049288272857666 0.4755593538284302 0.43726521730422974
0.3096904754638672 0.28859373927116394 0.24931268393993378
0.2348882555961609 0.21669548749923706 0.18957838416099548
0.45187684893608093 0.39946481585502625 0.3540799617767334
0.4825498163700104 0.43956321477890015 0.39982572197914124
0.6427714228630066 0.6313534379005432 0.6070194244384766
0.4765346944332123 0.44359585642814636 0.4016610085964203
0.40499117970466614 0.35239166021347046 0.30779480934143066
0.1721753031015396 0.1402905285358429 0.12561999261379242
0.29430603981018066 0.25009962916374207 0.2314484715461731
0.5897087454795837 0.5609093904495239 0.5421081185340881
0.28141218423843384 0.24020707607269287 0.2134932428598404
0.4199652373790741 0.3723241090774536 0.34864088892936707
0.2411600947380066 0.2162896990776062 0.1943395882844925
0.21748259663581848 0.18978823721408844 0.16213028132915497
0.2866227924823761 0.24379435181617737 0.20446664094924927
0.18669898808002472 0.16350296139717102 0.13661426305770874
0.23293769359588623 0.20708930492401123 0.17164793610572815
0.3795527517795563 0.345255047082901 0.30337265133857727
0.2843583822250366 0.25315892696380615 0.21376727521419525
0.46771615743637085 0.43496525287628174 0.3752500116825104
0.756257951259613 0.7501180171966553 0.7213509678840637
0.7066382765769958 0.7030078172683716 0.6630967259407043
0.5189082622528076 0.5063999891281128 0.4545605778694153
0.3937496840953827 0.37945500016212463 0.328146755695343
0.36507028341293335 0.337187260389328 0.2789748013019562
0.3836157023906708 0.3631289005279541 0.30423393845558167
0.28580403327941895 0.25991275906562805 0.20828115940093994
0.44803670048713684 0.4269993305206299 0.3777432143688202
0.3373417556285858 0.3127415180206299 0.2668549716472626
0.5813036561012268 0.5572013854980469 0.5072427988052368
0.7916585803031921 0.7755757570266724 0.7576963901519775
0.6233307123184204 0.6034983396530151 0.5724560022354126
0.41196802258491516 0.3836555778980255 0.3382720947265625
0.18817627429962158 0.17083849012851715 0.1473338007926941
0.24876727163791656 0.2192513793706894 0.19590993225574493
0.34525442123413086 0.3115609884262085 0.2836473882198334
0.5929903388023376 0.5480802059173584 0.5088640451431274
0.6891167163848877 0.6740456819534302 0.6498419046401978
0.23323647677898407 0.19589176774024963 0.1714632511138916
0.19810278713703156 0.15881505608558655 0.14144064486026764
0.3531162142753601 0.30223703384399414 0.2889028489589691
0.45542818307876587 0.39809027314186096 0.3731037378311157
0.6966352462768555 0.6775646805763245 0.6567792892456055
0.6292182803153992 0.5882120728492737 0.5568217635154724
0.4889378249645233 0.44123613834381104 0.40487512946128845
0.3358795940876007 0.29180583357810974 0.2560918629169464
0.5528478026390076 0.5174665451049805 0.4673241972923279
0.47221606969833374 0.41811808943748474 0.37243640422821045
0.43414366245269775 0.39005401730537415 0.347757488489151
0.3975660800933838 0.3542073667049408 0.3016373813152313
0.3350349962711334 0.2994065582752228 0.2617940306663513
0.7143068313598633 0.6978485584259033 0.665058434009552
0.5019921064376831 0.48006147146224976 0.4204574227333069
0.6685304045677185 0.6614487767219543 0.6209192276000977
0.6162948608398438 0.609587550163269 0.5727579593658447
0.45696866512298584 0.43545001745224 0.37484991550445557
0.2944304347038269 0.27185091376304626 0.21678680181503296
0.42098096013069153 0.40145641565322876 0.34072116017341614
0.22262704372406006 0.20717740058898926 0.16823546588420868
0.39908191561698914 0.3789636492729187 0.31891849637031555
0.7268602252006531 0.7195366621017456 0.6880377531051636
0.5338349342346191 0.5041227340698242 0.44849032163619995
0.719714343547821 0.6996545791625977 0.6690816283226013
0.7729471921920776 0.7559301257133484 0.7348446249961853
0.4610355794429779 0.43279850482940674 0.377793550491333
0.16644737124443054 0.15070509910583496 0.12806445360183716
0.3054976463317871 0.26933109760284424 0.24761991202831268
0.1984279751777649 0.17362606525421143 0.1511075794696808
0.2846842110157013 0.24600979685783386 0.21909528970718384
0.5346985459327698 0.4745974838733673 0.4332757294178009
0.3516736626625061 0.30620303750038147 0.27481845021247864
0.2687138319015503 0.2152513861656189 0.1946832537651062
0.5146746039390564 0.4689297378063202 0.43526923656463623
0.3740033507347107 0.320343554019928 0.2956693768501282
0.5754913687705994 0.5193240642547607 0.4898293912410736
0.7523666024208069 0.7277085185050964 0.7043792605400085
0.8039278984069824 0.7819591760635376 0.7644400596618652
0.2519601881504059 0.2193203568458557 0.18692398071289062
0.4054379165172577 0.35544371604919434 0.2997930347919464
0.7356425523757935 0.7182842493057251 0.6930567026138306
0.6785048842430115 0.6506099104881287 0.6132173538208008
0.613702118396759 0.5924087166786194 0.5529269576072693
0.7575617432594299 0.7376395463943481 0.7071287631988525
0.5710018277168274 0.5433112382888794 0.4962550401687622
0.3978317975997925 0.3725605905056 0.31040632724761963
0.22464121878147125 0.20632357895374298 0.17413632571697235
0.2823224365711212 0.24809636175632477 0.20530880987644196
0.3381369113922119 0.32059282064437866 0.2665705978870392
0.445657342672348 0.42664504051208496 0.36383527517318726
0.5276100635528564 0.5029661655426025 0.4412282705307007
0.2785305380821228 0.253851979970932 0.2030690610408783
0.48600268363952637 0.4621165990829468 0.39546066522598267
0.5851843357086182 0.5642682909965515 0.5054818987846375
0.6919489502906799 0.6768699288368225 0.6324438452720642
0.6141940951347351 0.5931826829910278 0.5368055701255798
0.6945727467536926 0.6656507849693298 0.6259728074073792
0.29811567068099976 0.2800605595111847 0.2465389370918274
0.24172469973564148 0.22705784440040588 0.19598330557346344
0.15084390342235565 0.12734194099903107 0.1106053814291954
0.39471468329429626 0.3552888035774231 0.31866827607154846
0.6280962824821472 0.5910834670066833 0.5447085499763489
0.41781654953956604 0.37333282828330994 0.34859976172447205
0.16928242146968842 0.1381983458995819 0.12921640276908875
0.21928979456424713 0.18063734471797943 0.16368283331394196
0.6212689876556396 0.5819171071052551 0.5531719326972961
0.3190705478191376 0.2632905840873718 0.23109330236911774
0.2042362093925476 0.17010268568992615 0.14818786084651947
0.8177265524864197 0.7946842908859253 0.7815166115760803
0.692141592502594 0.6601111888885498 0.6351845860481262
0.5194658041000366 0.46646538376808167 0.4112628698348999
0.323320597410202 0.27142590284347534 0.22941656410694122
0.779316246509552 0.7524099349975586 0.7212546467781067
0.5237231850624084 0.48552778363227844 0.4177662134170532
0.5003465414047241 0.4496571719646454 0.37671518325805664
0.4245893359184265 0.38283973932266235 0.31376227736473083
0.31940722465515137 0.2811891436576843 0.23468232154846191
0.24757343530654907 0.21918939054012299 0.178798109292984
0.20355571806430817 0.18870021402835846 0.1513414829969406
0.30835214257240295 0.29045408964157104 0.24034950137138367
0.37705889344215393 0.3628629446029663 0.3038826286792755
0.359850138425827 0.3313922584056854 0.27493926882743835
0.6232065558433533 0.6091711521148682 0.5532136559486389
0.6990132331848145 0.6830690503120422 0.6352853775024414
0.35335686802864075 0.32828816771507263 0.27963605523109436
0.5234331488609314 0.4930288791656494 0.4324699640274048
0.6682716608047485 0.6454760432243347 0.5959839224815369
0.7741131782531738 0.7454224228858948 0.7131441235542297
0.5644989013671875 0.5223152041435242 0.46624091267585754
0.3740585744380951 0.3361388146877289 0.2902611792087555
0.21627599000930786 0.1928413212299347 0.1691727340221405
0.19128882884979248 0.16534942388534546 0.1462029367685318
0.34075140953063965 0.2983717620372772 0.2699434161186218
0.5306954383850098 0.4630202054977417 0.4068860709667206
0.6857523322105408 0.6487354040145874 0.6041244268417358
0.34028229117393494 0.28446030616760254 0.265931099653244
0.480970561504364 0.4125903844833374 0.37710100412368774
0.7947549223899841 0.7700175046920776 0.747878909111023
0.47655758261680603 0.41046959161758423 0.3822794258594513
0.4149574637413025 0.35339730978012085 0.32598453760147095
0.77501380443573 0.7454661726951599 0.7182737588882446
0.5967166423797607 0.5468372702598572 0.5036347508430481
0.7913160920143127 0.7660354971885681 0.7319222092628479
0.37288621068000793 0.31617194414138794 0.26693132519721985
0.6335154175758362 0.5888515710830688 0.5371893048286438
0.7355995178222656 0.7014087438583374 0.6620457768440247
0.2281871736049652 0.1998046636581421 0.16170333325862885
0.5474156737327576 0.5015221238136292 0.42725417017936707
0.18357516825199127 0.1602015197277069 0.12876461446285248
0.46408888697624207 0.43161773681640625 0.3538149893283844
0.569641649723053 0.5400022268295288 0.45847994089126587
0.405132919549942 0.388262003660202 0.3238288462162018
0.501190721988678 0.4750715494155884 0.39318108558654785
0.4159218966960907 0.3860904574394226 0.32568174600601196
0.4864256978034973 0.449357271194458 0.37666335701942444
0.21564032137393951 0.19788163900375366 0.15438206493854523
0.24655689299106598 0.22849242389202118 0.1793741136789322
0.45012426376342773 0.41591042280197144 0.3505312204360962
0.6087380647659302 0.5688216686248779 0.5054756999015808
0.7697979807853699 0.7398111820220947 0.6970776319503784
0.7265093326568604 0.6926776766777039 0.6474419832229614
0.5039048194885254 0.45385706424713135 0.3983868956565857
0.3152293264865875 0.2761707007884979 0.2520093321800232
0.2753444314002991 0.23472782969474792 0.2147347331047058
0.44926542043685913 0.39123183488845825 0.3415941894054413
0.48918136954307556 0.4226398766040802 0.36787596344947815
0.31025370955467224 0.25577306747436523 0.23141877353191376
0.6115075349807739 0.5628373622894287 0.5155235528945923
0.44134554266929626 0.37174004316329956 0.3372364938259125
0.7170621752738953 0.676934540271759 0.6345212459564209
0.7736172080039978 0.7457399964332581 0.7137277126312256
0.6710875034332275 0.6262757182121277 0.5816296339035034
0.2546367049217224 0.20599955320358276 0.17741042375564575
0.45763280987739563 0.38250869512557983 0.33433201909065247
0.7347813248634338 0.6983851194381714 0.6495120525360107
0.678945004940033 0.63737553358078 0.5804780721664429
0.45828384160995483 0.40599197149276733 0.334099143743515
0.6090688705444336 0.5660684108734131 0.5011477470397949
0.18003195524215698 0.1548141986131668 0.128961443901062
0.3699571490287781 0.3308325707912445 0.2612629234790802
0.2940046489238739 0.27023181319236755 0.21679110825061798
0.26127544045448303 0.2356107085943222 0.18986396491527557
0.3419373631477356 0.3227328360080719 0.2633245885372162
0.5194975733757019 0.4883785843849182 0.4071787893772125
0.45008406043052673 0.42313510179519653 0.3454778790473938
0.3051553964614868 0.28361648321151733 0.23048454523086548
0.571158230304718 0.5406067967414856 0.47079747915267944
0.68050616979599 0.659338653087616 0.6089568138122559
0.31076279282569885 0.2904340624809265 0.24320749938488007
0.3997466266155243 0.37606045603752136 0.3220994174480438
0.5362710952758789 0.49012261629104614 0.41222622990608215
0.7440282702445984 0.7125207185745239 0.6670502424240112
0.6854000091552734 0.6382569074630737 0.5856733322143555
0.3986574411392212 0.35260680317878723 0.3070306181907654
0.5825336575508118 0.5364142060279846 0.47180864214897156
0.21327358484268188 0.17587238550186157 0.15371713042259216
0.25377610325813293 0.20778371393680573 0.18783767521381378
0.28885120153427124 0.22388719022274017 0.196176677942276
0.3793374001979828 0.3208601474761963 0.2874943017959595
0.4418867230415344 0.3617892265319824 0.30793511867523193
0.3125995695590973 0.25562775135040283 0.2274339348077774
0.5541409254074097 0.4894709587097168 0.4426361918449402
0.6461169123649597 0.5895066261291504 0.5445957779884338
0.5202707052230835 0.446505069732666 0.397122859954834
0.6212260723114014 0.5651645660400391 0.5238098502159119
0.7077789902687073 0.6765453219413757 0.6180917024612427
0.49416065216064453 0.4186318516731262 0.35829880833625793
0.630431592464447 0.5797160267829895 0.5186399817466736
0.7492923140525818 0.7115801572799683 0.6537079811096191
0.5398516654968262 0.488444060087204 0.41362863779067993
0.2886829674243927 0.24188369512557983 0.1945204734802246
0.32953211665153503 0.2909448742866516 0.22948135435581207
0.39821046590805054 0.35468974709510803 0.2773837745189667
0.4354591369628906 0.40164121985435486 0.3299568295478821
0.6542054414749146 0.6228259801864624 0.5573658347129822
0.2850927412509918 0.274111807346344 0.2236260175704956
0.3723980486392975 0.34619036316871643 0.27702316641807556
0.45817095041275024 0.42812782526016235 0.36133769154548645
0.5457034707069397 0.5072975754737854 0.4339265823364258
0.6494365334510803 0.6237946152687073 0.5563821792602539
0.3621845841407776 0.3411574065685272 0.2871663570404053
0.3287353217601776 0.30583685636520386 0.2569173276424408
0.5826762914657593 0.5356748104095459 0.4572901427745819
0.657958984375 0.6030057668685913 0.5367502570152283
0.5204216241836548 0.4706263244152069 0.40677309036254883
0.4428735077381134 0.3980134427547455 0.33496686816215515
0.4955262541770935 0.43936723470687866 0.37902751564979553
0.18052327632904053 0.145399808883667 0.11819446831941605
0.16456502676010132 0.12977012991905212 0.11226233839988708
0.4026964008808136 0.3409636914730072 0.28417089581489563
0.1864922046661377 0.14583297073841095 0.12557700276374817
0.22001726925373077 0.17123688757419586 0.14909036457538605
0.2519746422767639 0.20781594514846802 0.18648679554462433
0.39534348249435425 0.3230994641780853 0.2849059998989105
0.758955180644989 0.7206980586051941 0.6603932976722717
0.3599807322025299 0.2894631028175354 0.2434728443622589
0.5864291191101074 0.5228177905082703 0.4632859230041504
0.3907282054424286 0.3245100975036621 0.26531365513801575
0.5410966277122498 0.48940837383270264 0.4352024495601654
0.27730676531791687 0.22714552283287048 0.19752514362335205
0.42571333050727844 0.3703062832355499 0.3004339337348938
0.3668343722820282 0.318468302488327 0.2536570131778717
0.24026107788085938 0.20001737773418427 0.16152285039424896
0.19214913249015808 0.16628658771514893 0.13579748570919037
0.23604504764080048 0.20636698603630066 0.16420023143291473
0.4822230339050293 0.4393680989742279 0.35760921239852905
0.7268478274345398 0.7012695670127869 0.6419905424118042
0.32562148571014404 0.2995828688144684 0.23512724041938782
0.23633617162704468 0.2242913544178009 0.18296320736408234
0.3502650260925293 0.31900525093078613 0.2582186758518219
0.3741019070148468 0.34285181760787964 0.28330299258232117
0.579423725605011 0.5366172194480896 0.45349428057670593
0.2248123735189438 0.19401738047599792 0.15786594152450562
0.28123125433921814 0.25548115372657776 0.19971123337745667
0.4188441038131714 0.38286542892456055 0.3255136013031006
0.7182602286338806 0.6644932627677917 0.5967572331428528
0.607046902179718 0.5543458461761475 0.47604241967201233
0.3812926709651947 0.3162587285041809 0.2679372727870941
0.6798852682113647 0.6196430325508118 0.5579055547714233
0.253415584564209 0.20858554542064667 0.17417000234127045
0.3600412607192993 0.30719366669654846 0.24509936571121216
0.5084648728370667 0.4518430531024933 0.39447498321533203
0.34994521737098694 0.29287195205688477 0.2465592324733734
0.1830306053161621 0.1491556167602539 0.12291696667671204
0.21631751954555511 0.17701852321624756 0.1465074121952057
0.5285618305206299 0.45738455653190613 0.3931218683719635
0.6473580598831177 0.5842908620834351 0.5195077657699585
0.4832970201969147 0.407077819108963 0.33652955293655396
0.3274414837360382 0.2737986147403717 0.233694389462471
0.5350132584571838 0.46840596199035645 0.40459710359573364
0.41946282982826233 0.36154019832611084 0.3003440201282501
0.3471320867538452 0.2959001064300537 0.24127958714962006
0.19917702674865723 0.16333161294460297 0.14151069521903992
0.27811700105667114 0.2309609204530716 0.18979139626026154
0.17417165637016296 0.14756250381469727 0.12806926667690277
0.2650353014469147 0.23044632375240326 0.18188396096229553
0.19690929353237152 0.17305442690849304 0.1391633003950119
0.6595067977905273 0.6134313344955444 0.5440890192985535
0.6102617383003235 0.5718965530395508 0.48492196202278137
0.41699185967445374 0.3795326352119446 0.3052656948566437
0.2797907590866089 0.2636698782444 0.21029213070869446
0.42933228611946106 0.39809751510620117 0.3301606774330139
0.28602057695388794 0.2668199837207794 0.2142256498336792
0.4116273522377014 0.3747485280036926 0.31272071599960327
0.20800019800662994 0.1755754053592682 0.13672341406345367
0.2534087300300598 0.21561549603939056 0.17374485731124878
0.4768284261226654 0.4273906648159027 0.35386189818382263
0.6679961085319519 0.6128731369972229 0.5252305269241333
0.7672778367996216 0.7235944867134094 0.6677334904670715
0.3320339322090149 0.2649383246898651 0.2221740186214447
0.2797852158546448 0.2239837646484375 0.18708376586437225
0.18392297625541687 0.1478838175535202 0.11851275712251663
0.32859909534454346 0.28189191222190857 0.22157004475593567
0.47817909717559814 0.39910444617271423 0.3293153941631317
0.3083401024341583 0.2597987651824951 0.21073631942272186
0.1585761159658432 0.13082915544509888 0.10716471076011658
0.393430233001709 0.3264337182044983 0.2716141641139984
0.4590654671192169 0.39011821150779724 0.3318372666835785
0.567781388759613 0.49981793761253357 0.4279593229293823
0.31534281373023987 0.265889436006546 0.21609175205230713
0.40561529994010925 0.34703829884529114 0.2888105511665344
0.23197808861732483 0.19178706407546997 0.16756786406040192
0.2836393415927887 0.2410883605480194 0.20070910453796387
0.2221752107143402 0.18173350393772125 0.1559154987335205
0.17253722250461578 0.13640627264976501 0.12025642395019531
0.34102270007133484 0.2928323745727539 0.22782133519649506
0.30124765634536743 0.2625149190425873 0.20370934903621674
0.3684433102607727 0.32226601243019104 0.24783839285373688
0.5593256950378418 0.5123591423034668 0.4271810054779053
0.5266427993774414 0.4962909519672394 0.40874895453453064
0.713574230670929 0.6788275837898254 0.5975702404975891
0.48476555943489075 0.4557422697544098 0.3597414493560791
0.34311360120773315 0.3157963454723358 0.24615469574928284
0.4828701317310333 0.4426538050174713 0.3659433126449585
0.5168171525001526 0.47386354207992554 0.3891843855381012
0.25122466683387756 0.21487754583358765 0.1716276854276657
0.30796000361442566 0.2704513967037201 0.21591027081012726
0.4147302508354187 0.3756311237812042 0.3100122809410095
0.3382520079612732 0.2946867048740387 0.24117633700370789
0.5653457045555115 0.5042831897735596 0.42169713973999023
0.6197919845581055 0.5690028071403503 0.48032698035240173
0.5188531875610352 0.47417208552360535 0.39494678378105164
0.31058526039123535 0.2537340521812439 0.2006867676973343
0.18633364140987396 0.15270940959453583 0.11813981086015701
0.23037183284759521 0.19340278208255768 0.1562720537185669
0.2711009383201599 0.22616815567016602 0.17724868655204773
0.5625454783439636 0.49602648615837097 0.42314714193344116
0.1748281866312027 0.15050671994686127 0.12253493070602417
0.23178809881210327 0.19708040356636047 0.1634654998779297
0.3260572552680969 0.28169095516204834 0.2331664115190506
0.2318641096353531 0.19064030051231384 0.1656022071838379
0.25213196873664856 0.21028608083724976 0.17318271100521088
0.2771245837211609 0.23603808879852295 0.1914144605398178
0.17492595314979553 0.13769012689590454 0.11992105096578598
0.5221017003059387 0.4634145200252533 0.38398754596710205
0.48283112049102783 0.43835288286209106 0.3560986816883087
0.26899993419647217 0.23439912497997284 0.19171911478042603
0.4083021581172943 0.3565688133239746 0.27471238374710083
0.1988607496023178 0.1677013486623764 0.1424315720796585
0.18542608618736267 0.15502826869487762 0.12446006387472153
0.46351245045661926 0.4182933568954468 0.3245942294597626
0.5875260233879089 0.5601415038108826 0.46209508180618286
0.6557689905166626 0.6195027232170105 0.5258496999740601
0.3790418803691864 0.34654420614242554 0.26955726742744446
0.45828863978385925 0.42466259002685547 0.3329797387123108
0.6199840307235718 0.563182532787323 0.4666321575641632
0.5259870290756226 0.4848049283027649 0.39573678374290466
0.37580543756484985 0.33692795038223267 0.2720617651939392
0.4527459442615509 0.41385507583618164 0.33377423882484436
0.49470052123069763 0.4460298418998718 0.3606199026107788
0.5206124186515808 0.4684983193874359 0.3784184157848358
0.7868636250495911 0.7403565049171448 0.6785829067230225
0.3862815499305725 0.3303353786468506 0.25886622071266174
0.22916074097156525 0.18416757881641388 0.1439095288515091
0.4699472188949585 0.41201403737068176 0.3337547779083252
0.5581663846969604 0.5083723664283752 0.4276609420776367
0.6116200685501099 0.5650252103805542 0.4840502440929413
0.43439146876335144 0.3782801032066345 0.3012244403362274
0.367026150226593 0.3166261613368988 0.2552677392959595
0.19812791049480438 0.16683024168014526 0.13382254540920258
0.2975979149341583 0.26065194606781006 0.20802488923072815
0.5036126971244812 0.445259690284729 0.3760908842086792
0.1669120341539383 0.14134390652179718 0.1177126094698906
0.19545075297355652 0.1604803502559662 0.1379970908164978
0.358079195022583 0.31280019879341125 0.2586687505245209
0.44857823848724365 0.38780689239501953 0.3190825581550598
0.7511512637138367 0.7080088257789612 0.64608234167099
0.634666919708252 0.5860238075256348 0.5156611800193787
0.4550415277481079 0.40620148181915283 0.3186187446117401
0.6215773820877075 0.5735570788383484 0.4949323236942291
0.223309725522995 0.18743067979812622 0.15260623395442963
0.2601380944252014 0.21921096742153168 0.1755557358264923
0.30742672085762024 0.26735591888427734 0.20218592882156372
0.7212627530097961 0.6842105984687805 0.6111624240875244
0.5534703731536865 0.5155348777770996 0.41715434193611145
0.42887136340141296 0.39287713170051575 0.31180110573768616
0.6889833807945251 0.653895914554596 0.5638000965118408
0.6826784610748291 0.6304879784584045 0.5502797365188599
0.3323333263397217 0.29185324907302856 0.2273164987564087
0.758395791053772 0.7100717425346375 0.6382462382316589
0.6972334980964661 0.6451404094696045 0.56414794921875
0.615709125995636 0.56694096326828 0.47108060121536255
0.7710765600204468 0.7225072383880615 0.6525503396987915
0.6648234724998474 0.6056285500526428 0.5145866870880127
0.27369967103004456 0.22284792363643646 0.17112067341804504
0.42991235852241516 0.37304502725601196 0.2957324981689453
0.3584265410900116 0.29416850209236145 0.22419123351573944
0.40764662623405457 0.34648290276527405 0.2747132182121277
0.500299870967865 0.43761375546455383 0.35851988196372986
0.4131460189819336 0.35748550295829773 0.28204455971717834
0.685060441493988 0.6308546662330627 0.5510088801383972
0.2469039410352707 0.21008837223052979 0.167056605219841
0.44339606165885925 0.393378347158432 0.3144049048423767
0.7161096334457397 0.6722986698150635 0.5945627689361572
0.6479514241218567 0.5957364439964294 0.5241519808769226
0.23525600135326385 0.2009931057691574 0.16664625704288483
0.49523505568504333 0.44646623730659485 0.37358030676841736
0.543242335319519 0.4924279451370239 0.42116090655326843
0.660616934299469 0.6166887283325195 0.548004150390625
0.5790417790412903 0.5317778587341309 0.457936555147171
0.76716548204422 0.7253280878067017 0.661935567855835
0.6918907761573792 0.6448507308959961 0.5722157955169678
0.5569748282432556 0.5030863285064697 0.4160800576210022
0.351515531539917 0.3002132475376129 0.2316174954175949
0.4200645685195923 0.3693613111972809 0.2842649519443512
0.37804388999938965 0.3304938077926636 0.2568451166152954
0.6768747568130493 0.6377872824668884 0.5448831915855408
0.4957345724105835 0.46767330169677734 0.3709702789783478
0.56447434425354 0.5312999486923218 0.4308604300022125
0.6429221630096436 0.5877735018730164 0.4945541322231293
0.7197800278663635 0.6629579663276672 0.5860868096351624
0.4137137830257416 0.36789408326148987 0.2923106253147125
0.5576655268669128 0.5063747763633728 0.40630581974983215
0.6482186913490295 0.5952969193458557 0.49972087144851685
0.7224060297012329 0.671136200428009 0.5913197994232178
0.7707070708274841 0.7227959632873535 0.6479470133781433
0.5892578363418579 0.5411583185195923 0.44816815853118896
0.4921870529651642 0.43466177582740784 0.349918395280838
0.3197930157184601 0.2606284022331238 0.19977359473705292
0.3017613887786865 0.24607203900814056 0.18849442899227142
0.2413545697927475 0.1944107711315155 0.15095998346805573
0.1873447746038437 0.15435898303985596 0.12448866665363312
0.3247244656085968 0.27484220266342163 0.2187245935201645
0.376211941242218 0.3330601453781128 0.26114439964294434
0.6526950001716614 0.5900528430938721 0.5046628713607788
0.7477631568908691 0.717724621295929 0.6444769501686096
0.4190722703933716 0.37122583389282227 0.31090983748435974
0.3306417167186737 0.2895011901855469 0.2465488612651825
0.6141690015792847 0.5628376007080078 0.47531867027282715
0.39882296323776245 0.34680935740470886 0.2912483215332031
0.3403945863246918 0.302746057510376 0.2523355782032013
0.4394831955432892 0.38654065132141113 0.31583184003829956
0.5575851202011108 0.5158835053443909 0.42444926500320435
0.7451112270355225 0.7044865489006042 0.6355728507041931
0.6016020774841309 0.5547902584075928 0.46781855821609497
0.45662105083465576 0.4124795198440552 0.3280598521232605
0.27232053875923157 0.24016070365905762 0.18372218310832977
0.3096477687358856 0.2715897560119629 0.20430374145507812
0.48093801736831665 0.4400367736816406 0.3470703065395355
0.5854751467704773 0.5461980700492859 0.4436148405075073
0.6318713426589966 0.5988518595695496 0.4984343945980072
0.4972919225692749 0.450588196516037 0.35219624638557434
0.5932137966156006 0.5372968912124634 0.44147759675979614
0.2809638977050781 0.2380022406578064 0.17676600813865662
0.3822866380214691 0.3243357539176941 0.247266486287117
0.47220367193222046 0.4110404849052429 0.3180999457836151
0.6607381105422974 0.6036902666091919 0.5083490610122681
0.6686059236526489 0.6181519627571106 0.528281033039093
0.7590234875679016 0.7066730260848999 0.627461850643158
0.2363191694021225 0.1950526386499405 0.1472788155078888
0.21250391006469727 0.17774738371372223 0.13231325149536133
0.46076449751853943 0.4107605814933777 0.3210546672344208
0.355956494808197 0.30911752581596375 0.2348235696554184
0.2779340445995331 0.23746296763420105 0.17993974685668945
0.5199102759361267 0.4719018042087555 0.37855884432792664
0.29533207416534424 0.25778642296791077 0.20295357704162598
0.44322988390922546 0.39852631092071533 0.3251999318599701
0.5667807459831238 0.5162464380264282 0.42795342206954956
0.5044418573379517 0.4588213264942169 0.37844496965408325
0.2945215404033661 0.2557210326194763 0.21673248708248138
0.7365337610244751 0.70746248960495 0.6365544199943542
0.6924318075180054 0.6448075771331787 0.5740641355514526
0.5812143683433533 0.5439161062240601 0.46630752086639404
0.17765378952026367 0.15635579824447632 0.13154438138008118
0.37003037333488464 0.3219703137874603 0.25143617391586304
0.6725976467132568 0.6308581233024597 0.5476590394973755
0.6159640550613403 0.563143253326416 0.4824301302433014
0.5148425102233887 0.4668831527233124 0.3792040944099426
0.2476067841053009 0.21567389369010925 0.16496726870536804
0.22447121143341064 0.1945830136537552 0.14907380938529968
0.4508059620857239 0.41078445315361023 0.3225487768650055
0.5488859415054321 0.5131082534790039 0.40696126222610474
0.5163264274597168 0.48304885625839233 0.37880396842956543
0.41767680644989014 0.3670876920223236 0.28048932552337646
0.44854554533958435 0.4021194577217102 0.30734366178512573
0.5293987393379211 0.47675004601478577 0.3710615932941437
0.40320152044296265 0.3484213352203369 0.2678040564060211
0.5699471831321716 0.5249052047729492 0.41653141379356384
0.5102949142456055 0.451958566904068 0.3493768572807312
0.6090230941772461 0.5626158118247986 0.46573683619499207
0.53533536195755 0.48467499017715454 0.386441171169281
0.4482349157333374 0.3779093027114868 0.28649914264678955
0.3787551820278168 0.32713696360588074 0.2487751692533493
0.5988012552261353 0.5519540905952454 0.46262094378471375
0.29286685585975647 0.2518386244773865 0.18743297457695007
0.20129361748695374 0.16462862491607666 0.1293056607246399
0.5695969462394714 0.5272364616394043 0.4293140769004822
0.6270509362220764 0.5834075212478638 0.4951193332672119
0.3824330270290375 0.3427621126174927 0.2679911255836487
0.23206952214241028 0.1973980963230133 0.15527072548866272
0.397468239068985 0.35452109575271606 0.2846720218658447
0.26104122400283813 0.2207580804824829 0.17842654883861542
0.5499998927116394 0.5074723958969116 0.42730554938316345
0.487606942653656 0.4438716471195221 0.36944517493247986
0.29874372482299805 0.2660098969936371 0.20832698047161102
0.2520882487297058 0.21009935438632965 0.16249892115592957
0.2911565601825714 0.2566803991794586 0.1997002810239792
0.5062421560287476 0.4594974219799042 0.3699542284011841
0.5768533945083618 0.5337110757827759 0.43795686960220337
0.40954193472862244 0.36216700077056885 0.27899259328842163
0.3151583969593048 0.27733442187309265 0.20871493220329285
0.24336254596710205 0.21654845774173737 0.16061283648014069
0.382772833108902 0.33985573053359985 0.2571190595626831
0.3078065514564514 0.2752543091773987 0.20681428909301758
0.4132395386695862 0.37768805027008057 0.2910692095756531
0.36699649691581726 0.3231053054332733 0.2419319748878479
0.5308773517608643 0.4860069751739502 0.3821903467178345
0.34289002418518066 0.30414485931396484 0.22422471642494202
0.27369025349617004 0.22903871536254883 0.17397461831569672
0.32037797570228577 0.2782091200351715 0.20255310833454132
0.7563373446464539 0.7001558542251587 0.6190446019172668
0.40090036392211914 0.34760719537734985 0.26353153586387634
0.34852248430252075 0.2968815565109253 0.2190726101398468
0.548240602016449 0.497546911239624 0.4055379033088684
0.4947664141654968 0.4478547275066376 0.36006641387939453
0.6653870940208435 0.6205152869224548 0.5301991701126099
0.25098127126693726 0.21452295780181885 0.16262628138065338
0.2289491444826126 0.18923786282539368 0.14191269874572754
0.7203062176704407 0.6793222427368164 0.5949844121932983
0.7338277101516724 0.695835530757904 0.6165618300437927
0.5695493221282959 0.5286255478858948 0.43195217847824097
0.5241230726242065 0.4842931032180786 0.3855172395706177
0.22304986417293549 0.18728099763393402 0.1466735303401947
0.3473474383354187 0.30693432688713074 0.24250030517578125
0.20008936524391174 0.16482916474342346 0.13307791948318481
0.38992127776145935 0.3436843156814575 0.2867759168148041
0.4338345229625702 0.38494810461997986 0.31137263774871826
0.5486871600151062 0.5094831585884094 0.4147948920726776
0.35036733746528625 0.3046722710132599 0.2344365417957306
0.44410717487335205 0.4021071493625641 0.3163275718688965
0.36588218808174133 0.3231998085975647 0.25060245394706726
0.5436174273490906 0.5008942484855652 0.40879926085472107
0.6964274644851685 0.6576094627380371 0.5655643343925476
0.27709099650382996 0.24616822600364685 0.18621523678302765
0.5643618106842041 0.5291881561279297 0.424818217754364
0.4593788683414459 0.4206812083721161 0.32758915424346924
0.35801205039024353 0.32315266132354736 0.24459920823574066
0.48511213064193726 0.4312707781791687 0.33238816261291504
0.6991062760353088 0.6425396203994751 0.548278272151947
0.586681604385376 0.5389229655265808 0.43412378430366516
0.6516742706298828 0.5911715626716614 0.4906924068927765
0.28839901089668274 0.2525996267795563 0.18964776396751404
0.23768092691898346 0.20581741631031036 0.14998504519462585
0.2701844573020935 0.23846609890460968 0.17151804268360138
0.4812091290950775 0.4294046461582184 0.3326767385005951
0.5934274196624756 0.5480054616928101 0.4568227231502533
0.23926572501659393 0.21074692904949188 0.1532202512025833
0.42003223299980164 0.3819275200366974 0.2935737371444702
0.3632124066352844 0.32526642084121704 0.23995459079742432
0.31745004653930664 0.28573331236839294 0.21087145805358887
0.5119012594223022 0.4733160436153412 0.37967485189437866
0.6599944829940796 0.6195963621139526 0.5385252833366394
0.44020506739616394 0.4045894742012024 0.3204646110534668
0.7099777460098267 0.6647129654884338 0.587831974029541
0.2810478210449219 0.2444637417793274 0.1819482296705246
0.4376588463783264 0.4023294448852539 0.3197231888771057
0.3157082796096802 0.27423974871635437 0.21370692551136017
0.4387053847312927 0.3976649343967438 0.31469079852104187
0.21339304745197296 0.17971210181713104 0.14162994921207428
0.2551348805427551 0.21432934701442719 0.1668911725282669
0.2778875231742859 0.2410549819469452 0.18530340492725372
0.6486914157867432 0.6053846478462219 0.5214061737060547
0.48782864212989807 0.4448947310447693 0.3535531461238861
0.7412941455841064 0.6986923813819885 0.6223054528236389
0.632947564125061 0.5917081832885742 0.49401208758354187
0.4553663432598114 0.41372719407081604 0.3253631293773651
0.6149041652679443 0.5759482979774475 0.4715157747268677
0.4883492887020111 0.44937965273857117 0.35057222843170166
0.3991171419620514 0.3627230226993561 0.2785801589488983
0.6405035257339478 0.5905973315238953 0.48610687255859375
0.5523975491523743 0.5096654295921326 0.4024915099143982
0.6674332618713379 0.6164190173149109 0.513741135597229
0.7133145928382874 0.6575384140014648 0.5615658760070801
0.4190969467163086 0.3760211765766144 0.28133514523506165
0.6241688132286072 0.5725218653678894 0.4654873311519623
0.7203409075737 0.6677804589271545 0.575889527797699
0.7291325330734253 0.6826349496841431 0.5947796702384949
0.38310328125953674 0.33726561069488525 0.25253212451934814
0.3233475685119629 0.28531333804130554 0.21275150775909424
0.24916933476924896 0.2256397306919098 0.1584509015083313
0.2826296091079712 0.25305506587028503 0.18393805623054504
0.26971471309661865 0.2403939962387085 0.1615753471851349
0.37742891907691956 0.34488415718078613 0.2634645998477936
0.5637003779411316 0.5248528122901917 0.43065008521080017
0.6304488778114319 0.5894147157669067 0.5016672015190125
0.4093802273273468 0.38482627272605896 0.2910538911819458
0.35512083768844604 0.3196635842323303 0.23619647324085236
0.48960795998573303 0.45250487327575684 0.365445613861084
0.2577483355998993 0.227360799908638 0.17302027344703674
0.23412761092185974 0.19671377539634705 0.15448524057865143
0.332638144493103 0.2974150478839874 0.2303764373064041
0.5252617597579956 0.4848892390727997 0.39276501536369324
0.403263121843338 0.36683136224746704 0.28014305233955383
0.4473799467086792 0.4078235626220703 0.31972792744636536
0.3210034668445587 0.28666871786117554 0.2163289487361908
0.7029882669448853 0.6610105633735657 0.5683576464653015
0.5259148478507996 0.4825960099697113 0.3888571858406067
0.4875335395336151 0.4462502896785736 0.351067453622818
0.6887511014938354 0.6471921801567078 0.5524507164955139
0.6015300154685974 0.5607630014419556 0.46141237020492554
0.4238799214363098 0.3899739384651184 0.3013656437397003
0.586929976940155 0.5387804508209229 0.43793994188308716
0.44379255175590515 0.3945898711681366 0.2954813539981842
0.48921075463294983 0.44296547770500183 0.3307426869869232
0.5042957067489624 0.45729565620422363 0.3521018326282501
0.5825993418693542 0.5327592492103577 0.42699378728866577
0.5242567658424377 0.4763810336589813 0.37397122383117676
0.6562556028366089 0.6082413792610168 0.4973355829715729
0.4400791525840759 0.3973030149936676 0.30375245213508606
0.7057111859321594 0.6511334776878357 0.5521869659423828
0.4737175703048706 0.42831557989120483 0.34143394231796265
0.27560487389564514 0.25099071860313416 0.1840628832578659
0.36525657773017883 0.32643255591392517 0.24548563361167908
0.41110554337501526 0.37592050433158875 0.2851392924785614
0.47158169746398926 0.44144147634506226 0.33907657861709595
0.5028343200683594 0.4696386754512787 0.3636173903942108
0.6979597806930542 0.6472201347351074 0.5573719143867493
0.30536630749702454 0.27753114700317383 0.20530253648757935
0.2752990424633026 0.24718168377876282 0.17927217483520508
0.5943054556846619 0.55120450258255 0.46096354722976685
0.3109017610549927 0.27395308017730713 0.2047239989042282
0.29624807834625244 0.2591991126537323 0.19050326943397522
0.3984774053096771 0.3606177568435669 0.2729235887527466
0.6193249225616455 0.5787412524223328 0.4924936294555664
0.5895501375198364 0.5483580827713013 0.45214027166366577
0.4965597987174988 0.45858779549598694 0.36732321977615356
0.2835540175437927 0.24716833233833313 0.18467611074447632
0.4327320456504822 0.3914821147918701 0.29960888624191284
0.5741887092590332 0.5334786176681519 0.4334239065647125
0.35965240001678467 0.31979578733444214 0.23511292040348053
0.5399112105369568 0.49884843826293945 0.4012812674045563
0.6651188731193542 0.6242519021034241 0.530060350894928
0.533421516418457 0.49612611532211304 0.39632749557495117
0.38940873742103577 0.3454860746860504 0.26439857482910156
0.317839652299881 0.28884387016296387 0.21652750670909882
0.40452221035957336 0.36313775181770325 0.2735164165496826
0.44786253571510315 0.4062618315219879 0.29865002632141113
0.2838917374610901 0.2521584630012512 0.18367591500282288
0.3164328634738922 0.28564533591270447 0.20816490054130554
0.4979393482208252 0.45866188406944275 0.35361382365226746
0.3547315001487732 0.31645628809928894 0.23458895087242126
0.5346234440803528 0.4947319030761719 0.4016672372817993
0.6221860647201538 0.5766843557357788 0.479092538356781
0.5392996668815613 0.5026863217353821 0.4045119285583496
0.30445483326911926 0.2714340090751648 0.19955244660377502
0.34079283475875854 0.30818724632263184 0.231801837682724
0.3679872453212738 0.34135252237319946 0.25692033767700195
0.44314759969711304 0.41597509384155273 0.31421223282814026
0.5116119384765625 0.4805675446987152 0.3768952786922455
0.3233209252357483 0.29779455065727234 0.22131453454494476
0.3910483717918396 0.36391207575798035 0.270921915769577
0.5287696719169617 0.4923754334449768 0.39164218306541443
0.3701425790786743 0.3344852328300476 0.24997730553150177
0.652056097984314 0.6066334843635559 0.524782657623291
0.491079717874527 0.44922858476638794 0.3613167107105255
0.6584462523460388 0.6140546798706055 0.5236521363258362
0.72026526927948 0.672899603843689 0.5915604829788208
0.527911901473999 0.49053072929382324 0.3961278796195984
0.36927828192710876 0.3311673402786255 0.24896562099456787
0.6769874095916748 0.6334460377693176 0.5386273264884949
0.40217140316963196 0.3593885004520416 0.274301677942276
0.4389147460460663 0.39962926506996155 0.3074004054069519
0.3142818212509155 0.2782885432243347 0.2104184329509735
0.6142919063568115 0.5735234022140503 0.477855920791626
0.6301566958427429 0.5879355072975159 0.4905593991279602
0.4572871923446655 0.40765631198883057 0.3099993169307709
0.49354246258735657 0.45293980836868286 0.3480062484741211
0.3584115505218506 0.3229832053184509 0.24339140951633453
0.6265489459037781 0.5783692002296448 0.4747956097126007
0.37805837392807007 0.34322071075439453 0.2537161707878113
0.4551326334476471 0.41776853799819946 0.3205636739730835
0.38937610387802124 0.3543813228607178 0.26237860321998596
0.3095071613788605 0.27489274740219116 0.19887985289096832
0.3883231282234192 0.3512902557849884 0.265078067779541
0.3474244773387909 0.313557893037796 0.23689164221286774
0.4325684607028961 0.39644625782966614 0.3068545162677765
0.38812577724456787 0.354389488697052 0.2673766613006592
0.5041497349739075 0.468779057264328 0.36397209763526917
0.41822436451911926 0.38999250531196594 0.2936130166053772
0.5807179808616638 0.5378904342651367 0.4359772205352783
0.6873736381530762 0.6363753080368042 0.5449314117431641
0.5983299612998962 0.5587823390960693 0.4590393900871277
0.4325926899909973 0.4018382132053375 0.30483558773994446
0.3658897876739502 0.33427906036376953 0.25636619329452515
0.33737677335739136 0.3038300573825836 0.22462031245231628
0.40972548723220825 0.3765724301338196 0.29053887724876404
0.5550615787506104 0.5253429412841797 0.41601666808128357
0.6804715991020203 0.6340430378913879 0.5448023080825806
0.5640214085578918 0.5296354293823242 0.4219707250595093
0.6447191834449768 0.6002862453460693 0.5016769170761108
0.5842502117156982 0.5462744832038879 0.4484756290912628
0.6387607455253601 0.5966255068778992 0.49995261430740356
0.605617344379425 0.5632319450378418 0.4662947356700897
0.38980773091316223 0.35095396637916565 0.26904913783073425
0.5164679884910583 0.4745791256427765 0.3812428414821625
0.5818803310394287 0.5436475276947021 0.45014575123786926
0.5081818103790283 0.47086620330810547 0.37471482157707214
0.5533570051193237 0.508799135684967 0.4060494601726532
0.5938202142715454 0.5463528633117676 0.4421267509460449
0.4293821454048157 0.3902895152568817 0.2972854971885681
0.6791229248046875 0.6192010045051575 0.5241716504096985
0.7019672393798828 0.6433306336402893 0.5449469685554504
0.6573967337608337 0.6053882241249084 0.5059411525726318
0.5969154834747314 0.5530075430870056 0.44584691524505615
0.4176602065563202 0.38034284114837646 0.2894749939441681
0.4860256314277649 0.44490304589271545 0.3481424152851105
0.5575768947601318 0.5162136554718018 0.41708236932754517
0.4828283190727234 0.4426330626010895 0.34480783343315125
0.5282487869262695 0.4895029067993164 0.3907008469104767
0.6262374520301819 0.581399142742157 0.48630988597869873
0.6740773916244507 0.6252057552337646 0.5290152430534363
0.34273046255111694 0.3160151541233063 0.2385973036289215
0.456907719373703 0.4265574514865875 0.3310796916484833
0.524211049079895 0.4910169839859009 0.3847736120223999
0.49184730648994446 0.45890071988105774 0.3598388135433197
0.4737846553325653 0.4389200508594513 0.34404945373535156
0.43146568536758423 0.3979264497756958 0.3050718605518341
0.45336273312568665 0.4202468991279602 0.32335996627807617
0.5190689563751221 0.4824545681476593 0.3801822066307068
0.39156705141067505 0.3628097474575043 0.2716449499130249
0.4369492828845978 0.4052902162075043 0.31418561935424805
0.4872410297393799 0.4497780501842499 0.3553510308265686
0.5267451405525208 0.4910747706890106 0.39339447021484375
0.5594601631164551 0.519606351852417 0.421205073595047
0.5067047476768494 0.4649980962276459 0.37256819009780884
0.35066747665405273 0.31432977318763733 0.2409682720899582
0.4652000665664673 0.4220625162124634 0.33550411462783813
0.43328559398651123 0.39941632747650146 0.3091335892677307
0.4636664390563965 0.42398566007614136 0.33561527729034424
0.6251460313796997 0.5747889876365662 0.4720667898654938
0.48180311918258667 0.4420749843120575 0.34330007433891296
0.5233020186424255 0.4802919626235962 0.37171369791030884
0.5612759590148926 0.5151864886283875 0.412387877702713
0.602914571762085 0.5526760220527649 0.4520052373409271
0.5174696445465088 0.4703316390514374 0.3681105077266693
0.47684308886528015 0.43772992491722107 0.3371433615684509
0.5626940727233887 0.5202259421348572 0.41333597898483276
0.6315261125564575 0.5888760685920715 0.4888620972633362
0.6700026988983154 0.625312089920044 0.5253604650497437
0.6216188073158264 0.5779524445533752 0.4802713990211487
0.5934654474258423 0.5501462817192078 0.4495300054550171
0.46500277519226074 0.4303528368473053 0.32943928241729736
0.4040771424770355 0.3710334599018097 0.27965009212493896
0.5083187222480774 0.4719499945640564 0.36456751823425293
0.5635089874267578 0.5236242413520813 0.4101124107837677
0.629273533821106 0.5860307812690735 0.47911062836647034
0.6672348976135254 0.6147053241729736 0.5172470211982727
0.5384852886199951 0.5045763850212097 0.400672048330307
0.6151427626609802 0.5778313279151917 0.4673599898815155
0.58549565076828 0.5491576194763184 0.43833082914352417
0.5429092645645142 0.507485568523407 0.40311315655708313
0.4919402599334717 0.4560171365737915 0.35691606998443604
0.37540796399116516 0.3446196913719177 0.2552529275417328
0.4217033088207245 0.38693341612815857 0.29970109462738037
0.350188672542572 0.3138110935688019 0.23680169880390167
0.4468841254711151 0.4077201187610626 0.3172246217727661
0.4797958433628082 0.44010958075523376 0.3474830985069275
0.5576522946357727 0.5162993669509888 0.41919901967048645
0.41559186577796936 0.37968114018440247 0.293875128030777
0.5352487564086914 0.4951045513153076 0.3981228470802307
0.5614063739776611 0.5210065841674805 0.42445164918899536
