0.2720857509547087

6.451749324798584 6.4702534675598145 6.1330671310424805
5.072661876678467 5.044315338134766 4.798618316650391
7.123107433319092 7.058848857879639 6.892736911773682
6.796370029449463 6.840172290802002 6.654045581817627
7.609123229980469 7.636731147766113 7.592374801635742
6.028902530670166 6.168172359466553 6.093022346496582
5.270517349243164 5.370975017547607 5.326369285583496
5.670163631439209 5.5578413009643555 5.413710594177246
5.878622055053711 5.962216854095459 5.940196514129639
5.562937259674072 5.722405433654785 5.884417533874512
4.851934432983398 5.017958641052246 5.256738662719727
4.727223873138428 4.647154331207275 4.382791042327881
4.91053581237793 4.948589324951172 4.7296462059021
3.991692304611206 4.356799125671387 4.804394721984863
3.6182994842529297 4.018183708190918 4.496114253997803
4.866334915161133 4.9537153244018555 4.511662483215332
4.550384044647217 3.9899277687072754 3.5531060695648193
4.400378704071045 4.252082347869873 3.7323787212371826
4.898486614227295 4.480351448059082 3.8929834365844727
5.047018527984619 5.18709135055542 4.802410125732422
5.317682266235352 5.3538618087768555 5.177989482879639
5.586987018585205 5.66264533996582 5.805016994476318
6.093085765838623 6.247621536254883 6.336619853973389
7.198081970214844 7.242731094360352 7.261598110198975
6.475270748138428 6.49549674987793 6.272941589355469
5.624277114868164 5.63348388671875 5.396772384643555
5.7257161140441895 5.820219039916992 5.719588279724121
5.261348247528076 5.404047966003418 5.362914085388184
5.6359171867370605 5.236956596374512 4.577762126922607
6.098348617553711 6.107884407043457 5.988986492156982
7.087769508361816 7.001006126403809 6.88341760635376
6.823602199554443 6.677592754364014 6.357791900634766
7.360045909881592 7.377590179443359 7.167548656463623
4.759958267211914 4.573304653167725 4.177513122558594
3.6681175231933594 3.247804641723633 2.9235219955444336
2.4236209392547607 2.6867148876190186 2.5953826904296875
3.626889228820801 3.8615808486938477 4.114184379577637
4.188597679138184 4.332128047943115 4.31626558303833
2.0098557472229004 2.138319969177246 1.875778079032898
4.376570701599121 4.461223602294922 4.627324104309082
2.9097695350646973 3.3394083976745605 3.8259596824645996
1.896875262260437 1.9618325233459473 1.7580152750015259
2.1901893615722656 2.173534393310547 1.9822254180908203
1.9815080165863037 1.9469563961029053 1.611350417137146
1.7202481031417847 1.727391004562378 1.344878911972046
3.10933780670166 3.3418643474578857 2.9771571159362793
2.0236592292785645 2.2443935871124268 2.4408211708068848
4.9691972732543945 4.913863182067871 5.013774394989014
1.7006226778030396 1.9042729139328003 1.8083908557891846
1.9600449800491333 2.000972032546997 1.80978262424469
2.9016847610473633 2.948768377304077 2.511121988296509
2.1277976036071777 2.137258291244507 1.7153809070587158
2.224102020263672 2.368942975997925 1.8661887645721436
3.8662643432617188 4.128512382507324 4.201488018035889
4.193713188171387 4.535722732543945 4.988093376159668
6.541018486022949 6.330877304077148 6.124290943145752
4.55488920211792 4.423090934753418 4.031448841094971
5.317941665649414 5.411815643310547 5.723010540008545
4.492519378662109 4.787145614624023 5.027217864990234
3.2481205463409424 3.216548442840576 2.9061877727508545
3.038083553314209 3.026118516921997 2.5951550006866455
2.5421080589294434 2.7322094440460205 2.722686290740967
3.471940040588379 3.47967529296875 3.1474170684814453
7.441510200500488 7.197244644165039 6.8901872634887695
5.224794387817383 5.211479187011719 4.769903659820557
4.482590675354004 4.6699442863464355 4.518285274505615
3.761598587036133 3.82145619392395 3.6919827461242676
3.9839344024658203 4.154482841491699 4.0431108474731445
3.911964178085327 4.088127136230469 4.378811836242676
3.1519598960876465 3.5171289443969727 3.9593210220336914
2.8091793060302734 2.9614906311035156 2.5666303634643555
2.53194522857666 2.637216806411743 2.7814836502075195
4.454926013946533 4.836843967437744 5.255806922912598
2.152503252029419 2.4254002571105957 2.5542547702789307
3.417447328567505 3.164522886276245 2.694333791732788
3.21860408782959 2.8875041007995605 2.345625400543213
1.753190279006958 1.875437617301941 1.5293748378753662
1.5245329141616821 1.5329909324645996 1.243274450302124
2.354748487472534 2.6639535427093506 2.4607112407684326
2.817897081375122 2.925280809402466 2.930053472518921
1.618818759918213 1.7192429304122925 1.4679856300354004
2.560415267944336 2.6265740394592285 1.9810922145843506
2.3856444358825684 2.5368080139160156 2.0362019538879395
2.6787831783294678 2.6081111431121826 2.3698668479919434
2.5942060947418213 2.7931928634643555 2.6192784309387207
3.464038610458374 3.870183229446411 4.233211517333984
4.516021251678467 4.9123053550720215 5.206660270690918
6.077676296234131 6.059317111968994 5.720787048339844
7.75883150100708 7.485067844390869 7.018152713775635
6.990589141845703 6.970345497131348 6.818593978881836
3.404207229614258 3.647798538208008 3.9046764373779297
4.020564079284668 4.120954513549805 4.079091548919678
2.801046133041382 2.9088099002838135 2.6543188095092773
2.432950973510742 2.585359573364258 2.308673620223999
3.0521180629730225 3.1028761863708496 2.924288034439087
5.466152191162109 5.414073944091797 4.853443145751953
4.257565498352051 4.195862293243408 3.983999013900757
2.942066192626953 2.7238879203796387 2.3724591732025146
2.8915491104125977 3.114858865737915 3.0049357414245605
3.15493106842041 2.952864408493042 2.775160789489746
2.7496142387390137 2.9739558696746826 3.119842529296875
3.2608187198638916 3.3692026138305664 3.348900556564331
2.952188014984131 3.0714049339294434 3.2263591289520264
4.216610431671143 3.850651502609253 3.804978609085083
4.547191143035889 4.287885665893555 3.8770928382873535
3.365165948867798 3.671665668487549 4.190334796905518
4.120514392852783 3.570727586746216 3.0394866466522217
2.2554070949554443 2.278052568435669 1.752443552017212
1.4811677932739258 1.6427607536315918 1.3555710315704346
1.3840866088867188 1.4746966361999512 1.2001841068267822
2.215916633605957 2.5614213943481445 3.0688366889953613
2.326090097427368 2.360168933868408 2.304485559463501
3.748600721359253 3.9702606201171875 3.824568748474121
3.729055643081665 4.153260231018066 4.683755397796631
3.1395082473754883 3.603346824645996 4.052501201629639
3.0776641368865967 3.3558261394500732 3.6155037879943848
2.9683313369750977 3.066246509552002 2.797872304916382
5.02794075012207 5.136911869049072 5.378019332885742
7.6839118003845215 7.793570041656494 7.74257755279541
7.207034587860107 6.9655938148498535 6.490335464477539
8.051054954528809 7.955023288726807 7.721704483032227
6.0382561683654785 5.8052897453308105 5.615122318267822
7.2692155838012695 7.21308708190918 6.974469184875488
5.476707935333252 5.5572991371154785 5.2168498039245605
5.547573566436768 4.990453243255615 4.263251781463623
3.12730073928833 3.348602294921875 3.4044041633605957
5.048660755157471 4.975422382354736 4.887518882751465
6.280508041381836 5.970180511474609 5.614965915679932
4.137288570404053 4.12179708480835 3.498976707458496
2.068119764328003 2.0900211334228516 2.2247629165649414
2.2701077461242676 2.300834894180298 2.290355682373047
2.3885996341705322 2.4146933555603027 2.484624147415161
2.6271615028381348 2.8270230293273926 2.4749014377593994
3.025615692138672 3.2950828075408936 2.9668314456939697
3.35823392868042 3.650113105773926 3.43479061126709
2.5557148456573486 2.758101224899292 3.0239627361297607
2.9148457050323486 2.5807816982269287 2.4014484882354736
2.6278316974639893 2.2490077018737793 2.2639498710632324
3.3748650550842285 3.4259421825408936 2.807542562484741
2.6902377605438232 2.6598033905029297 2.1969246864318848
1.3336849212646484 1.1071228981018066 0.9614058136940002
1.3177801370620728 1.220832109451294 1.1169368028640747
2.297156810760498 2.0479907989501953 1.962409496307373
3.94026255607605 3.826308012008667 3.903632879257202
3.7032463550567627 3.512216806411743 3.5406222343444824
4.189949035644531 4.066126823425293 4.056145191192627
2.7768285274505615 3.180253505706787 3.5646867752075195
3.4197449684143066 3.334923505783081 3.196357250213623
4.070897102355957 4.30895471572876 4.3381476402282715
6.011987686157227 5.988180637359619 5.921355724334717
8.00354290008545 8.176567077636719 8.111387252807617
7.790862560272217 7.654979705810547 7.408308982849121
8.873857498168945 8.879388809204102 8.774206161499023
8.486291885375977 8.395407676696777 8.173282623291016
6.899030685424805 6.646718978881836 6.200343132019043
6.195825099945068 5.8221564292907715 5.24199104309082
3.8946104049682617 3.967256546020508 3.6582536697387695
4.53535270690918 4.566660404205322 4.388857841491699
5.869685173034668 5.739424705505371 5.357618808746338
6.338740348815918 6.2807207107543945 6.025203704833984
4.737965106964111 4.840392112731934 4.459057807922363
2.67931866645813 2.51308536529541 2.3031394481658936
2.658722400665283 2.444472312927246 2.0439963340759277
2.562196969985962 2.8581488132476807 2.7084972858428955
3.447117567062378 3.4899370670318604 3.052741289138794
3.0110530853271484 3.239870309829712 3.3440968990325928
3.5829176902770996 3.728118658065796 3.5980043411254883
3.578847885131836 3.3711235523223877 3.3237035274505615
2.4088101387023926 2.3383662700653076 1.9970026016235352
3.074235439300537 3.197603702545166 2.661285161972046
5.221442699432373 5.44828987121582 5.738919734954834
5.279824733734131 4.854684829711914 4.276965618133545
2.100735664367676 1.7632639408111572 1.5565398931503296
1.760591745376587 1.7740558385849 1.500078558921814
1.9218573570251465 2.2744669914245605 2.7350122928619385
2.0665786266326904 2.402012348175049 2.8632731437683105
1.973204493522644 2.157538414001465 2.1474995613098145
3.8311753273010254 3.4666237831115723 3.134457588195801
2.376310348510742 2.860191583633423 3.264841318130493
3.0079805850982666 3.148972272872925 3.258192539215088
3.567741870880127 3.619248628616333 2.9231624603271484
6.053221702575684 6.024309158325195 5.552844524383545
8.766982078552246 8.636957168579102 8.399907112121582
7.491148471832275 7.512841701507568 7.444654941558838
6.547184467315674 6.522936820983887 6.630155563354492
3.130485773086548 3.490751028060913 3.834676504135132
5.217408657073975 5.231980323791504 4.895968914031982
3.572061538696289 3.650001049041748 3.426084518432617
3.2715628147125244 3.4541964530944824 2.967919111251831
4.264980316162109 4.1988091468811035 3.970463991165161
4.829991817474365 4.882559776306152 4.3175554275512695
5.204414367675781 4.904691219329834 4.391812324523926
5.223825454711914 5.0132975578308105 4.448493957519531
2.922069549560547 2.9487242698669434 2.3944876194000244
3.2391250133514404 2.9958248138427734 2.4477431774139404
4.073660850524902 3.886643409729004 3.2374191284179688
4.691104412078857 4.524007797241211 3.8762426376342773
5.023931980133057 4.722929954528809 4.058345317840576
4.0146894454956055 4.03607702255249 3.7298176288604736
4.021871566772461 3.737549304962158 3.4276232719421387
5.320287227630615 5.24923849105835 4.983646869659424
4.664538860321045 4.358802795410156 4.152986526489258
8.022438049316406 8.032201766967773 7.918319225311279
4.624585151672363 4.65561056137085 4.096839427947998
1.190744161605835 1.2032047510147095 1.181673288345337
1.703657627105713 1.257951021194458 1.0491334199905396
1.7085789442062378 1.9893792867660522 2.321110248565674
1.6499062776565552 1.9725379943847656 2.020705223083496
2.1246390342712402 2.1472949981689453 1.8647725582122803
1.8778278827667236 1.9358432292938232 1.8628461360931396
2.481019973754883 2.449686050415039 2.4915382862091064
4.907169342041016 4.686561107635498 4.232456684112549
6.366652965545654 6.1451897621154785 5.852858066558838
8.462627410888672 8.239551544189453 7.805243492126465
8.472786903381348 8.507089614868164 8.50196361541748
6.056041240692139 5.527997970581055 4.8941450119018555
4.203804969787598 4.292179107666016 4.500655651092529
2.7360806465148926 2.9736557006835938 3.0452322959899902
2.264275312423706 2.3758347034454346 2.135579824447632
3.6108434200286865 3.256100654602051 2.8685696125030518
3.796416759490967 3.6165175437927246 3.0976402759552
4.883339881896973 4.798674583435059 4.050768852233887
4.579875946044922 4.603152275085449 4.0986785888671875
4.278015613555908 4.078343391418457 3.502284288406372
5.434814453125 5.4534382820129395 5.015589237213135
3.723829746246338 3.6706652641296387 3.2829384803771973
3.867281913757324 3.2593021392822266 2.588454008102417
3.7874131202697754 3.8884971141815186 3.3338193893432617
4.731542110443115 4.908203125 4.772768974304199
5.673147201538086 5.812295436859131 5.524563789367676
5.752044200897217 5.48812198638916 5.118719577789307
5.636268138885498 5.68076229095459 5.306756019592285
6.658700942993164 6.649726867675781 6.554592609405518
6.194957256317139 6.307369232177734 6.3528151512146
7.337563514709473 7.371400356292725 7.378208637237549
4.99699068069458 5.221114158630371 5.615692138671875
1.4204955101013184 1.5191576480865479 1.6713838577270508
1.5145037174224854 1.753525972366333 1.7876734733581543
1.9691485166549683 1.6569709777832031 1.5019323825836182
1.7795511484146118 1.787818431854248 1.748607873916626
3.0324926376342773 3.087113380432129 2.91982102394104
2.4065825939178467 2.4103612899780273 2.0022635459899902
3.00763201713562 2.5858395099639893 2.299591064453125
5.586497783660889 5.136266231536865 4.673896789550781
8.09192943572998 7.796632289886475 7.339263439178467
6.9071807861328125 6.838561058044434 6.598877906799316
4.974035739898682 5.05037784576416 4.485543251037598
2.6959853172302246 3.062272310256958 3.315643310546875
2.2118191719055176 2.3984670639038086 2.588263988494873
2.400546073913574 2.4082274436950684 2.3639142513275146
2.6786293983459473 2.6392438411712646 2.307805299758911
2.5143182277679443 2.362138032913208 1.9452300071716309
3.927579164505005 3.4785799980163574 2.803344964981079
4.045565128326416 4.14877462387085 3.6558589935302734
2.139678716659546 2.261587142944336 1.9810463190078735
3.7707784175872803 3.950056314468384 3.485058307647705
5.9662556648254395 5.920146465301514 5.5267252922058105
3.77644681930542 3.6736817359924316 3.0285162925720215
3.252093553543091 3.2370734214782715 2.8069663047790527
4.961964130401611 4.90778112411499 4.283670425415039
5.485504627227783 5.391855239868164 4.730445861816406
6.277652263641357 6.2168474197387695 6.076355457305908
6.21945858001709 6.152131080627441 5.686761856079102
7.106470108032227 6.911891937255859 6.431520462036133
6.177590847015381 6.019083023071289 5.398114204406738
6.125537872314453 6.23588752746582 5.99550724029541
6.397919654846191 6.46694278717041 6.526350498199463
5.746618270874023 5.429238796234131 4.926627159118652
0.9879556894302368 0.925057053565979 0.873696506023407
1.706961989402771 1.4676439762115479 1.139389157295227
2.0731964111328125 2.213662624359131 2.3908159732818604
2.6110997200012207 2.882394790649414 2.6910459995269775
3.00046443939209 2.689415454864502 2.636047124862671
3.6300201416015625 2.6709680557250977 2.20430588722229
4.341553211212158 3.852196216583252 3.552915096282959
5.43675422668457 4.737864017486572 4.034475803375244
6.047921180725098 5.848405838012695 5.163379192352295
6.781039237976074 6.455108165740967 5.878172397613525
5.766734600067139 5.590719699859619 5.32984733581543
2.552914619445801 2.514256238937378 2.097857713699341
2.009945869445801 2.087003469467163 2.1293535232543945
1.7098537683486938 1.7784428596496582 1.604906439781189
1.543009638786316 1.6378111839294434 1.4481768608093262
2.9490537643432617 2.8345611095428467 2.264265775680542
2.824481248855591 2.5458712577819824 2.1979448795318604
2.2326698303222656 2.282175064086914 2.0510430335998535
2.025156021118164 2.1915926933288574 1.7884165048599243
3.3540127277374268 3.073441505432129 2.668440818786621
5.597013473510742 4.881686210632324 3.97932767868042
4.4478678703308105 4.0766754150390625 3.549666404724121
2.4318885803222656 2.5338876247406006 2.213778495788574
2.913501739501953 3.0395398139953613 2.736879825592041
6.029556751251221 5.791869640350342 5.154627323150635
6.975788593292236 6.547709941864014 5.985780239105225
7.531569957733154 7.155675411224365 6.566822052001953
6.6324462890625 6.036019802093506 5.258328914642334
5.746718883514404 5.054905891418457 4.150506973266602
4.244549751281738 4.016322135925293 3.452310085296631
4.795479774475098 4.291266918182373 3.4919440746307373
3.8296895027160645 3.764470100402832 3.1194381713867188
1.8710697889328003 1.4780031442642212 1.1776273250579834
2.5399537086486816 2.128178834915161 1.7538000345230103
2.338838815689087 1.9487465620040894 1.6008535623550415
2.900724411010742 3.007401466369629 2.167534828186035
3.3591408729553223 3.5646097660064697 3.2205464839935303
4.202484130859375 3.8981988430023193 3.126934766769409
5.359000205993652 5.221568584442139 4.4532928466796875
5.669683933258057 5.554408550262451 5.0734052658081055
7.55012845993042 7.142452239990234 6.73209285736084
5.008646488189697 4.659128189086914 3.8054358959198
4.062325954437256 3.7287957668304443 3.436455011367798
2.6559815406799316 2.4596314430236816 1.9385895729064941
1.7226403951644897 1.4778013229370117 1.2321116924285889
1.4811948537826538 1.3575447797775269 1.2333273887634277
1.0085337162017822 0.9863295555114746 1.010471224784851
1.8797627687454224 1.9829118251800537 1.625279188156128
2.548333168029785 2.1262965202331543 1.8763940334320068
2.157233238220215 1.8873038291931152 1.7736200094223022
1.8650602102279663 1.8500076532363892 1.5963311195373535
2.7209835052490234 2.919794797897339 2.4536054134368896
4.918955326080322 4.388779640197754 3.6244142055511475
3.0370593070983887 2.5759215354919434 2.0079357624053955
2.5381507873535156 2.35019588470459 1.9632337093353271
2.7189102172851562 2.794552803039551 2.1715822219848633
4.352535724639893 4.27340841293335 3.788271188735962
6.218220233917236 5.693444728851318 4.657434463500977
6.519118309020996 6.3767313957214355 5.88451623916626
5.855290412902832 5.284463882446289 4.628337860107422
5.1997504234313965 4.484691619873047 3.9418842792510986
4.634320259094238 3.518244743347168 3.0572688579559326
4.151605129241943 3.2089781761169434 2.54595685005188
3.384007692337036 3.266065835952759 2.3401265144348145
2.8573458194732666 2.4548394680023193 2.236407518386841
3.999067783355713 3.324326276779175 2.9807634353637695
4.972672462463379 4.118619918823242 3.644005060195923
3.46844482421875 2.940412998199463 2.6265032291412354
3.541983127593994 3.0371367931365967 2.9232118129730225
6.707709312438965 6.068477630615234 5.494606971740723
4.765954494476318 4.349852085113525 3.680418014526367
4.366573810577393 4.286046981811523 3.6700596809387207
4.492831230163574 4.782692909240723 4.597245216369629
4.513737678527832 3.6614952087402344 3.213160753250122
3.910615921020508 3.1342155933380127 2.552849054336548
3.102180242538452 2.3999433517456055 2.000239372253418
2.1409130096435547 1.8490474224090576 1.4536398649215698
1.9098750352859497 1.6017078161239624 1.5273146629333496
1.4295151233673096 1.1639299392700195 1.006827473640442
2.1300888061523438 1.622668981552124 1.3743360042572021
2.0972414016723633 1.7545626163482666 1.7109336853027344
1.645875096321106 1.6396863460540771 1.5375908613204956
2.363729238510132 2.06181001663208 1.7467355728149414
3.2976298332214355 2.9311370849609375 2.4043188095092773
4.481660842895508 3.7468860149383545 3.180030345916748
2.3937931060791016 2.211761474609375 1.8125734329223633
1.8665084838867188 1.598677158355713 1.396559715270996
1.5780775547027588 1.492114543914795 1.3689756393432617
2.092024326324463 2.304018497467041 2.417534589767456
2.511319875717163 2.620455026626587 2.522000789642334
2.8749656677246094 2.7357349395751953 2.628446340560913
3.274787425994873 3.332521677017212 2.6573069095611572
4.329279899597168 4.006745338439941 3.2064929008483887
3.011241912841797 3.142153739929199 2.3088388442993164
2.6853179931640625 2.0880117416381836 1.6081609725952148
2.7097456455230713 2.3037009239196777 1.9710227251052856
3.5314764976501465 2.3975460529327393 1.9078164100646973
5.173151016235352 4.916835308074951 4.648926734924316
5.038175582885742 4.694132328033447 3.9847428798675537
6.788325786590576 6.494213104248047 6.063502311706543
5.832998275756836 4.607017517089844 3.799114942550659
6.332115173339844 5.5200958251953125 4.996464729309082
4.885706901550293 4.601142406463623 4.500526428222656
5.694498062133789 5.366919040679932 4.564276695251465
4.043615341186523 4.050909996032715 3.4238336086273193
3.2529168128967285 3.21710467338562 2.370866060256958
3.8481242656707764 3.8597965240478516 3.186821460723877
3.322091817855835 2.6578829288482666 2.161515235900879
3.6350955963134766 2.9611411094665527 2.5416452884674072
2.944911479949951 2.271397590637207 1.749104380607605
2.4012677669525146 1.9410771131515503 1.5727280378341675
1.5518052577972412 1.3010423183441162 1.1395478248596191
1.2451131343841553 1.0891637802124023 0.9535292983055115
2.7178966999053955 2.395773410797119 1.776724934577942
2.5285117626190186 2.6901988983154297 2.2231009006500244
3.300187587738037 3.4129116535186768 2.773879051208496
3.6604292392730713 3.0098984241485596 2.6226720809936523
1.9949018955230713 1.8315788507461548 1.3760851621627808
2.276167631149292 1.9517762660980225 1.567223072052002
1.877048373222351 1.7691631317138672 1.8849693536758423
2.0110507011413574 2.10256290435791 1.5601866245269775
2.288039445877075 2.4404897689819336 1.8536385297775269
2.3082172870635986 2.100015878677368 1.958363652229309
2.256155252456665 2.314396619796753 1.600380778312683
2.135230302810669 2.4444005489349365 2.0919623374938965
2.1860101222991943 1.814393162727356 1.502324104309082
3.740396738052368 2.9015777111053467 2.471745491027832
3.8847405910491943 2.771674633026123 2.140824794769287
3.2788774967193604 3.2559316158294678 3.145549774169922
4.0189208984375 4.392705917358398 4.743154048919678
8.432607650756836 8.4577054977417 8.43954849243164
5.949207305908203 5.206050395965576 4.311502933502197
6.188167572021484 5.107997417449951 4.599915027618408
5.521804332733154 4.437069892883301 3.776488780975342
5.248178958892822 4.419678688049316 3.8740570545196533
6.120232105255127 5.550327777862549 4.416345596313477
3.721125364303589 3.924100637435913 3.5962042808532715
3.2800679206848145 2.9597291946411133 2.764389991760254
3.711512327194214 3.408249855041504 2.643183469772339
3.2260184288024902 3.357264757156372 2.6027958393096924
3.0287182331085205 3.07804012298584 2.250617265701294
3.1329033374786377 3.308248996734619 3.381845474243164
2.791644811630249 2.9136383533477783 2.295668601989746
1.2210557460784912 1.2659516334533691 1.1508102416992188
1.7988762855529785 1.485347032546997 1.375720739364624
2.5226263999938965 2.438541889190674 2.1603000164031982
2.7636191844940186 2.703883647918701 2.4859840869903564
4.495257377624512 4.462806224822998 3.814492702484131
3.3515496253967285 3.1674716472625732 2.8675405979156494
2.0656864643096924 2.231765031814575 1.7050421237945557
1.9029308557510376 1.7928988933563232 1.5082898139953613
2.262315511703491 2.3710598945617676 2.580500602722168
1.9180501699447632 2.1108264923095703 2.3040523529052734
2.094822645187378 2.078080654144287 1.9911220073699951
1.6777136325836182 1.725953221321106 1.6959336996078491
2.282965898513794 1.8875985145568848 1.8078211545944214
2.8003406524658203 2.247994899749756 1.7598600387573242
2.8494434356689453 2.7576634883880615 2.0846409797668457
7.772714614868164 7.501824855804443 6.9075446128845215
4.7006072998046875 4.659331798553467 4.638082981109619
4.424786567687988 4.681585788726807 4.634360313415527
5.612894535064697 4.702703475952148 4.150551795959473
5.036137104034424 3.7098870277404785 3.1981818675994873
6.386160850524902 5.3332953453063965 4.5129594802856445
5.634677886962891 4.4329071044921875 3.659674644470215
5.042349815368652 4.21068000793457 3.4790029525756836
3.816814661026001 4.012503623962402 4.245180606842041
3.7269115447998047 3.439127206802368 3.2990331649780273
2.0595929622650146 1.6242921352386475 1.3266059160232544
3.035508394241333 2.4794723987579346 2.1976633071899414
2.944016933441162 3.122711420059204 3.2913906574249268
2.992269277572632 3.116600275039673 2.7076120376586914
2.401545763015747 2.1244568824768066 2.055131196975708
2.0224087238311768 2.208542823791504 1.7345882654190063
2.3127849102020264 2.5630345344543457 2.2286219596862793
1.84561288356781 1.7856533527374268 1.6764963865280151
1.3344284296035767 1.2999011278152466 1.312840223312378
2.095377206802368 2.1825060844421387 2.0823557376861572
1.840832233428955 1.8928096294403076 1.962119221687317
3.5706300735473633 3.600862503051758 3.605677843093872
3.240828514099121 3.1839983463287354 2.441699981689453
2.049929141998291 1.910279631614685 1.9216399192810059
1.4941229820251465 1.3418312072753906 1.1930139064788818
1.5801036357879639 1.1202034950256348 0.9053555727005005
1.7436851263046265 1.7051126956939697 1.3385611772537231
1.6147239208221436 1.6108622550964355 1.6793688535690308
1.075513243675232 1.1177737712860107 1.2042001485824585
1.4789693355560303 1.3475227355957031 1.2605472803115845
3.062849521636963 2.401876926422119 2.0662953853607178
3.3130812644958496 2.698631525039673 1.9432144165039062
7.2820353507995605 6.576643943786621 5.977644920349121
6.836601734161377 6.871097564697266 6.920984745025635
4.86260986328125 5.057018756866455 5.271295547485352
5.344634532928467 4.259794235229492 3.5816774368286133
5.309437274932861 4.0648698806762695 3.2941222190856934
4.314394950866699 3.1358330249786377 2.447726249694824
4.195315837860107 3.6591646671295166 2.85821270942688
4.542107105255127 3.4046576023101807 2.818812847137451
4.611942768096924 3.7135870456695557 2.9786312580108643
4.337248802185059 3.2056174278259277 2.7578508853912354
3.785285711288452 3.179655075073242 2.8038179874420166
1.7783780097961426 1.9514485597610474 2.209857702255249
2.4606001377105713 2.7238545417785645 3.0507242679595947
2.706278085708618 2.8754825592041016 2.924172878265381
2.1221742630004883 1.9510302543640137 1.9719202518463135
1.973191261291504 2.1830508708953857 2.3638365268707275
1.6699659824371338 1.3586182594299316 1.247373104095459
1.693407654762268 1.7418893575668335 1.9247750043869019
1.5561134815216064 1.6296818256378174 1.7382609844207764
1.3796998262405396 1.4817116260528564 1.4499160051345825
1.4819468259811401 1.4078141450881958 1.3830848932266235
3.0781846046447754 3.0471842288970947 2.755415916442871
4.188780784606934 3.4764370918273926 2.7878308296203613
3.1688501834869385 3.025414228439331 2.2087347507476807
2.051884412765503 1.7404968738555908 1.6931817531585693
1.7400931119918823 1.552264928817749 1.2938358783721924
1.852459192276001 2.0563244819641113 1.7571964263916016
2.446641683578491 2.108186721801758 2.0852575302124023
1.128935694694519 0.9436615109443665 0.8971778154373169
1.9901173114776611 1.5831010341644287 1.1515315771102905
3.044532537460327 2.459277868270874 1.6036967039108276
4.968697547912598 3.8756680488586426 3.2338242530822754
7.668558597564697 7.55580997467041 7.39399528503418
6.0080671310424805 5.723468780517578 5.6059675216674805
3.571214199066162 3.743990898132324 3.8563332557678223
2.432945966720581 1.6927447319030762 1.2982549667358398
2.8719146251678467 2.1951255798339844 1.5594078302383423
3.2532851696014404 2.392472982406616 1.807069182395935
4.928867816925049 3.702019453048706 2.912815570831299
5.0071635246276855 4.008215427398682 3.1551196575164795
3.985642910003662 3.016072988510132 2.366705894470215
4.117015838623047 2.8665406703948975 2.3844261169433594
3.6356801986694336 2.963797092437744 2.274230718612671
1.963381052017212 1.7144030332565308 1.6743133068084717
2.72035813331604 2.377535104751587 2.2910561561584473
2.3324499130249023 2.5761053562164307 2.6800622940063477
2.5660383701324463 2.673027753829956 2.6625101566314697
2.000368595123291 2.240983247756958 2.6275908946990967
0.8934036493301392 0.8538858890533447 0.8373700976371765
2.4197511672973633 2.310288906097412 1.6710833311080933
1.7500065565109253 1.7830570936203003 1.6089272499084473
2.323673725128174 2.517338275909424 2.106769323348999
2.953378200531006 3.0893263816833496 2.4001636505126953
3.4492199420928955 3.499244213104248 2.86063814163208
4.959718227386475 4.530076026916504 3.7951478958129883
2.7512850761413574 2.8581490516662598 2.3351850509643555
2.7443883419036865 2.86600923538208 2.8406822681427
3.596740484237671 3.549779176712036 2.8396244049072266
3.0852158069610596 3.220419406890869 2.6905903816223145
3.706014633178711 2.9267094135284424 2.194617986679077
3.302612066268921 2.6721384525299072 2.286071300506592
2.626629114151001 1.9635889530181885 1.6213488578796387
4.536921501159668 3.5971627235412598 2.748457670211792
6.501145839691162 6.330129623413086 5.555541038513184
7.101205825805664 7.074528217315674 7.054553508758545
5.447238445281982 5.4103498458862305 5.375412940979004
3.955994129180908 4.125197410583496 4.203167915344238
2.64729380607605 1.9840199947357178 1.6979496479034424
1.4407387971878052 1.1786943674087524 0.8568680286407471
1.5740851163864136 1.3491374254226685 1.1182198524475098
1.9706673622131348 1.6316030025482178 1.2531200647354126
2.3322603702545166 1.9275479316711426 1.4270052909851074
3.7215263843536377 2.725084066390991 2.296072006225586
4.398565769195557 3.43527889251709 2.621999979019165
3.851093292236328 3.7359979152679443 2.7755470275878906
2.8673079013824463 2.5525455474853516 2.5016274452209473
2.5703582763671875 2.758974313735962 2.1517224311828613
3.1454482078552246 2.450870990753174 1.865864634513855
3.2734920978546143 2.673706293106079 2.396550416946411
2.216895818710327 2.3601362705230713 1.9466140270233154
1.8739523887634277 1.3958379030227661 1.2153940200805664
2.757040500640869 2.113147020339966 1.9362279176712036
2.015634536743164 1.9434716701507568 1.4765485525131226
1.932816505432129 1.9733285903930664 1.8575809001922607
3.6165997982025146 3.231147527694702 2.414243459701538
4.434844017028809 3.683138847351074 3.0252013206481934
5.648872375488281 5.374510288238525 4.619265556335449
3.7994112968444824 3.837336540222168 3.4927945137023926
3.731046199798584 3.4519782066345215 2.6521358489990234
4.049254894256592 3.7764060497283936 3.034844160079956
2.995154619216919 3.0480103492736816 3.0091772079467773
3.1652190685272217 2.596122980117798 1.972879409790039
1.7938172817230225 1.458423137664795 1.2178802490234375
2.0532422065734863 1.6020773649215698 1.53241765499115
5.3173933029174805 4.251736164093018 3.394458770751953
6.647853851318359 5.6014509201049805 4.5962419509887695
6.104160785675049 5.95837926864624 5.66611385345459
4.840109348297119 4.905276298522949 4.5937299728393555
3.0084846019744873 3.237197160720825 3.452094316482544
2.843447685241699 2.0588104724884033 1.7711756229400635
1.754964828491211 1.3984301090240479 1.1951078176498413
1.103487253189087 0.9046924114227295 0.8037952184677124
2.211780071258545 1.6514954566955566 1.2826778888702393
1.988767385482788 1.3306477069854736 1.1226568222045898
3.3973195552825928 2.517169237136841 1.9250975847244263
3.420546054840088 2.8596999645233154 2.1761748790740967
5.707423210144043 5.149260520935059 4.035929203033447
2.3952291011810303 2.04972767829895 1.8780977725982666
3.2545695304870605 3.2204501628875732 2.5350255966186523
2.847254753112793 1.932045817375183 1.6115798950195312
3.191345691680908 2.7200613021850586 2.0309035778045654
2.614975929260254 2.675964117050171 1.8701212406158447
1.6101137399673462 1.2738478183746338 1.1086254119873047
2.639059543609619 1.7814064025878906 1.5913150310516357
1.7481722831726074 1.5463283061981201 1.238452434539795
2.2292633056640625 2.084824800491333 1.6041226387023926
2.193626642227173 1.724708080291748 1.5181584358215332
3.8181521892547607 3.766278028488159 3.060530662536621
6.072129726409912 6.017425060272217 5.860406398773193
5.304473876953125 4.892825603485107 3.893165349960327
3.2436819076538086 3.3481483459472656 3.3053221702575684
4.341192245483398 4.34104061126709 4.034398555755615
2.6629297733306885 2.5934135913848877 1.8501410484313965
2.8938679695129395 2.47629714012146 1.944948673248291
1.368205189704895 1.1692001819610596 1.0933465957641602
1.653477430343628 1.382856845855713 1.1435904502868652
3.8337960243225098 3.2484371662139893 2.87534236907959
6.127078056335449 4.985250949859619 3.8805088996887207
3.2418863773345947 3.512251377105713 3.6850104331970215
2.701108932495117 2.8819899559020996 3.1527211666107178
3.137540817260742 2.8618650436401367 2.662233591079712
2.2721476554870605 1.9058102369308472 1.877065658569336
1.9050110578536987 1.4790477752685547 1.4551981687545776
0.9709215760231018 0.7761090993881226 0.7781221866607666
1.496252417564392 1.59465754032135 1.5640084743499756
2.441647529602051 1.9289932250976562 1.5499420166015625
3.1874918937683105 2.895752429962158 2.185302495956421
2.9879631996154785 2.878281593322754 2.4694392681121826
3.578256845474243 3.5679240226745605 2.7896904945373535
4.830289363861084 4.619312763214111 4.122647762298584
3.1645593643188477 3.1498286724090576 2.9321701526641846
2.7513587474823 3.0170679092407227 2.5352210998535156
3.730753183364868 3.1315462589263916 2.6460092067718506
3.246835470199585 2.9869303703308105 2.263566493988037
4.029662132263184 3.2850453853607178 2.6104040145874023
1.9562782049179077 1.5647122859954834 1.4648220539093018
2.9067513942718506 2.862931251525879 2.6930742263793945
2.4868369102478027 2.5429558753967285 2.3722984790802
1.3409273624420166 1.2435098886489868 1.1094660758972168
3.719710111618042 3.663869857788086 3.3153076171875
7.4790544509887695 6.976480484008789 6.29401159286499
5.17227840423584 5.119405746459961 4.7929277420043945
4.440377235412598 4.30377721786499 3.7487199306488037
4.64200496673584 4.667247295379639 4.38362455368042
2.9874556064605713 2.527290105819702 2.245771884918213
2.197042226791382 1.8801950216293335 1.3675613403320312
1.0419652462005615 0.953162670135498 0.9760576486587524
2.381909132003784 2.463214635848999 1.6656193733215332
5.544425010681152 4.466760635375977 3.4743242263793945
3.815633773803711 3.877351760864258 3.874929666519165
2.356545925140381 2.558927297592163 2.770221710205078
2.2162973880767822 2.4359850883483887 2.538702964782715
1.9627259969711304 1.9686729907989502 1.8472535610198975
3.079488515853882 2.239467144012451 1.7634989023208618
3.521475315093994 2.73244309425354 2.027529716491699
1.1658860445022583 1.1340653896331787 1.255111813545227
2.0473997592926025 1.7378815412521362 1.4773974418640137
3.3723514080047607 2.5807929039001465 2.272158622741699
5.843569278717041 4.92367696762085 4.275885581970215
4.549994945526123 4.3799729347229 4.080633640289307
5.080354690551758 5.0002007484436035 4.457801818847656
7.201654434204102 6.811683654785156 6.2864990234375
8.092287063598633 8.069483757019043 7.996689796447754
5.391942977905273 5.33690881729126 4.375539302825928
6.167029857635498 5.13948917388916 4.181236743927002
5.983834266662598 5.605852127075195 4.76695442199707
5.729645729064941 5.463742256164551 4.642904281616211
4.689068794250488 4.537976264953613 3.6775624752044678
4.256831169128418 4.410200595855713 4.198949337005615
4.025050640106201 3.987204074859619 3.6758103370666504
3.7773373126983643 3.9046764373779297 3.862199068069458
4.798067092895508 4.458079814910889 3.4295248985290527
6.831080436706543 6.392402172088623 5.822899341583252
6.375482082366943 5.8770928382873535 5.245181083679199
5.419054985046387 5.331366539001465 5.132587432861328
5.668880939483643 5.617156505584717 5.433108806610107
4.413268089294434 4.4186224937438965 4.183984279632568
2.3078255653381348 1.9695630073547363 1.6077351570129395
3.008211374282837 2.903346300125122 2.308077812194824
3.8315927982330322 3.1595592498779297 2.3872175216674805
5.883434772491455 5.087976455688477 4.274564743041992
3.5733401775360107 3.3630013465881348 3.1846346855163574
2.820127010345459 3.108790397644043 2.4135165214538574
2.826847553253174 2.469024181365967 2.3407421112060547
2.1166908740997314 2.0573108196258545 2.14404034614563
3.556486129760742 3.10617995262146 2.7575433254241943
3.327267646789551 3.050262928009033 2.2944061756134033
1.8766355514526367 1.7221163511276245 1.5499603748321533
2.7168896198272705 2.2732834815979004 1.9725937843322754
3.585076093673706 3.491875648498535 3.1021716594696045
3.4630818367004395 3.3682332038879395 2.492316484451294
2.839336395263672 2.9731829166412354 3.1447110176086426
3.4363973140716553 3.4257001876831055 3.2985100746154785
5.150397777557373 4.909694194793701 4.024653434753418
5.763912677764893 5.912206649780273 5.76090145111084
7.367331504821777 7.261505603790283 7.10293436050415
5.237814426422119 4.184004306793213 3.3399386405944824
5.29716682434082 4.440840721130371 3.517467737197876
5.956887245178223 4.95522928237915 3.9545631408691406
4.847409248352051 4.520751476287842 3.845451831817627
4.30481481552124 4.265095233917236 3.7751080989837646
4.9550676345825195 4.43242073059082 3.5768544673919678
3.3568458557128906 3.3640642166137695 3.038426637649536
5.2829132080078125 4.897087574005127 3.9952354431152344
5.403484344482422 5.0946879386901855 4.26654577255249
3.5064992904663086 3.419584274291992 2.5804944038391113
4.620431900024414 4.06448221206665 3.1647720336914062
4.21342658996582 3.8633079528808594 3.2979085445404053
2.5841715335845947 2.3796370029449463 2.2584078311920166
2.3643527030944824 2.521402359008789 2.1391167640686035
2.7269742488861084 2.353102684020996 1.7572323083877563
4.7720184326171875 3.77181077003479 3.0185749530792236
4.359525680541992 3.445899724960327 2.707493305206299
3.910041093826294 3.066816806793213 2.5108418464660645
2.619044065475464 2.7610530853271484 2.382739305496216
1.7732712030410767 1.8448460102081299 1.8280882835388184
2.5204625129699707 2.3942389488220215 2.0168375968933105
4.0619425773620605 3.366105556488037 2.646970510482788
5.6588358879089355 4.863395690917969 3.5958452224731445
2.8246755599975586 2.5950632095336914 1.9708921909332275
1.6630942821502686 1.4402495622634888 1.4827938079833984
0.8889868855476379 0.8428516983985901 0.8585264682769775
2.146131992340088 1.9829282760620117 1.5664211511611938
1.6394953727722168 1.7931554317474365 1.631373643875122
1.8087235689163208 1.5834286212921143 1.4789707660675049
2.505018711090088 2.5143659114837646 2.2422943115234375
4.536202430725098 4.289938926696777 3.2186756134033203
3.897002935409546 3.910862445831299 3.1058189868927
4.291195392608643 3.4311180114746094 2.8365638256073
3.4843239784240723 2.85404372215271 2.502896308898926
2.914924144744873 2.831772565841675 2.0866329669952393
4.362363338470459 4.0710577964782715 3.284276008605957
3.580862045288086 3.5021986961364746 3.0264534950256348
2.3138482570648193 2.0375325679779053 1.8869025707244873
2.340416193008423 1.7635626792907715 1.633187174797058
3.2979066371917725 3.243272066116333 2.618899345397949
4.683801651000977 4.33901309967041 3.4707882404327393
2.5800771713256836 2.7580904960632324 2.1643195152282715
2.8331539630889893 2.753589391708374 2.668753147125244
3.4119064807891846 2.8071742057800293 2.474926471710205
3.124833345413208 3.0787999629974365 2.4514734745025635
2.2320704460144043 2.1246895790100098 1.946563482284546
3.384403944015503 2.926307201385498 2.213840961456299
3.406611442565918 3.0732290744781494 2.6514391899108887
4.1433820724487305 3.8618595600128174 2.779791831970215
5.05332088470459 4.247688293457031 3.3617236614227295
4.485469818115234 4.107081413269043 3.4548704624176025
1.7938357591629028 1.5834044218063354 1.5405845642089844
2.372586727142334 2.1068780422210693 2.02382230758667
6.16671085357666 6.148021697998047 5.967729568481445
5.108403205871582 4.611508369445801 3.5819618701934814
2.9397902488708496 2.684321880340576 2.4521660804748535
1.5998188257217407 1.3685448169708252 1.2547950744628906
1.42090904712677 1.2813076972961426 1.2158238887786865
1.0919160842895508 0.9863806962966919 1.0599576234817505
2.061220645904541 1.8948894739151 1.6558737754821777
2.5610671043395996 2.1754043102264404 1.9305660724639893
2.6367087364196777 2.7479772567749023 2.4944093227386475
4.113132476806641 3.5598411560058594 3.122602701187134
5.81289529800415 4.718238830566406 3.892831563949585
4.472369194030762 3.6763317584991455 3.080477714538574
2.5825629234313965 2.3698720932006836 2.1265218257904053
2.8875644207000732 2.4189276695251465 2.0373623371124268
3.041752338409424 2.728878974914551 2.4516117572784424
4.227350234985352 3.7709827423095703 3.0752766132354736
2.314527988433838 2.1912755966186523 2.025344133377075
1.6509628295898438 1.4562397003173828 1.4151426553726196
3.9763474464416504 3.3588457107543945 2.8680341243743896
4.959732532501221 4.740962505340576 4.142765522003174
4.166158676147461 3.757697820663452 3.1326651573181152
4.271355628967285 4.045604705810547 3.501800298690796
4.949090003967285 4.621367931365967 3.8599915504455566
3.84962797164917 3.6399269104003906 3.0060718059539795
3.3213589191436768 3.41441011428833 2.854159116744995
4.057163715362549 3.933288812637329 3.6234211921691895
3.129201889038086 2.671969175338745 2.0846505165100098
4.428571701049805 3.950779438018799 3.1431217193603516
5.233198165893555 4.964722633361816 4.012020587921143
4.7975287437438965 4.537015438079834 3.9516806602478027
2.2944846153259277 2.300987958908081 2.292088508605957
3.6114115715026855 3.529867649078369 3.530231237411499
6.460666179656982 6.37713098526001 6.366452693939209
7.301987171173096 7.190704345703125 7.046469211578369
5.43658447265625 5.302834987640381 4.843225955963135
4.126890182495117 3.828935146331787 3.5076141357421875
2.7254638671875 2.82650089263916 2.275352716445923
1.256467580795288 1.3242290019989014 1.4914236068725586
3.032649040222168 3.013946294784546 2.708261251449585
4.860847473144531 4.928427219390869 4.8925957679748535
4.471984386444092 4.5692267417907715 4.454500675201416
5.950236797332764 5.836553573608398 5.544713020324707
6.59374475479126 6.46344518661499 6.307600021362305
4.799805641174316 3.7791154384613037 2.9647040367126465
4.654759407043457 4.085464954376221 3.4340670108795166
3.5119564533233643 3.282620429992676 2.588320016860962
5.162332057952881 4.805826663970947 3.599912405014038
4.035627841949463 4.1329474449157715 3.6183228492736816
3.050581932067871 2.995218276977539 2.787231683731079
2.6564502716064453 2.705612897872925 2.16290283203125
4.45986270904541 4.1469573974609375 3.3131377696990967
6.10195255279541 5.959314823150635 5.25777530670166
5.212177753448486 4.6262078285217285 3.6873228549957275
5.144398212432861 4.880161285400391 4.386223316192627
5.748044967651367 5.574684143066406 5.031581401824951
3.826735019683838 3.59675931930542 3.3513526916503906
4.8163018226623535 4.089017868041992 3.333540201187134
3.619286298751831 3.4553651809692383 3.0169432163238525
3.788644313812256 3.5944573879241943 2.849602222442627
5.190507411956787 4.508342266082764 3.6936044692993164
5.549121856689453 5.3963623046875 5.066181182861328
4.733188629150391 4.446658134460449 4.186703681945801
1.996492862701416 2.11993408203125 2.0451912879943848
3.2462329864501953 3.062937021255493 2.598123073577881
3.9818813800811768 3.641777753829956 2.9462225437164307
5.5303802490234375 5.005380153656006 4.079988479614258
5.322999477386475 5.059532165527344 4.459832191467285
3.5082242488861084 3.3416976928710938 2.8748202323913574
1.2858645915985107 1.1598198413848877 1.0806282758712769
3.0622434616088867 2.5470404624938965 2.033764123916626
3.915222406387329 3.739222526550293 3.323289394378662
3.6838631629943848 3.5159451961517334 3.2913942337036133
4.369705677032471 4.275542259216309 3.83284068107605
5.652873516082764 5.573016166687012 5.33397912979126
5.451323986053467 5.101934432983398 4.39874792098999
6.043406963348389 5.953996658325195 5.692943096160889
5.009093761444092 4.8783721923828125 4.136513710021973
4.992091655731201 4.219250202178955 3.2639365196228027
3.966587543487549 3.6298766136169434 2.8808374404907227
5.082293510437012 4.704890251159668 3.843662738800049
4.465677261352539 4.525097846984863 4.1457037925720215
4.626829147338867 4.277353763580322 3.589688777923584
5.438689231872559 5.147424221038818 4.203857421875
7.483520984649658 7.282290458679199 7.03486442565918
5.628508567810059 4.91956901550293 4.043343544006348
5.788992881774902 5.220218658447266 4.235292911529541
5.8285369873046875 5.510491371154785 4.639244079589844
4.524600982666016 4.261284828186035 3.890772581100464
5.733713150024414 4.704410552978516 3.828448534011841
3.5960099697113037 3.0865588188171387 2.4824509620666504
4.88478422164917 3.9776177406311035 2.949310541152954
4.205340385437012 3.528207540512085 2.9378678798675537
4.49879264831543 3.913153648376465 3.295193910598755
4.248240947723389 4.037492752075195 3.896273136138916
2.608290195465088 2.334343194961548 2.1659932136535645
4.201435089111328 3.985004425048828 3.4339332580566406
5.700526237487793 4.604289531707764 3.5106756687164307
6.173189163208008 5.0756449699401855 4.161121845245361
6.189181804656982 5.803123950958252 4.930526256561279
5.715111255645752 4.781031608581543 3.9530093669891357
2.3876898288726807 2.1826424598693848 1.700993537902832
2.8014729022979736 2.442628860473633 1.8201836347579956
3.3316609859466553 3.141164541244507 2.9262402057647705
4.061365127563477 4.003542423248291 3.805255889892578
4.24177360534668 4.043707370758057 3.126983642578125
5.524770736694336 5.408544063568115 4.896365642547607
4.886529922485352 3.9809043407440186 3.253417730331421
6.271150588989258 5.875326156616211 4.730303764343262
5.74003267288208 5.445193290710449 4.462682247161865
5.525540828704834 4.996564865112305 4.0024847984313965
5.047284126281738 4.3316168785095215 3.5104875564575195
5.25155782699585 5.2432074546813965 4.711546421051025
4.910742282867432 4.801061153411865 4.190271854400635
5.639679908752441 5.568572998046875 4.929016590118408
6.256632328033447 5.884254455566406 5.235950946807861
6.518505573272705 6.1211419105529785 5.285186767578125
4.9809064865112305 4.370696067810059 3.7095131874084473
5.576327800750732 5.174213409423828 4.746983528137207
5.435478687286377 5.098590850830078 4.0860066413879395
6.119588375091553 5.022497177124023 4.027133464813232
5.907179832458496 4.888119220733643 3.746544122695923
4.8158063888549805 4.374486923217773 3.4816434383392334
7.404238224029541 7.1656718254089355 6.722240447998047
4.862063407897949 4.278677940368652 3.6941933631896973
5.286154270172119 4.544435501098633 3.8557279109954834
4.938185214996338 4.92566442489624 4.804337024688721
3.801668167114258 3.2147903442382812 2.7839553356170654
5.002781867980957 4.822330474853516 4.367445468902588
5.976277828216553 5.505488872528076 4.690842151641846
6.860230445861816 6.006471633911133 4.827487468719482
6.967186450958252 6.051169395446777 5.091398239135742
6.116652011871338 5.077691555023193 3.9486207962036133
4.603429794311523 4.2967376708984375 3.2694168090820312
3.354668140411377 2.9975523948669434 2.450924873352051
3.807443141937256 3.5948216915130615 2.865971803665161
5.514991283416748 5.401507377624512 5.174343585968018
5.945306777954102 5.404282093048096 4.503221035003662
5.175264835357666 4.616061210632324 3.7020745277404785
5.494358539581299 4.610396385192871 3.75579571723938
6.431971549987793 6.1086745262146 5.382837772369385
5.979439735412598 5.49673318862915 4.202075004577637
5.288379669189453 4.867105484008789 3.8129992485046387
5.477619171142578 4.497986316680908 3.612370491027832
4.867933750152588 4.81223201751709 4.433853626251221
5.125630855560303 5.059324264526367 4.3543243408203125
5.5835652351379395 5.311092853546143 4.560312271118164
6.685080528259277 6.305458068847656 5.506535530090332
7.126710414886475 6.975988864898682 6.586967945098877
5.598226070404053 5.068148136138916 4.200536251068115
6.11113977432251 5.835125923156738 4.850774765014648
6.184124946594238 6.023263931274414 5.55390739440918
7.880747318267822 7.7387166023254395 7.481019020080566
5.440556049346924 5.340590953826904 4.511537551879883
5.381086826324463 4.781735897064209 4.081685543060303
7.636070728302002 7.519772052764893 7.341893196105957
6.432298183441162 6.0680012702941895 5.136356353759766
5.594058990478516 5.015066623687744 4.182425498962402
5.213813781738281 4.9994988441467285 4.256936073303223
4.593277931213379 4.24113655090332 3.6648337841033936
5.667196273803711 5.166200160980225 4.45564079284668
6.1843109130859375 5.6846771240234375 4.87068510055542
6.435584545135498 5.19926643371582 4.194453716278076
7.328341484069824 6.334596157073975 5.467076301574707
6.413294315338135 5.975634574890137 4.856586933135986
5.349262237548828 4.367093086242676 3.45070219039917
3.6628427505493164 3.338101863861084 2.6705846786499023
4.855849266052246 4.39640474319458 3.6489181518554688
9.148825645446777 9.058765411376953 8.808676719665527
7.421216011047363 6.645330429077148 5.891971588134766
6.529627323150635 6.15666389465332 4.994991302490234
7.151027202606201 6.239223957061768 5.313553810119629
6.716879367828369 6.338902473449707 5.7496747970581055
6.103366851806641 5.89073371887207 5.320250034332275
6.255646705627441 5.670501232147217 4.443743705749512
6.459096908569336 6.093709945678711 4.959061622619629
6.565583229064941 6.085559844970703 5.32071590423584
5.859146595001221 5.630626201629639 4.985124111175537
5.7294020652771 5.302977561950684 4.223935127258301
7.7630109786987305 7.375885009765625 6.814807415008545
6.489394664764404 6.042605876922607 5.591285228729248
5.092057704925537 5.093186855316162 4.6193037033081055
6.26371431350708 5.756855010986328 5.0067644119262695
7.2881178855896 6.906146049499512 6.181751728057861
6.513422012329102 6.345591068267822 6.095273017883301
5.7644171714782715 5.366418838500977 4.501961708068848
6.540594577789307 6.396765232086182 5.5761942863464355
6.9536285400390625 6.522403717041016 5.524917125701904
5.433981418609619 4.646240234375 3.8196253776550293
4.890033721923828 4.489471912384033 3.7424349784851074
4.106123447418213 3.762016534805298 3.171276807785034
4.5037031173706055 3.6185715198516846 2.859098196029663
4.991303443908691 4.445952892303467 3.321485996246338
6.708135604858398 5.719902515411377 4.718903541564941
6.183992862701416 5.660487651824951 4.657364845275879
6.635571002960205 5.507275104522705 4.482199192047119
8.442453384399414 8.11850357055664 7.585453987121582
5.160399436950684 4.887663841247559 3.9086923599243164
5.943235397338867 4.873335838317871 3.8966453075408936
5.597468852996826 5.288364887237549 4.202644348144531
5.884808540344238 5.735569953918457 5.169379234313965
8.869671821594238 8.469728469848633 8.025717735290527
7.630735397338867 7.0218377113342285 6.18270206451416
7.561712265014648 6.88538932800293 6.014830112457275
6.761139869689941 6.241247177124023 5.200070858001709
7.7221832275390625 7.109690189361572 6.406050682067871
6.109971523284912 5.467719078063965 4.501652717590332
5.403214931488037 4.929713249206543 4.106165885925293
5.578003406524658 4.883803844451904 3.677913188934326
5.72216796875 5.200813293457031 4.116528034210205
5.915575981140137 5.45619535446167 4.333951473236084
7.59442663192749 7.38032341003418 6.9223761558532715
7.597158432006836 7.14394998550415 6.448306560516357
6.178097248077393 5.632309436798096 4.565311431884766
6.952762126922607 6.364688873291016 5.46686315536499
6.87142276763916 6.31591796875 5.177194118499756
6.359346389770508 5.915743350982666 4.787423610687256
6.3134613037109375 5.2573347091674805 4.223506927490234
7.219671726226807 6.572396278381348 5.759315013885498
6.677920818328857 5.937451362609863 5.060725688934326
5.907655715942383 5.4835405349731445 4.861974239349365
5.878156661987305 5.361556529998779 4.161933422088623
4.9836530685424805 4.647330284118652 4.062100410461426
6.08365535736084 5.459208011627197 4.387431621551514
5.963858127593994 5.747354507446289 5.162717342376709
7.839426517486572 7.39777135848999 6.715614318847656
8.169792175292969 7.6346917152404785 6.922023773193359
7.8130598068237305 7.170774936676025 6.382436752319336
7.172473430633545 6.7671661376953125 5.846281051635742
6.878809928894043 6.3101654052734375 5.390361785888672
5.738203525543213 5.402005672454834 4.407042503356934
5.9289751052856445 5.6790547370910645 4.841446399688721
5.690769672393799 5.228187561035156 4.3608503341674805
7.118377208709717 6.925057411193848 6.54376220703125
7.995957374572754 7.317314624786377 6.48194694519043
7.868711471557617 7.491258144378662 7.066521644592285
7.8725433349609375 7.720856189727783 7.381830215454102
8.306539535522461 8.102129936218262 7.68321418762207
6.209794998168945 6.0491437911987305 5.606825828552246
7.083469867706299 6.371057033538818 5.571100234985352
5.793511867523193 5.698578834533691 5.40093994140625
6.518250465393066 6.189041614532471 5.57643461227417
6.0284833908081055 5.829345703125 5.089000225067139
7.313793182373047 6.7999467849731445 6.124917030334473
7.721590042114258 7.466861248016357 6.9649882316589355
6.023219108581543 5.336241245269775 4.437439441680908
5.963420867919922 5.735868453979492 5.095420837402344
6.643851280212402 6.1572065353393555 5.231270790100098
5.808727264404297 5.7024431228637695 5.563663482666016
6.780069351196289 6.341083526611328 5.7351813316345215
7.812507152557373 7.191640377044678 6.49552583694458
8.178471565246582 8.083687782287598 7.965277671813965
7.527815341949463 6.847355842590332 6.1197896003723145
6.696014881134033 6.574687957763672 6.298740386962891
6.808706760406494 6.719250679016113 6.587240219116211
5.679618835449219 5.443452835083008 4.737317085266113
8.33354377746582 7.872795104980469 7.351456642150879
8.737935066223145 8.492181777954102 8.080740928649902
9.107048034667969 8.99581527709961 8.733477592468262
7.470751762390137 7.177771091461182 6.533653736114502
6.983913421630859 6.544776439666748 5.797483444213867
6.59843111038208 6.163112163543701 5.527555465698242
6.393020153045654 5.961855411529541 5.1145501136779785
5.355191707611084 5.123879432678223 4.626428127288818
6.428793430328369 6.159012317657471 5.896413803100586
6.122920036315918 5.716053009033203 4.812796592712402
7.678718090057373 7.431489944458008 6.922515869140625
8.060750007629395 7.6823906898498535 7.0714850425720215
7.4391961097717285 7.176542282104492 6.749363422393799
7.824931621551514 7.624480724334717 7.230460166931152
6.850191593170166 6.543351173400879 5.972222805023193
6.864606857299805 6.656588077545166 6.265208721160889
5.876272201538086 5.6396660804748535 4.804013252258301
6.221663951873779 5.8178606033325195 4.84254789352417
5.757715225219727 5.589343070983887 4.557873249053955
6.982448577880859 6.565242290496826 5.911499977111816
6.9508280754089355 6.648134231567383 6.152944087982178
6.440626621246338 6.185700416564941 5.745997905731201
5.937840461730957 5.670808792114258 4.741986274719238
7.165530204772949 6.720416069030762 5.937044620513916
7.01125955581665 6.706683158874512 6.196949481964111
8.005133628845215 7.459326267242432 6.698247909545898
7.952629089355469 7.650430679321289 7.1532087326049805
7.593714237213135 7.305020809173584 6.687692642211914
8.211134910583496 7.920612335205078 7.579009532928467
6.201396942138672 6.0044636726379395 5.0592427253723145
7.443296909332275 7.035548210144043 6.356091022491455
7.744894027709961 7.4638261795043945 7.102001190185547
8.508984565734863 8.276252746582031 7.889105319976807
8.322361946105957 8.287606239318848 8.192939758300781
8.86500072479248 8.845441818237305 8.641510009765625
8.679389953613281 8.325017929077148 7.769120216369629
7.887314319610596 7.839799880981445 7.710310459136963
7.24334192276001 6.815927028656006 6.238849639892578
6.748661041259766 6.492103099822998 6.131822109222412
8.402769088745117 8.269277572631836 7.932141304016113
7.039423942565918 6.934352874755859 6.849041938781738
7.6500091552734375 7.49342155456543 7.3098578453063965
8.162636756896973 7.965136528015137 7.580382823944092
8.729293823242188 8.578044891357422 8.180378913879395
8.114510536193848 7.872064590454102 7.342667579650879
8.537715911865234 8.356891632080078 7.952478408813477
7.32476806640625 7.134110450744629 6.799051761627197
6.975007057189941 6.796204566955566 6.42529296875
6.505740165710449 6.296605110168457 5.98146390914917
6.3462138175964355 6.066258430480957 5.219346046447754
6.334010601043701 5.954926490783691 4.794281005859375
7.191198825836182 7.003973484039307 6.584203720092773
