0.28808718699603214

0.29127198457717896 0.28424763679504395 0.2718413770198822
0.26515042781829834 0.2551287114620209 0.2412194162607193
0.23313041031360626 0.22659294307231903 0.20841412246227264
0.27445197105407715 0.2715558707714081 0.2550557851791382
0.3235155940055847 0.32110387086868286 0.303803026676178
0.24219191074371338 0.24126790463924408 0.2227182537317276
0.2076205611228943 0.206084206700325 0.19225378334522247
0.2590956687927246 0.2588101327419281 0.23475483059883118
0.2998557686805725 0.2987658679485321 0.2747516334056854
0.3400077819824219 0.3406970202922821 0.3218385875225067
0.25592735409736633 0.25939705967903137 0.2364387810230255
0.21739009022712708 0.21929767727851868 0.19674815237522125
0.332579106092453 0.33533915877342224 0.3106684684753418
0.29477930068969727 0.2971898019313812 0.26681065559387207
0.31055524945259094 0.31548529863357544 0.2903040945529938
0.34048300981521606 0.34752798080444336 0.3269134759902954
0.27872341871261597 0.28849321603775024 0.26827096939086914
0.28709647059440613 0.29256582260131836 0.2734110653400421
0.32134222984313965 0.32579073309898376 0.30894148349761963
0.25419682264328003 0.2561989724636078 0.23655544221401215
0.3340967297554016 0.3372485339641571 0.31824207305908203
0.19253283739089966 0.19409415125846863 0.17279349267482758
0.291248619556427 0.29692956805229187 0.27132588624954224
0.33892446756362915 0.34407252073287964 0.32290831208229065
0.288847416639328 0.29512009024620056 0.2686978876590729
0.34489142894744873 0.34886041283607483 0.3340400457382202
0.27220404148101807 0.2777797281742096 0.25385165214538574
0.30179929733276367 0.306777685880661 0.2858412563800812
0.27446532249450684 0.28003743290901184 0.25711798667907715
0.24982690811157227 0.2545740306377411 0.2284301370382309
0.3000943660736084 0.31100037693977356 0.2874908149242401
0.2925410270690918 0.29844483733177185 0.27208638191223145
0.26507630944252014 0.25902509689331055 0.24135372042655945
0.20770263671875 0.19903762638568878 0.1838766634464264
0.33946797251701355 0.33141815662384033 0.31713756918907166
0.37623128294944763 0.373253732919693 0.3638029396533966
0.19068573415279388 0.1898481249809265 0.1737910360097885
0.27365684509277344 0.26838159561157227 0.24566544592380524
0.32763776183128357 0.33185872435569763 0.31365686655044556
0.35482409596443176 0.3522754907608032 0.3361324965953827
0.3762606680393219 0.37607699632644653 0.36163589358329773
0.231964111328125 0.23049652576446533 0.2068730890750885
0.15805351734161377 0.15335290133953094 0.13300709426403046
0.30002859234809875 0.3017466962337494 0.2713792622089386
0.17057637870311737 0.16890515387058258 0.149160236120224
0.2534371316432953 0.2563835680484772 0.23148953914642334
0.18054509162902832 0.1764054298400879 0.15774814784526825
0.2316620945930481 0.23277175426483154 0.2143227458000183
0.342557817697525 0.348763644695282 0.33480334281921387
0.189069926738739 0.18798010051250458 0.172398179769516
0.36475813388824463 0.3719925880432129 0.3582291603088379
0.34023183584213257 0.3418385982513428 0.32274141907691956
0.28968197107315063 0.2950557470321655 0.2721346318721771
0.22842055559158325 0.23114334046840668 0.21124494075775146
0.31777438521385193 0.3205614686012268 0.29527395963668823
0.24626968801021576 0.2502604126930237 0.22744841873645782
0.20731961727142334 0.2062542885541916 0.18663309514522552
0.30637937784194946 0.31087276339530945 0.2876846492290497
0.19932334125041962 0.2036871314048767 0.1782073974609375
0.32208529114723206 0.3260311782360077 0.30977630615234375
0.3316337466239929 0.3381250500679016 0.3237279951572418
0.349621444940567 0.35648900270462036 0.3440256118774414
0.32373854517936707 0.3294304311275482 0.3112408220767975
0.2735233008861542 0.2789057791233063 0.25288793444633484
0.362287312746048 0.35903656482696533 0.34484773874282837
0.30251485109329224 0.29468250274658203 0.27968889474868774
0.25005364418029785 0.2454705387353897 0.22492937743663788
0.34693607687950134 0.3423783481121063 0.32734033465385437
0.30875858664512634 0.3046875 0.283853143453598
0.37657541036605835 0.3745252192020416 0.36322104930877686
0.38245609402656555 0.37979772686958313 0.36904001235961914
0.41028356552124023 0.4059261083602905 0.39806437492370605
0.3169047236442566 0.3072710633277893 0.28738933801651
0.2023390382528305 0.19895583391189575 0.17677520215511322
0.36196988821029663 0.3599303066730499 0.33844467997550964
0.38524580001831055 0.38246098160743713 0.36921972036361694
0.346539705991745 0.34648457169532776 0.3194969594478607
0.38834348320961 0.38848721981048584 0.3714381456375122
0.3313216269016266 0.32861968874931335 0.3009406328201294
0.3933584690093994 0.39635157585144043 0.38193216919898987
0.25474804639816284 0.2513083517551422 0.2340867668390274
0.1376916915178299 0.1319984793663025 0.115432508289814
0.22576308250427246 0.23052705824375153 0.21301870048046112
0.4062562882900238 0.41066256165504456 0.40288856625556946
0.36893805861473083 0.3726288378238678 0.3541538119316101
0.34832507371902466 0.35370588302612305 0.33383339643478394
0.38864266872406006 0.3933688700199127 0.379781037569046
0.27682560682296753 0.27959415316581726 0.25713273882865906
0.373096227645874 0.3766116201877594 0.36279118061065674
0.4005783200263977 0.40420493483543396 0.3967301845550537
0.23878061771392822 0.23635517060756683 0.21415594220161438
0.29280561208724976 0.29657450318336487 0.2731594443321228
0.18788310885429382 0.1870005577802658 0.16482074558734894
0.2809649705886841 0.2859628200531006 0.2586907148361206
0.24129262566566467 0.245903879404068 0.21975407004356384
0.29634130001068115 0.2989019453525543 0.26922956109046936
0.2917705178260803 0.28834155201911926 0.26055505871772766
0.2087009847164154 0.1991240680217743 0.1829189658164978
0.18296809494495392 0.17556823790073395 0.1556701809167862
0.1395135074853897 0.13567772507667542 0.12258797138929367
0.17880815267562866 0.17422358691692352 0.1571182757616043
0.2525750696659088 0.24816083908081055 0.22786416113376617
0.15078991651535034 0.14171893894672394 0.13235384225845337
0.18616998195648193 0.17851579189300537 0.1595192700624466
0.4090973138809204 0.40500372648239136 0.395590215921402
0.2936854958534241 0.28169524669647217 0.25946134328842163
0.4077991545200348 0.4045857787132263 0.39490148425102234
0.19818252325057983 0.19204823672771454 0.17199932038784027
0.11590021848678589 0.10306594520807266 0.08841772377490997
0.21802832186222076 0.2114918828010559 0.19364912807941437
0.135641410946846 0.12823757529258728 0.1125369444489479
0.37395673990249634 0.37341323494911194 0.3592395782470703
0.39326155185699463 0.39388322830200195 0.3847520649433136
0.3056318163871765 0.30315592885017395 0.2855261266231537
0.19740571081638336 0.19275031983852386 0.17393182218074799
0.30957427620887756 0.3064298629760742 0.28184524178504944
0.13843262195587158 0.12661467492580414 0.10711009055376053
0.24212928116321564 0.23829051852226257 0.2152624875307083
0.1807675063610077 0.1720641553401947 0.1480063796043396
0.15195631980895996 0.14330990612506866 0.12454459071159363
0.36136361956596375 0.3649417757987976 0.3477274775505066
0.32707273960113525 0.32820597290992737 0.30189377069473267
0.15470445156097412 0.14819695055484772 0.12804940342903137
0.35127198696136475 0.3558596968650818 0.34169551730155945
0.3855661451816559 0.3889356255531311 0.377510666847229
0.35242798924446106 0.3558746576309204 0.3396435081958771
0.19415736198425293 0.1960161179304123 0.16814492642879486
0.32766538858413696 0.3312605917453766 0.3043518662452698
0.25623390078544617 0.2525976002216339 0.2286878377199173
0.15282678604125977 0.15241067111492157 0.1352090686559677
0.32326003909111023 0.31548696756362915 0.2907155156135559
0.26039308309555054 0.25124967098236084 0.22772571444511414
0.388714075088501 0.38338014483451843 0.3687323033809662
0.18383854627609253 0.1763097643852234 0.15902161598205566
0.33772000670433044 0.33589968085289 0.3132725656032562
0.21097634732723236 0.19952505826950073 0.18062184751033783
0.3736764192581177 0.3726274073123932 0.3555125892162323
0.13932952284812927 0.11788953095674515 0.10493110120296478
0.18992073833942413 0.17957483232021332 0.1591772884130478
0.32325369119644165 0.31774306297302246 0.2887589931488037
0.4023975133895874 0.3998112678527832 0.3874448835849762
0.28878307342529297 0.281982958316803 0.25550326704978943
0.17919743061065674 0.1642148792743683 0.14435535669326782
0.3393484652042389 0.3369317650794983 0.318935364484787
0.33417773246765137 0.327411413192749 0.3090250790119171
0.12413127720355988 0.11342953145503998 0.09982050955295563
0.17170245945453644 0.15867231786251068 0.13300253450870514
0.24118487536907196 0.23372353613376617 0.20758019387722015
0.33361437916755676 0.33360031247138977 0.30741170048713684
0.18007957935333252 0.16378028690814972 0.13840585947036743
0.13185034692287445 0.11637969315052032 0.10276591032743454
0.13827131688594818 0.12646757066249847 0.10776866227388382
0.22560089826583862 0.21840816736221313 0.19423770904541016
0.19544056057929993 0.18519973754882812 0.16346332430839539
0.2406531423330307 0.23830954730510712 0.20895445346832275
0.2932307720184326 0.2919190526008606 0.261076956987381
0.24266080558300018 0.23984572291374207 0.20753689110279083
0.3144448697566986 0.31794190406799316 0.2911584675312042
0.22397257387638092 0.22514909505844116 0.1970367133617401
0.28569671511650085 0.28676390647888184 0.2528234124183655
0.19656670093536377 0.18834874033927917 0.17333970963954926
0.15341299772262573 0.15003031492233276 0.13823094964027405
0.23423126339912415 0.22935718297958374 0.20899483561515808
0.19242680072784424 0.185304194688797 0.1727466881275177
0.22775091230869293 0.2144002765417099 0.19504958391189575
0.11685585230588913 0.10386154055595398 0.0951850563287735
0.2582721412181854 0.2454071193933487 0.2270980328321457
0.166936993598938 0.14925424754619598 0.13833291828632355
0.28085750341415405 0.265290766954422 0.24554091691970825
0.393707811832428 0.39139696955680847 0.378959983587265
0.11494498699903488 0.10044679045677185 0.08831417560577393
0.25110629200935364 0.23763984441757202 0.21031984686851501
0.16006577014923096 0.13664919137954712 0.12083978950977325
0.37518784403800964 0.37149083614349365 0.35274767875671387
0.4209810197353363 0.4183249771595001 0.40826600790023804
0.4236111640930176 0.41681167483329773 0.4078419804573059
0.23375509679317474 0.22158141434192657 0.20982946455478668
0.1685219258069992 0.15372848510742188 0.1400214582681656
0.09742607921361923 0.0834403708577156 0.07507766038179398
0.12588241696357727 0.10910958796739578 0.09720815718173981
0.3833131790161133 0.38314002752304077 0.3692370653152466
0.35225909948349 0.343885600566864 0.32673487067222595
0.22695910930633545 0.2128974199295044 0.19236810505390167
0.412356436252594 0.4133484661579132 0.40704286098480225
0.28616461157798767 0.2869054675102234 0.26014021039009094
0.12547048926353455 0.10978477448225021 0.09250309318304062
0.1692829728126526 0.15916374325752258 0.13719505071640015
0.14047563076019287 0.1283615380525589 0.11073124408721924
0.33855023980140686 0.34363409876823425 0.3128531277179718
0.1455121487379074 0.1376851350069046 0.11589803546667099
0.29644718766212463 0.29743659496307373 0.26124849915504456
0.19388383626937866 0.19617842137813568 0.17302994430065155
0.24170824885368347 0.2441069781780243 0.22094500064849854
0.20020240545272827 0.19689877331256866 0.17955593764781952
0.2997831702232361 0.2963464558124542 0.26925379037857056
0.1557815670967102 0.15044540166854858 0.14145644009113312
0.3076821267604828 0.30079641938209534 0.27747830748558044
0.40056726336479187 0.39576205611228943 0.3849385976791382
0.21339336037635803 0.201155886054039 0.1815159171819687
0.18495553731918335 0.16927117109298706 0.15697455406188965
0.12417206168174744 0.10293164849281311 0.0955342948436737
0.3493184745311737 0.34351101517677307 0.32214683294296265
0.40719687938690186 0.4056025743484497 0.39164039492607117
0.42921143770217896 0.4287862181663513 0.422208309173584
0.4162120223045349 0.4123880863189697 0.39955994486808777
0.3504318594932556 0.3395456075668335 0.3151473104953766
0.433565616607666 0.4244212210178375 0.41841021180152893
0.4046965539455414 0.3967422842979431 0.3828963339328766
0.11409350484609604 0.09498238563537598 0.09150152653455734
0.2499142587184906 0.23376032710075378 0.207833930850029
0.13810302317142487 0.11706791073083878 0.10649826377630234
0.16501902043819427 0.14630433917045593 0.12543734908103943
0.42529234290122986 0.4227463901042938 0.41841748356819153
0.43166637420654297 0.42462342977523804 0.41843023896217346
0.27568519115448 0.2667243480682373 0.23878145217895508
0.31855863332748413 0.31856483221054077 0.2955992519855499
0.13528946042060852 0.12004103511571884 0.10103462636470795
0.17274370789527893 0.14974655210971832 0.1279762238264084
0.1213572546839714 0.10563021153211594 0.0875687226653099
0.19844560325145721 0.1891651153564453 0.1653222143650055
0.40312308073043823 0.4038705825805664 0.39260271191596985
0.2409011423587799 0.2427244782447815 0.2084219604730606
0.1827753484249115 0.17770054936408997 0.15140290558338165
0.24509914219379425 0.24803952872753143 0.21688804030418396
0.3315090239048004 0.3303167223930359 0.2990112900733948
0.37604257464408875 0.3729235529899597 0.3504696488380432
0.3532254993915558 0.3493518829345703 0.3215996026992798
0.11538296192884445 0.10149993002414703 0.09514935314655304
0.18374501168727875 0.17661859095096588 0.16309615969657898
0.41380494832992554 0.4107116460800171 0.39997202157974243
0.4281595051288605 0.42562568187713623 0.41767576336860657
0.13945044577121735 0.11567045748233795 0.10970204323530197
0.10429411381483078 0.08382081985473633 0.0775146633386612
0.2408200055360794 0.22230416536331177 0.19859246909618378
0.12638726830482483 0.09687149524688721 0.08821245282888412
0.19080156087875366 0.1635906845331192 0.14830389618873596
0.3594542443752289 0.3474629819393158 0.32375669479370117
0.1104702427983284 0.08932291716337204 0.08597366511821747
0.24693068861961365 0.22227101027965546 0.20243167877197266
0.38808897137641907 0.3792065978050232 0.3648841679096222
0.18060991168022156 0.1531990021467209 0.1379934549331665
0.3090827167034149 0.29104164242744446 0.2712832987308502
0.34573179483413696 0.332649290561676 0.31235945224761963
0.36920997500419617 0.35659870505332947 0.34195446968078613
0.3928743898868561 0.3867354989051819 0.37754005193710327
0.3687881529331207 0.3612200915813446 0.34315961599349976
0.43000367283821106 0.4207674562931061 0.4157997667789459
0.1838569939136505 0.1599908471107483 0.1406262367963791
0.3708527386188507 0.36724549531936646 0.34787508845329285
0.19609197974205017 0.1758623570203781 0.15348654985427856
0.34028035402297974 0.3399990200996399 0.3140723705291748
0.414052277803421 0.4113990068435669 0.4011681079864502
0.36501631140708923 0.3659287691116333 0.3405829071998596
0.30074864625930786 0.30220475792884827 0.27027180790901184
0.14034298062324524 0.12857450544834137 0.10974978655576706
0.3286716938018799 0.33080294728279114 0.29624509811401367
0.2700929641723633 0.27180734276771545 0.24289514124393463
0.39341211318969727 0.3895067274570465 0.369287371635437
0.4093154966831207 0.4046667218208313 0.3910171091556549
0.3531627953052521 0.35054081678390503 0.32460200786590576
0.11292003095149994 0.09698321670293808 0.09096813201904297
0.3843567669391632 0.3760579228401184 0.3536451756954193
0.21722829341888428 0.19908714294433594 0.18187716603279114
0.10770327597856522 0.08615400642156601 0.08172184228897095
0.1758074313402176 0.14661799371242523 0.13147462904453278
0.20487253367900848 0.17437744140625 0.15813595056533813
0.27840352058410645 0.2533678412437439 0.23056988418102264
0.31191110610961914 0.29406630992889404 0.26656147837638855
0.14141979813575745 0.10991398990154266 0.10087326169013977
0.18416941165924072 0.15203073620796204 0.13847246766090393
0.31968092918395996 0.2983134984970093 0.27638164162635803
0.10789225250482559 0.08827446401119232 0.08646735548973083
0.14416491985321045 0.11930511146783829 0.11088766902685165
0.20680251717567444 0.18508867919445038 0.16501888632774353
0.11003207415342331 0.08975750207901001 0.08365835249423981
0.17855340242385864 0.15311166644096375 0.13689646124839783
0.2293718308210373 0.2077338993549347 0.19208566844463348
0.1306741088628769 0.10812252014875412 0.09696625173091888
0.34653934836387634 0.33826732635498047 0.3189517557621002
0.4129200577735901 0.40262067317962646 0.3887504041194916
0.23273923993110657 0.21454574167728424 0.18956349790096283
0.1150207370519638 0.097328782081604 0.08407163619995117
0.29033881425857544 0.28004971146583557 0.24594783782958984
0.1245492547750473 0.11166641861200333 0.09462396800518036
0.2617972195148468 0.2507389187812805 0.2174595594406128
0.40206727385520935 0.3985275626182556 0.38250160217285156
0.3657667934894562 0.3687867820262909 0.3373814523220062
0.2535095810890198 0.2557574212551117 0.2245432436466217
0.31401464343070984 0.3108683228492737 0.27783024311065674
0.204497292637825 0.19902944564819336 0.18254132568836212
0.38591688871383667 0.37868285179138184 0.3520616590976715
0.14538587629795074 0.13501454889774323 0.12070399522781372
0.3073408901691437 0.3014295995235443 0.2733636498451233
0.4203949570655823 0.4165429174900055 0.3985745906829834
0.15752367675304413 0.14104461669921875 0.12645258009433746
0.2717587947845459 0.2564396560192108 0.22952207922935486
0.3883912265300751 0.38082370162010193 0.3565685451030731
0.12722916901111603 0.09812121838331223 0.0874059796333313
0.18198932707309723 0.1409522444009781 0.1274283528327942
0.23843984305858612 0.20222702622413635 0.184930682182312
0.3873375654220581 0.3747996389865875 0.35332223773002625
0.41842883825302124 0.40632304549217224 0.3917052149772644
0.36492452025413513 0.3450056314468384 0.32759931683540344
0.2164394110441208 0.18343333899974823 0.16655249893665314
0.18158765137195587 0.15135596692562103 0.13729800283908844
0.10418874770402908 0.08177574723958969 0.07678766548633575
0.1332331746816635 0.10983730852603912 0.09986738860607147
0.14796900749206543 0.12662364542484283 0.11508052051067352
0.31824633479118347 0.30039340257644653 0.2788692116737366
0.0974714532494545 0.07565830647945404 0.06710101664066315
0.1109057143330574 0.09022139012813568 0.07944709807634354
0.25788789987564087 0.2362835705280304 0.2160031497478485
0.38443678617477417 0.37613680958747864 0.3586362600326538
0.181161031126976 0.15895205736160278 0.13667720556259155
0.39356040954589844 0.3892480432987213 0.3715035617351532
0.19052754342556 0.17502014338970184 0.1484784483909607
0.16247914731502533 0.14799872040748596 0.12397011369466782
0.3252641260623932 0.32152891159057617 0.28845277428627014
0.27831825613975525 0.28354036808013916 0.25362393260002136
0.20252135396003723 0.20153392851352692 0.17304803431034088
0.1516716331243515 0.14802615344524384 0.12635977566242218
0.1937943994998932 0.1873694360256195 0.16920198500156403
0.3069863021373749 0.304180383682251 0.268035888671875
0.22393280267715454 0.2187984436750412 0.19721971452236176
0.2665436863899231 0.25451213121414185 0.2303202897310257
0.36017778515815735 0.35107919573783875 0.3256044089794159
0.09640903770923615 0.07996929436922073 0.07349175214767456
0.13100451231002808 0.10207364708185196 0.09218079596757889
0.4177728593349457 0.41217124462127686 0.39532890915870667
0.23615075647830963 0.2006264626979828 0.181457981467247
0.11012998968362808 0.08267851173877716 0.0788637176156044
0.14948534965515137 0.11326819658279419 0.10544472187757492
0.406520813703537 0.39531388878822327 0.37661415338516235
0.43652620911598206 0.4287024438381195 0.41285696625709534
0.2744606137275696 0.243672713637352 0.23000159859657288
0.15960876643657684 0.128440722823143 0.11959041655063629
0.36788409948349 0.3479609191417694 0.3329535126686096
0.4148198068141937 0.4011167585849762 0.390807181596756
0.18168997764587402 0.14730921387672424 0.13630789518356323
0.2769639790058136 0.24764497578144073 0.22925350069999695
0.1531493216753006 0.11933988332748413 0.10741046816110611
0.18640342354774475 0.15151214599609375 0.13761140406131744
0.14184485375881195 0.11227741837501526 0.0998091772198677
0.32641682028770447 0.31639572978019714 0.28815850615501404
0.41395705938339233 0.40333327651023865 0.3818952441215515
0.3193396329879761 0.30462145805358887 0.268619567155838
0.147264301776886 0.1285497397184372 0.1059909239411354
0.23335637152194977 0.21900150179862976 0.1878221333026886
0.11407392472028732 0.10133581608533859 0.08676550537347794
0.25345325469970703 0.25080326199531555 0.2173692137002945
0.3558037281036377 0.3554438650608063 0.3278801143169403
0.1811905801296234 0.17122787237167358 0.14729714393615723
0.24840202927589417 0.24736085534095764 0.21520552039146423
0.13895286619663239 0.1320415586233139 0.10872489959001541
0.10307423025369644 0.0944908857345581 0.08028063923120499
0.13605785369873047 0.12669779360294342 0.10927395522594452
0.3890540301799774 0.3796403706073761 0.3575092852115631
0.19676974415779114 0.18230049312114716 0.16036786139011383
0.1426067054271698 0.11576899141073227 0.10388243198394775
0.19722798466682434 0.1672316938638687 0.14981016516685486
0.343585342168808 0.3288973569869995 0.3022099733352661
0.1764552742242813 0.1371283084154129 0.12236753106117249
0.09533154219388962 0.06869352608919144 0.06329534947872162
0.21972307562828064 0.17801502346992493 0.16060972213745117
0.30229640007019043 0.2734532356262207 0.2487787902355194
0.360065221786499 0.34074634313583374 0.3158529996871948
0.2119440883398056 0.16789579391479492 0.15384460985660553
0.11416038870811462 0.08478404581546783 0.07980073243379593
0.13116422295570374 0.10162991285324097 0.0937792956829071
0.25445374846458435 0.22119130194187164 0.20099137723445892
0.11461665481328964 0.08322414755821228 0.07583698630332947
0.12897947430610657 0.09507165104150772 0.08602135628461838
0.18889792263507843 0.15406757593154907 0.13401371240615845
0.2644943594932556 0.23339669406414032 0.2117099165916443
0.3753376603126526 0.36381834745407104 0.34236159920692444
0.41978058218955994 0.4085328280925751 0.38747236132621765
0.3974289000034332 0.388708233833313 0.3636743128299713
0.3598097860813141 0.351749986410141 0.3262479305267334
0.10546683520078659 0.08156734704971313 0.0745031088590622
0.08612067997455597 0.06971241533756256 0.06390882283449173
0.11871981620788574 0.10868335515260696 0.08956983685493469
0.16127575933933258 0.14876225590705872 0.12912169098854065
0.1279027760028839 0.11652582138776779 0.09569437801837921
0.3735547959804535 0.3751718997955322 0.35159537196159363
0.37143105268478394 0.3650144934654236 0.33096835017204285
0.2893887162208557 0.2907606065273285 0.24973493814468384
0.17178049683570862 0.16292083263397217 0.13764294981956482
0.280259907245636 0.2793058156967163 0.24081268906593323
0.41543811559677124 0.40703049302101135 0.38697728514671326
0.3431108295917511 0.3362218141555786 0.30450746417045593
0.16280953586101532 0.13733091950416565 0.11862763017416
0.28020694851875305 0.2658826410770416 0.2374490350484848
0.31518810987472534 0.3004847764968872 0.2774079740047455
0.2568264305591583 0.23194998502731323 0.20974406599998474
0.15225113928318024 0.11293337494134903 0.10126063972711563
0.11674844473600388 0.08535884320735931 0.07955332100391388
0.26071038842201233 0.2267865538597107 0.2047499567270279
0.16901683807373047 0.12868505716323853 0.11918720602989197
0.4242083728313446 0.41445255279541016 0.3949624300003052
0.1534338742494583 0.11104968935251236 0.10336251556873322
0.20431841909885406 0.16172051429748535 0.14906226098537445
0.31788524985313416 0.2814502418041229 0.2698630094528198
0.42386487126350403 0.41090747714042664 0.39870303869247437
0.35566985607147217 0.33789509534835815 0.3245348036289215
0.4082711935043335 0.39596977829933167 0.3788853883743286
0.3687293827533722 0.3489973247051239 0.33225828409194946
0.39912328124046326 0.384766548871994 0.36713460087776184
0.30305013060569763 0.28490614891052246 0.25116458535194397
0.198586568236351 0.16367696225643158 0.14298251271247864
0.2770577073097229 0.2570390999317169 0.22337685525417328
0.1809549629688263 0.15592920780181885 0.13538587093353271
0.12371035665273666 0.10674350708723068 0.09221138060092926
0.20081336796283722 0.1829300820827484 0.1539888083934784
0.24911892414093018 0.24029476940631866 0.20691217482089996
0.30788394808769226 0.3049643635749817 0.27439644932746887
0.273179829120636 0.27067437767982483 0.23618623614311218
0.3287034332752228 0.3221946060657501 0.2839741110801697
0.13756515085697174 0.1314324587583542 0.10885481536388397
0.3370570242404938 0.33553457260131836 0.3015323281288147
0.223539799451828 0.21539992094039917 0.1816992163658142
0.11241806298494339 0.09764321148395538 0.08333796262741089
0.39901456236839294 0.39170342683792114 0.37300217151641846
0.2264566570520401 0.20591571927070618 0.17708171904087067
0.4110547602176666 0.40112531185150146 0.38493743538856506
0.43333688378334045 0.42549216747283936 0.40873727202415466
0.37312716245651245 0.35735031962394714 0.3407762348651886
0.20139682292938232 0.15713277459144592 0.13976357877254486
0.0988171324133873 0.0697413831949234 0.06257058680057526
0.1936027556657791 0.14949320256710052 0.13573256134986877
0.3460520803928375 0.31679826974868774 0.2945478558540344
0.39810696244239807 0.38031524419784546 0.35599395632743835
0.4229586720466614 0.41045457124710083 0.3849318027496338
0.28879308700561523 0.2505960166454315 0.23151767253875732
0.23724496364593506 0.1919059157371521 0.17458567023277283
0.3476537764072418 0.3277631998062134 0.3078716993331909
0.24136456847190857 0.20008596777915955 0.18378622829914093
0.39913707971572876 0.3815936744213104 0.36283913254737854
0.4115857779979706 0.39884522557258606 0.38192325830459595
0.3303726315498352 0.3143521547317505 0.29184573888778687
0.1569029688835144 0.12074463814496994 0.10913801938295364
0.12036553025245667 0.0880841612815857 0.0790405124425888
0.23212343454360962 0.20116160809993744 0.16999103128910065
0.3908975124359131 0.38289642333984375 0.3595186173915863
0.3254406750202179 0.31860411167144775 0.2855358123779297
0.39423269033432007 0.3894992172718048 0.3656352460384369
0.3568418323993683 0.35807210206985474 0.32509520649909973
0.15220196545124054 0.13912543654441833 0.1162513941526413
0.20207102596759796 0.1943407505750656 0.16525524854660034
0.27627527713775635 0.27134427428245544 0.22954803705215454
0.19267262518405914 0.1846083551645279 0.15174800157546997
0.22096650302410126 0.21202632784843445 0.17454339563846588
0.11288899928331375 0.10507455468177795 0.08789309114217758
0.19165688753128052 0.1727954000234604 0.144757941365242
0.1288229525089264 0.11537288874387741 0.10094088315963745
0.1067931279540062 0.08264835178852081 0.07031023502349854
0.2011106312274933 0.16661782562732697 0.14508065581321716
0.3058299720287323 0.28844255208969116 0.25948938727378845
0.4002338647842407 0.38517633080482483 0.36282727122306824
0.34377923607826233 0.3230911195278168 0.2987442910671234
0.2358827441930771 0.1863231211900711 0.16689328849315643
0.15344269573688507 0.10981990396976471 0.09951382875442505
0.27602899074554443 0.23019608855247498 0.20491424202919006
0.3699135482311249 0.34728124737739563 0.3226814270019531
0.3772251009941101 0.35757625102996826 0.3312895596027374
0.162364661693573 0.12095656991004944 0.10735011845827103
0.13340924680233002 0.09901278465986252 0.08981378376483917
0.3890109658241272 0.37834569811820984 0.35974255204200745
0.18609294295310974 0.14585675299167633 0.12872055172920227
0.2910083830356598 0.26749029755592346 0.23705992102622986
0.37178629636764526 0.3602880835533142 0.33540815114974976
0.21137019991874695 0.17538288235664368 0.15614241361618042
0.13352859020233154 0.10241725295782089 0.09201192855834961
0.09642378240823746 0.07060475647449493 0.06358860433101654
0.11213281005620956 0.08912262320518494 0.07798278331756592
0.365095853805542 0.36051493883132935 0.3281840682029724
0.14063213765621185 0.12307509779930115 0.10398400574922562
0.266351580619812 0.25541621446609497 0.22213730216026306
0.3770923316478729 0.3725736737251282 0.3413155674934387
0.2771434485912323 0.2767232060432434 0.23927675187587738
0.3361319303512573 0.33628055453300476 0.3011273443698883
0.3428505063056946 0.3362730145454407 0.29622822999954224
0.3056325614452362 0.3029095530509949 0.2557351291179657
0.3599264323711395 0.36051931977272034 0.32502731680870056
0.2649100422859192 0.26186347007751465 0.21870283782482147
0.4105316698551178 0.3990936577320099 0.37682783603668213
0.3258570432662964 0.3174850344657898 0.2797016501426697
0.27035707235336304 0.2576605975627899 0.22396719455718994
0.11710784584283829 0.0872613862156868 0.0769491121172905
0.16065508127212524 0.12228679656982422 0.10597148537635803
0.4246317446231842 0.41231951117515564 0.3938315212726593
0.40931540727615356 0.39382028579711914 0.37185654044151306
0.2640332579612732 0.21701417863368988 0.18991105258464813
0.10559044778347015 0.07342490553855896 0.06520485877990723
0.19319908320903778 0.1457347273826599 0.13107679784297943
0.23793844878673553 0.1858663409948349 0.1648487150669098
0.3284560739994049 0.29560908675193787 0.2671583294868469
0.10605158656835556 0.07262922078371048 0.0646127313375473
0.18689259886741638 0.13942398130893707 0.12228044867515564
0.21695542335510254 0.173363596200943 0.1523878574371338
0.312261164188385 0.28125643730163574 0.2542266845703125
0.1091955155134201 0.08189106732606888 0.07373269647359848
0.25439319014549255 0.2257375568151474 0.19136621057987213
0.18516187369823456 0.15180331468582153 0.13231274485588074
0.0865277349948883 0.06572920083999634 0.06096736714243889
0.14286847412586212 0.11495707929134369 0.0988953560590744
0.18691419064998627 0.15794610977172852 0.13586300611495972
0.3142291307449341 0.30464357137680054 0.27095115184783936
0.22082018852233887 0.19431856274604797 0.1659281849861145
0.10468938946723938 0.09436888247728348 0.08197378367185593
0.32097941637039185 0.3217417597770691 0.28011995553970337
0.18731600046157837 0.17185023427009583 0.14450053870677948
0.25163909792900085 0.24785441160202026 0.2108132243156433
0.24583686888217926 0.23903892934322357 0.1953127384185791
0.38239553570747375 0.37717947363853455 0.3459550440311432
0.26254332065582275 0.2588679790496826 0.21209464967250824
0.19083142280578613 0.17123110592365265 0.140134796500206
0.2887014150619507 0.282211035490036 0.24473150074481964
0.37301167845726013 0.36837470531463623 0.33304521441459656
0.3480277955532074 0.33832594752311707 0.3025211989879608
0.17791762948036194 0.144772469997406 0.1194281354546547
0.2572985291481018 0.2315196990966797 0.19732652604579926
0.37259384989738464 0.3645414113998413 0.33610907196998596
0.31680983304977417 0.2960017919540405 0.2612030506134033
0.19794252514839172 0.1463991105556488 0.12643487751483917
0.1521458774805069 0.11106326431035995 0.10065336525440216
0.12908749282360077 0.09372607618570328 0.08523379266262054
0.1763816922903061 0.12898042798042297 0.11131740361452103
0.20796070992946625 0.16388770937919617 0.14035002887248993
0.134608194231987 0.09542753547430038 0.08236497640609741
0.10342711955308914 0.07119137048721313 0.0635259598493576
0.1610635221004486 0.11904300004243851 0.10309804975986481
0.3600464463233948 0.341687947511673 0.3166848123073578
0.14369626343250275 0.10812211781740189 0.09529601037502289
0.3509019911289215 0.3374709188938141 0.3078784644603729
0.16186608374118805 0.1313282996416092 0.113657645881176
0.11887308210134506 0.09213021397590637 0.08099331706762314
0.24364930391311646 0.21680572628974915 0.18864017724990845
0.28548312187194824 0.26589709520339966 0.2278594821691513
0.35255295038223267 0.3437618613243103 0.3108929693698883
0.2973351776599884 0.28435757756233215 0.24752375483512878
0.11451887339353561 0.09894507378339767 0.08618942648172379
0.18514865636825562 0.16547870635986328 0.14100773632526398
0.37034934759140015 0.36463242769241333 0.33362069725990295
0.29508069157600403 0.29202800989151 0.24969303607940674
0.31957563757896423 0.3212161660194397 0.27551692724227905
0.17956912517547607 0.17474371194839478 0.13693061470985413
0.13826747238636017 0.12487632781267166 0.10429170727729797
0.30391764640808105 0.30096304416656494 0.25699275732040405
0.33532461524009705 0.3267631232738495 0.28679636120796204
0.41138049960136414 0.39956966042518616 0.3762257695198059
0.2200818955898285 0.1979462057352066 0.16168716549873352
0.11472590267658234 0.08788859099149704 0.07521634548902512
0.14680874347686768 0.11615066975355148 0.09795574843883514
0.33339083194732666 0.3208680748939514 0.286259263753891
0.22357413172721863 0.17470067739486694 0.1478700488805771
0.11797641217708588 0.08384118229150772 0.07262671738862991
0.18648390471935272 0.14181728661060333 0.12407828122377396
0.10225985944271088 0.07191190123558044 0.0642867460846901
0.3176010251045227 0.2781439423561096 0.24011912941932678
0.1695871353149414 0.12771043181419373 0.10790616273880005
0.27133527398109436 0.2236972600221634 0.1909393072128296
0.1475442498922348 0.10922661423683167 0.08903295546770096
0.2827736735343933 0.24202987551689148 0.20714694261550903
0.4054415822029114 0.39963018894195557 0.3696690797805786
0.17155273258686066 0.13842324912548065 0.12066173553466797
0.09274927526712418 0.07031525671482086 0.061589229851961136
0.14187636971473694 0.1176474392414093 0.10169356316328049
0.2017885446548462 0.17465625703334808 0.1480594128370285
0.32616981863975525 0.3091737627983093 0.2743329703807831
0.1354648619890213 0.1199251264333725 0.10056239366531372
0.405906617641449 0.3931383490562439 0.36376243829727173
0.3834350109100342 0.372849702835083 0.3430875837802887
0.2273237556219101 0.21103961765766144 0.17763642966747284
0.1541363149881363 0.14111796021461487 0.1208929568529129
0.3362754285335541 0.33714571595191956 0.29420197010040283
0.2446667104959488 0.24020163714885712 0.1980494260787964
0.3007441759109497 0.2997627258300781 0.24976670742034912
0.2613355815410614 0.2626243233680725 0.21205323934555054
0.33406001329421997 0.333157479763031 0.29006776213645935
0.20103579759597778 0.18931613862514496 0.15266360342502594
0.25320518016815186 0.2477360963821411 0.20732659101486206
0.36930033564567566 0.3608818054199219 0.32730141282081604
0.17311428487300873 0.14814719557762146 0.12143909931182861
0.12507067620754242 0.09241805970668793 0.0810600146651268
0.21470186114311218 0.18673895299434662 0.15141549706459045
0.4152805507183075 0.40663233399391174 0.37597569823265076
0.35895875096321106 0.33729657530784607 0.30105021595954895
0.28997281193733215 0.2535243630409241 0.21587683260440826
0.24450740218162537 0.20379729568958282 0.17688320577144623
0.14393462240695953 0.10621630400419235 0.09190914034843445
0.34929192066192627 0.3306255340576172 0.2833966612815857
0.3988741636276245 0.3830505609512329 0.3427101969718933
0.35456207394599915 0.331399530172348 0.29069000482559204
0.17716054618358612 0.13711760938167572 0.11472568660974503
0.21388769149780273 0.17462536692619324 0.14460836350917816
0.31711888313293457 0.2957046329975128 0.2617494761943817
0.22266732156276703 0.18872027099132538 0.15870530903339386
0.11935227364301682 0.09185939282178879 0.07796244323253632
0.27248337864875793 0.25251737236976624 0.21249091625213623
0.3981150984764099 0.3905538320541382 0.3528958559036255
0.23145538568496704 0.20805086195468903 0.17180615663528442
0.10357587039470673 0.0875491052865982 0.07273364067077637
0.2543085813522339 0.23066365718841553 0.1956852376461029
0.3753194510936737 0.37166184186935425 0.33072423934936523
0.28675365447998047 0.2724938690662384 0.23440057039260864
0.12272265553474426 0.11405283957719803 0.09616558998823166
0.2165306806564331 0.20359385013580322 0.16978856921195984
0.2845785319805145 0.2780183255672455 0.23463913798332214
0.2643144130706787 0.2631441354751587 0.20737020671367645
0.2265166938304901 0.2269628345966339 0.17942208051681519
0.39358967542648315 0.38757529854774475 0.3552170395851135
0.1362600326538086 0.11936061084270477 0.10114099085330963
0.31518465280532837 0.3081514239311218 0.26310670375823975
0.20981763303279877 0.19745482504367828 0.16362281143665314
0.2861364483833313 0.28248292207717896 0.23028863966464996
0.3489753007888794 0.3448182940483093 0.2958458662033081
0.388875812292099 0.38388997316360474 0.3403952419757843
0.3412713408470154 0.3299889862537384 0.27740710973739624
0.3027886152267456 0.27879849076271057 0.23156976699829102
0.3757644593715668 0.3604165315628052 0.3166438043117523
0.11216644197702408 0.08227154612541199 0.07140170782804489
0.09299028664827347 0.06536202132701874 0.056862179189920425
0.11625534296035767 0.08622405678033829 0.07120101898908615
0.23714125156402588 0.1986643671989441 0.161713108420372
0.14124833047389984 0.10706456005573273 0.08658751100301743
0.10487993061542511 0.07269468158483505 0.058841973543167114
0.11142591387033463 0.08318714052438736 0.06777755171060562
0.3759678304195404 0.3651238977909088 0.32560423016548157
0.3431909680366516 0.3303353786468506 0.2871672213077545
0.14599931240081787 0.11794345080852509 0.09643496572971344
0.09493427723646164 0.07249970734119415 0.06058338284492493
0.33909672498703003 0.3255976438522339 0.2842576205730438
0.17175865173339844 0.15375272929668427 0.1268090307712555
0.12571075558662415 0.11168083548545837 0.09383206814527512
0.18232819437980652 0.16001299023628235 0.1351015418767929
0.3535879850387573 0.3424440026283264 0.3002762496471405
0.31828194856643677 0.3125823736190796 0.27414655685424805
0.1826580911874771 0.17028899490833282 0.14102652668952942
0.24256835877895355 0.2303217053413391 0.19263622164726257
0.347452849149704 0.34573954343795776 0.2982979416847229
0.22494587302207947 0.22211316227912903 0.1712459772825241
0.3486523926258087 0.3481651842594147 0.30365729331970215
0.2929428219795227 0.28937020897865295 0.24107037484645844
0.17529749870300293 0.17084446549415588 0.14325682818889618
0.11584945768117905 0.10068191587924957 0.0813596099615097
0.14119160175323486 0.12845735251903534 0.10784591734409332
0.25086846947669983 0.23398159444332123 0.17860597372055054
0.25958189368247986 0.2489428073167801 0.20297329127788544
0.286038339138031 0.2699359655380249 0.21787825226783752
0.4012194871902466 0.39223670959472656 0.34375789761543274
0.20610004663467407 0.17285096645355225 0.14193856716156006
0.14770996570587158 0.11642903089523315 0.0980711504817009
0.18824975192546844 0.15495665371418 0.12801705300807953
0.14651502668857574 0.11800149828195572 0.09869490563869476
0.3029867708683014 0.286493718624115 0.23612521588802338
0.10025963187217712 0.07622513175010681 0.0627918541431427
0.17426426708698273 0.14425261318683624 0.11422249674797058
0.21613459289073944 0.1911337524652481 0.15236450731754303
0.14026810228824615 0.11140637844800949 0.08940409123897552
0.2689160406589508 0.24774706363677979 0.20865122973918915
0.3924870789051056 0.38163673877716064 0.3422987461090088
0.28189370036125183 0.26481133699417114 0.21373793482780457
0.19235476851463318 0.17429465055465698 0.1373184770345688
0.09191909432411194 0.07383866608142853 0.06353045254945755
0.13163822889328003 0.11104772239923477 0.09356860816478729
0.27360987663269043 0.2550605237483978 0.21270062029361725
0.33083969354629517 0.3201195001602173 0.2776918113231659
0.24052615463733673 0.2230101078748703 0.18275991082191467
0.20405343174934387 0.18373994529247284 0.1503475308418274
0.12873202562332153 0.11782059073448181 0.09365015476942062
0.17992034554481506 0.16825377941131592 0.13544848561286926
0.25867992639541626 0.24947623908519745 0.2092706561088562
0.31951749324798584 0.3163797855377197 0.2623238265514374
0.2873119115829468 0.2822183072566986 0.22819240391254425
0.16585712134838104 0.15830865502357483 0.13019363582134247
0.2621619999408722 0.2520807385444641 0.2069588154554367
0.19328847527503967 0.1840837448835373 0.14745518565177917
0.16069592535495758 0.14857421815395355 0.12126383185386658
0.19177792966365814 0.1745411604642868 0.14062060415744781
0.11370328813791275 0.09543504565954208 0.07944897562265396
0.1527695655822754 0.13258405029773712 0.1100744903087616
0.3531946539878845 0.33821386098861694 0.29048797488212585
0.2810302972793579 0.25712233781814575 0.20438086986541748
0.24430803954601288 0.2180391252040863 0.17876209318637848
0.10244367271661758 0.0825621709227562 0.07164362818002701
0.2385036051273346 0.21815863251686096 0.1767295002937317
0.34793218970298767 0.335900217294693 0.28356948494911194
0.1858920007944107 0.16602620482444763 0.13102920353412628
0.10607621818780899 0.0824877992272377 0.06674478203058243
0.2730695605278015 0.25284716486930847 0.20073406398296356
0.33627936244010925 0.32634636759757996 0.273027628660202
0.141927108168602 0.11981509625911713 0.09752154350280762
0.17954587936401367 0.1564556211233139 0.12185320258140564
0.11089072376489639 0.08956737071275711 0.07263889163732529
0.24698752164840698 0.23302146792411804 0.1834060549736023
0.1560407429933548 0.13518789410591125 0.10937118530273438
0.09483569860458374 0.07849019765853882 0.06740778684616089
0.36029139161109924 0.350525826215744 0.3019339144229889
0.3947088122367859 0.3816292881965637 0.34707972407341003
0.28607940673828125 0.27773863077163696 0.2314363718032837
0.3606638014316559 0.35322898626327515 0.3037930727005005
0.21353910863399506 0.20041579008102417 0.16065973043441772
0.1421462595462799 0.1306561380624771 0.105194590985775
0.3186076283454895 0.3138091564178467 0.26205816864967346
0.22167319059371948 0.21795891225337982 0.1666518598794937
0.17268311977386475 0.16518859565258026 0.13180097937583923
0.34169813990592957 0.3377664089202881 0.2915302515029907
0.2070246785879135 0.19848082959651947 0.16355259716510773
0.3036537170410156 0.29804810881614685 0.2506656050682068
0.3405294418334961 0.3371974229812622 0.2796309292316437
0.3688533902168274 0.3628462553024292 0.320423424243927
0.23023906350135803 0.21582645177841187 0.17202365398406982
0.32292142510414124 0.3175523281097412 0.26501190662384033
0.10985156893730164 0.09434521943330765 0.08440251648426056
0.1017114520072937 0.08139153569936752 0.06948018074035645
0.32008785009384155 0.2953122854232788 0.23927786946296692
0.14800946414470673 0.12579327821731567 0.10713319480419159
0.2727043330669403 0.25197386741638184 0.2001771330833435
0.37789270281791687 0.36560481786727905 0.3196776807308197
0.1434912234544754 0.12249082326889038 0.09742531925439835
0.22787344455718994 0.21094325184822083 0.1690104752779007
0.2834172546863556 0.2681174576282501 0.20919117331504822
0.38634467124938965 0.36959150433540344 0.32471123337745667
0.21135061979293823 0.18784545361995697 0.1489453911781311
0.35349082946777344 0.34001049399375916 0.288695365190506
0.3067992627620697 0.2915211021900177 0.23716993629932404
0.27848148345947266 0.2618493437767029 0.21207308769226074
0.22709663212299347 0.2061482071876526 0.16765354573726654
0.1252131313085556 0.10849723219871521 0.08583036810159683
0.1618557721376419 0.14513030648231506 0.11965752393007278
0.33496183156967163 0.3166515827178955 0.26978492736816406
0.3775373101234436 0.36579951643943787 0.3234512507915497
0.26212742924690247 0.24915294349193573 0.20808690786361694
0.23527590930461884 0.2245856374502182 0.18100808560848236
0.1719694286584854 0.16530531644821167 0.13027721643447876
0.26404622197151184 0.25597599148750305 0.21276666224002838
0.2927807569503784 0.28650906682014465 0.2287786900997162
0.2371676117181778 0.2303873896598816 0.18031536042690277
0.3019919693470001 0.2969391644001007 0.23347584903240204
0.36767634749412537 0.3581569492816925 0.31098395586013794
0.22752802073955536 0.21830950677394867 0.17883864045143127
0.2786184549331665 0.26864439249038696 0.21846981346607208
0.3148006498813629 0.30503466725349426 0.25263458490371704
0.39356058835983276 0.37800851464271545 0.33978042006492615
0.28692877292633057 0.27537810802459717 0.22980482876300812
0.1358308047056198 0.12014028429985046 0.10096093267202377
0.18752776086330414 0.1686324030160904 0.13542525470256805
0.37406477332115173 0.3554370105266571 0.3111199140548706
0.2850341796875 0.2621318995952606 0.21039047837257385
0.3629964590072632 0.34894052147865295 0.29582327604293823
0.2999512553215027 0.2821929454803467 0.22593210637569427
0.209441140294075 0.1931946575641632 0.15138021111488342
0.3253062665462494 0.31139302253723145 0.2495252937078476
0.3840901255607605 0.3649778366088867 0.32218989729881287
0.3507481813430786 0.332464337348938 0.2744385302066803
0.2955310046672821 0.27943164110183716 0.23087680339813232
0.23902277648448944 0.222680926322937 0.1750480681657791
0.38616234064102173 0.3639770448207855 0.3232828378677368
0.2878824472427368 0.2721576690673828 0.21911531686782837
0.09908745437860489 0.0798947811126709 0.06673496961593628
0.17632748186588287 0.15916192531585693 0.12703768908977509
0.2156308889389038 0.1987806260585785 0.1574622541666031
0.24453571438789368 0.22872231900691986 0.18595488369464874
0.3062081038951874 0.2952668368816376 0.2428164780139923
0.35946035385131836 0.3452483117580414 0.29730457067489624
0.3051683306694031 0.2989642322063446 0.24980396032333374
0.3376151919364929 0.3269074559211731 0.28047946095466614
0.257557213306427 0.2501004934310913 0.2015794962644577
0.33505311608314514 0.32485777139663696 0.27261632680892944
0.3078717589378357 0.3015640079975128 0.2472500205039978
0.3438899517059326 0.3323677182197571 0.2831740379333496
0.25837087631225586 0.25034481287002563 0.20731264352798462
0.14295896887779236 0.13644939661026 0.11611972004175186
0.1825687289237976 0.1703953742980957 0.13978669047355652
0.367672860622406 0.35122382640838623 0.3071262538433075
0.2875092029571533 0.27483561635017395 0.22360526025295258
0.2001851201057434 0.18532541394233704 0.14455311000347137
0.25533103942871094 0.23553988337516785 0.1871073842048645
0.37565767765045166 0.35855579376220703 0.3173604905605316
0.33264774084091187 0.3149035573005676 0.2599707245826721
0.18191945552825928 0.16572879254817963 0.134158656001091
0.3367278277873993 0.31432437896728516 0.26423364877700806
0.285350501537323 0.26385757327079773 0.20946556329727173
0.12282628566026688 0.10220476984977722 0.0811772271990776
0.35154297947883606 0.32966941595077515 0.2742058336734772
0.31462541222572327 0.2949809432029724 0.23765982687473297
0.2849639654159546 0.26710256934165955 0.21147969365119934
0.2447337955236435 0.23159469664096832 0.1796846240758896
0.30856558680534363 0.2957037389278412 0.239290252327919
0.3613782525062561 0.34121137857437134 0.2931019365787506
0.33994412422180176 0.3207379877567291 0.2701556980609894
0.2568534314632416 0.24268735945224762 0.18925365805625916
0.1442336142063141 0.12664809823036194 0.10199935734272003
0.2696462869644165 0.2559914290904999 0.20534218847751617
0.3540129065513611 0.3391963243484497 0.2894645035266876
0.25722736120224 0.24556022882461548 0.19689953327178955
0.18303394317626953 0.17373232543468475 0.13277538120746613
0.24480976164340973 0.2344270944595337 0.1860044151544571
0.3208281099796295 0.3096472918987274 0.26175132393836975
0.29307129979133606 0.28457993268966675 0.2317308634519577
0.2618304491043091 0.25530967116355896 0.19689704477787018
0.19916565716266632 0.1994544416666031 0.15923108160495758
0.15195024013519287 0.15109212696552277 0.12707673013210297
0.18374216556549072 0.17523029446601868 0.14290912449359894
0.23030376434326172 0.21876665949821472 0.17548029124736786
0.3222561776638031 0.30675604939460754 0.2590807378292084
0.2791784107685089 0.2683652639389038 0.21083511412143707
0.11807239800691605 0.1071237325668335 0.09374233335256577
0.15813373029232025 0.14143116772174835 0.11828839778900146
0.33643272519111633 0.3171088993549347 0.26918265223503113
0.28478243947029114 0.2638578712940216 0.20997409522533417
0.3073328137397766 0.2825833261013031 0.23515282571315765
0.12447170913219452 0.10984711349010468 0.09311220049858093
0.24250929057598114 0.22067704796791077 0.16811424493789673
0.20219120383262634 0.1883598417043686 0.14601249992847443
0.16789288818836212 0.14955288171768188 0.11930409073829651
0.2464020997285843 0.22931097447872162 0.17530900239944458
0.2589840292930603 0.24130992591381073 0.18801429867744446
0.15033704042434692 0.13221263885498047 0.10313773900270462
0.22216473519802094 0.20742617547512054 0.1610581874847412
0.1123582273721695 0.09482952207326889 0.07498078048229218
0.3141997456550598 0.29575425386428833 0.24491018056869507
0.27181291580200195 0.2573094069957733 0.20149235427379608
0.207541361451149 0.19503259658813477 0.1522771269083023
0.31503844261169434 0.3020283877849579 0.24600902199745178
0.10987599194049835 0.10099653154611588 0.08103682845830917
0.3070274889469147 0.2901710569858551 0.23691248893737793
0.34768763184547424 0.33168527483940125 0.28697991371154785
0.12293902039527893 0.11467689275741577 0.08666795492172241
0.17930717766284943 0.16992974281311035 0.13185298442840576
0.20992867648601532 0.2001192420721054 0.1574527472257614
0.2520281672477722 0.24336807429790497 0.1928676962852478
0.3091796040534973 0.29549387097358704 0.24117298424243927
0.22206558287143707 0.21395917236804962 0.16278009116649628
0.3124881684780121 0.2933799922466278 0.2450987696647644
0.3580167889595032 0.34455767273902893 0.2975638806819916
0.3237707316875458 0.3069041073322296 0.2594078779220581
0.26767319440841675 0.25558820366859436 0.20018930733203888
0.22446005046367645 0.211955264210701 0.16434454917907715
0.14098384976387024 0.12875710427761078 0.11059655994176865
0.3427959382534027 0.326288104057312 0.2756868302822113
0.24898582696914673 0.2317020446062088 0.18015971779823303
0.21217580139636993 0.1942823827266693 0.14824733138084412
0.36306509375572205 0.34223663806915283 0.2964235544204712
0.26277396082878113 0.24049946665763855 0.1855926364660263
0.2812878489494324 0.2617360055446625 0.20781834423542023
0.25732722878456116 0.23801206052303314 0.19078247249126434
0.1367521435022354 0.11696045845746994 0.08814363181591034
0.1963791698217392 0.18010108172893524 0.13802166283130646
0.12293235212564468 0.1078881099820137 0.08277805149555206
0.28990399837493896 0.26823869347572327 0.21567793190479279
0.17272520065307617 0.15785397589206696 0.12336224317550659
0.1484268754720688 0.13226506114006042 0.1017695888876915
0.2211727499961853 0.20765559375286102 0.16343636810779572
0.16661272943019867 0.1520959585905075 0.1177973523736
0.11206654459238052 0.0985356792807579 0.07910435646772385
0.2555082142353058 0.2428562492132187 0.18953707814216614
0.13920317590236664 0.13022921979427338 0.1009603962302208
0.1855318397283554 0.1749926656484604 0.13604885339736938
0.21949024498462677 0.2106163650751114 0.1662299782037735
0.30343616008758545 0.28866297006607056 0.23942454159259796
0.15753020346164703 0.1490260362625122 0.11454971879720688
0.2675059139728546 0.25858038663864136 0.20329412817955017
0.3257504403591156 0.31204497814178467 0.26471948623657227
0.3428730368614197 0.3337007462978363 0.28571173548698425
0.26155683398246765 0.24933432042598724 0.1997152864933014
0.2387414574623108 0.2273649126291275 0.18116924166679382
0.17842723429203033 0.17366333305835724 0.13921523094177246
0.2432248741388321 0.23189310729503632 0.17989905178546906
0.3688434362411499 0.3527909517288208 0.3090742826461792
0.16742917895317078 0.15163052082061768 0.12189021706581116
0.24906499683856964 0.23221930861473083 0.1849449872970581
0.3132731020450592 0.29400789737701416 0.24181631207466125
0.3682061731815338 0.3491259813308716 0.30192244052886963
0.17249943315982819 0.15765945613384247 0.12677522003650665
0.13337871432304382 0.11767885833978653 0.09709692746400833
0.2130173146724701 0.19286580383777618 0.15262337028980255
0.32868605852127075 0.3032922148704529 0.2504393458366394
0.35050180554389954 0.3227553963661194 0.2704383432865143
0.15750177204608917 0.14272494614124298 0.11090116202831268
0.24535401165485382 0.22341012954711914 0.17403598129749298
0.3325967788696289 0.31253841519355774 0.2603800296783447
0.2128274142742157 0.19949597120285034 0.15285813808441162
0.14954820275306702 0.13653095066547394 0.1071474552154541
0.24633485078811646 0.23243878781795502 0.17849689722061157
0.29472047090530396 0.27587994933128357 0.22212275862693787
0.13155220448970795 0.11759431660175323 0.0901472195982933
0.19263841211795807 0.17675049602985382 0.13751907646656036
0.316440224647522 0.29910075664520264 0.2466086447238922
0.20004813373088837 0.18835006654262543 0.148845374584198
0.2802775502204895 0.2645268142223358 0.21688374876976013
0.24808369576931 0.23684534430503845 0.18647272884845734
0.13347238302230835 0.12387873977422714 0.09645317494869232
0.19621005654335022 0.18531326949596405 0.14600221812725067
0.21867480874061584 0.2086847424507141 0.1658521592617035
0.2956833839416504 0.2832784056663513 0.2318708449602127
0.27805328369140625 0.26380935311317444 0.21339260041713715
0.3268319070339203 0.31060686707496643 0.2598775625228882
0.3538684546947479 0.3395558297634125 0.2946634292602539
0.3471725285053253 0.3322610855102539 0.2853759229183197
0.31437039375305176 0.2955581843852997 0.2401706874370575
0.3339443802833557 0.31776925921440125 0.2646673619747162
0.20778310298919678 0.18733783066272736 0.14713217318058014
0.34714221954345703 0.33079594373703003 0.279163658618927
0.3712133467197418 0.35218101739883423 0.3040848970413208
0.2752513885498047 0.2515701949596405 0.20134183764457703
0.34798315167427063 0.3300701975822449 0.2802913188934326
0.31267648935317993 0.291232705116272 0.2395683228969574
0.16086769104003906 0.148029625415802 0.11652208119630814
0.28886398673057556 0.2653045952320099 0.21565571427345276
0.3749666213989258 0.35099083185195923 0.30923372507095337
0.1774516999721527 0.16329754889011383 0.12760089337825775
0.2858653664588928 0.2637963891029358 0.21141068637371063
0.3806459605693817 0.35732412338256836 0.31810638308525085
0.30646225810050964 0.2847000062465668 0.2315818816423416
0.3683677911758423 0.34729820489883423 0.3040584623813629
0.2729184031486511 0.2562493681907654 0.20571395754814148
0.3440510034561157 0.32342442870140076 0.2770414352416992
0.2954074740409851 0.2796648442745209 0.22756220400333405
0.3528769612312317 0.33205410838127136 0.28341174125671387
0.21879436075687408 0.20407970249652863 0.16408534348011017
0.33086100220680237 0.3127730190753937 0.2632561922073364
0.3489234447479248 0.3308412730693817 0.2880283296108246
0.3117252588272095 0.2951439619064331 0.2471899390220642
0.24810221791267395 0.2361057698726654 0.19235530495643616
0.1661422848701477 0.15693852305412292 0.12368256598711014
0.27694061398506165 0.2635992765426636 0.21769830584526062
0.23964615166187286 0.22980934381484985 0.18155920505523682
0.23555918037891388 0.22705022990703583 0.18396678566932678
0.19034196436405182 0.18518900871276855 0.14740216732025146
0.20173746347427368 0.19207939505577087 0.15553294122219086
0.27830827236175537 0.25995558500289917 0.20662641525268555
0.21257787942886353 0.20087692141532898 0.15614727139472961
0.18398036062717438 0.16971468925476074 0.13406087458133698
0.2900039255619049 0.27137619256973267 0.21979692578315735
0.2683921456336975 0.2448069006204605 0.1952693909406662
0.15778067708015442 0.13986901938915253 0.11480353027582169
0.21891768276691437 0.20186986029148102 0.15987811982631683
0.18906046450138092 0.17298085987567902 0.1363927572965622
0.2574138939380646 0.24003750085830688 0.19117458164691925
0.17555107176303864 0.16427204012870789 0.12886297702789307
0.3507170081138611 0.32827451825141907 0.28071829676628113
0.2509324550628662 0.23000171780586243 0.18344172835350037
0.2042805403470993 0.18898364901542664 0.14740101993083954
0.23612946271896362 0.21790535748004913 0.17223399877548218
0.34459108114242554 0.3220381736755371 0.2773510217666626
0.26278334856033325 0.24147480726242065 0.1894419640302658
0.30946114659309387 0.28792616724967957 0.235955610871315
0.3573227524757385 0.33744385838508606 0.2908695340156555
0.17563126981258392 0.1586022973060608 0.12786684930324554
0.22151339054107666 0.20744886994361877 0.16598603129386902
0.3187665641307831 0.2991796135902405 0.2522066533565521
0.28146445751190186 0.26246047019958496 0.21614240109920502
0.26173144578933716 0.24645963311195374 0.19984681904315948
0.30409109592437744 0.2882205545902252 0.24003201723098755
0.2600865066051483 0.24455717206001282 0.199268639087677
0.32917892932891846 0.3135824203491211 0.26540371775627136
0.18996144831180573 0.1800065040588379 0.14109066128730774
0.33315950632095337 0.3180554509162903 0.27114400267601013
0.287897527217865 0.27538150548934937 0.22979313135147095
0.2608311176300049 0.2522772550582886 0.20697832107543945
0.217514306306839 0.20769044756889343 0.16284193098545074
0.3423612713813782 0.32617247104644775 0.2819618582725525
0.24516187608242035 0.23028133809566498 0.18257439136505127
0.22129686176776886 0.2110171616077423 0.16762124001979828
0.25751304626464844 0.24003592133522034 0.19289493560791016
0.32573267817497253 0.30598342418670654 0.25283268094062805
0.21323473751544952 0.19682690501213074 0.1561255007982254
0.24683621525764465 0.22819536924362183 0.1802961528301239
0.3017849922180176 0.2765592932701111 0.22714205086231232
0.21160942316055298 0.19569998979568481 0.15500052273273468
0.2726292610168457 0.2523360848426819 0.20091383159160614
0.2979271113872528 0.27775299549102783 0.23075948655605316
0.2125570923089981 0.19756264984607697 0.15532732009887695
0.26064610481262207 0.24162541329860687 0.19161507487297058
0.34051069617271423 0.31540757417678833 0.26920562982559204
0.1891939342021942 0.17588549852371216 0.13478322327136993
0.24719931185245514 0.22932755947113037 0.17938995361328125
0.23267294466495514 0.20954681932926178 0.16262374818325043
0.1857297718524933 0.16978886723518372 0.13515622913837433
0.23976130783557892 0.22315627336502075 0.1788812279701233
0.3384988605976105 0.31787818670272827 0.2684183716773987
0.27819958329200745 0.2607337534427643 0.21341556310653687
0.22007831931114197 0.20583215355873108 0.1625942587852478
0.17323891818523407 0.1596755087375641 0.12461118400096893
0.21914063394069672 0.2079046070575714 0.16840556263923645
0.17790107429027557 0.16814959049224854 0.12988393008708954
0.23209717869758606 0.22015656530857086 0.17664708197116852
0.19164443016052246 0.1818096786737442 0.14239650964736938
0.23887692391872406 0.22709457576274872 0.18225905299186707
0.28386008739471436 0.27098649740219116 0.22365199029445648
0.20606295764446259 0.19770851731300354 0.15545235574245453
0.3208215534687042 0.30679386854171753 0.25934821367263794
0.28656554222106934 0.27186352014541626 0.22150102257728577
0.2552776336669922 0.24140340089797974 0.19188764691352844
0.30222228169441223 0.2840421497821808 0.23419025540351868
0.33530887961387634 0.3200951814651489 0.2716066539287567
0.289428174495697 0.2737066447734833 0.21922500431537628
0.31242620944976807 0.29496297240257263 0.24253956973552704
0.33998972177505493 0.3213484287261963 0.2664310932159424
0.3002742826938629 0.281230628490448 0.22598756849765778
0.337284117937088 0.31821420788764954 0.2657472491264343
0.278267502784729 0.2566753327846527 0.20293323695659637
0.33529022336006165 0.31448501348495483 0.2674831449985504
0.24282804131507874 0.22711555659770966 0.18361151218414307
0.30808866024017334 0.292404443025589 0.24290169775485992
0.29866036772727966 0.27828556299209595 0.227211132645607
0.2463712841272354 0.2306748330593109 0.18303954601287842
0.2821129262447357 0.2603403329849243 0.2107737809419632
0.3115074038505554 0.2890205383300781 0.2443714439868927
0.2732105255126953 0.25117027759552 0.20366249978542328
0.3096124529838562 0.28983843326568604 0.24091118574142456
0.281369149684906 0.26190540194511414 0.2132556289434433
0.2375277578830719 0.21961016952991486 0.17501308023929596
0.2879224121570587 0.27114149928092957 0.2242300808429718
0.30599406361579895 0.28807762265205383 0.2384345829486847
0.2622583210468292 0.24682357907295227 0.19838230311870575
0.28203311562538147 0.2676803767681122 0.2182210087776184
0.31014084815979004 0.2955353260040283 0.2468445748090744
0.2734471261501312 0.2637205719947815 0.21455684304237366
0.3012990951538086 0.2873542308807373 0.2367030680179596
0.26399731636047363 0.25291672348976135 0.20286284387111664
0.30357956886291504 0.28962242603302 0.24252741038799286
0.2605840563774109 0.2479081004858017 0.2023356556892395
